#!ascii label  , from subject sub001 vox2ras=TkReg
1633
62305  -42.341  -12.472  36.923 0.0000000000
56097  -26.754  -16.143  48.720 0.0000000000
66308  -48.272  -10.053  23.730 0.0000000000
64992  -37.061  -11.451  26.244 0.0000000000
66167  -46.442  -10.282  31.549 0.0000000000
58523  -35.737  -15.140  42.938 0.0000000000
52680  -31.944  -20.433  40.853 0.0000000000
56322  -32.358  -17.257  31.997 0.0000000000
59718  -20.915  -14.700  45.369 0.0000000000
80769  -52.260  2.498  29.279 0.0000000000
51585  -28.791  -21.188  38.329 0.0000000000
63608  -39.744  -12.067  31.428 0.0000000000
66235  -41.348  -9.323  28.157 0.0000000000
67406  -43.259  -8.142  33.522 0.0000000000
57383  -40.095  -15.843  39.948 0.0000000000
57414  -34.600  -16.207  36.966 0.0000000000
58720  -37.802  -15.441  33.625 0.0000000000
59957  -34.750  -14.326  28.686 0.0000000000
83260  -52.717  5.265  24.735 0.0000000000
57253  -23.737  -16.650  48.296 0.0000000000
55014  -24.269  -18.276  41.291 0.0000000000
52631  -26.972  -19.958  44.656 0.0000000000
63680  -48.196  -11.045  26.824 0.0000000000
60888  -31.225  -12.736  46.315 0.0000000000
54979  -28.638  -18.080  44.577 0.0000000000
58579  -29.583  -15.571  40.558 0.0000000000
53887  -30.151  -19.265  35.791 0.0000000000
56163  -18.109  -17.597  44.780 0.0000000000
66149  -51.408  -9.518  32.860 0.0000000000
67505  -52.441  -8.174  27.855 0.0000000000
74648  -54.596  -2.444  29.221 0.0000000000
72362  -49.509  -4.138  25.584 0.0000000000
77085  -47.275  0.124  22.857 0.0000000000
56241  -20.340  -18.122  38.760 0.0000000000
50299  -32.106  -22.560  43.384 0.0000000000
62333  -40.941  -12.509  34.452 0.0000000000
66122  -41.593  -10.209  33.326 0.0000000000
64808  -42.725  -10.558  36.186 0.0000000000
58639  -41.310  -15.163  38.064 0.0000000000
57440  -38.254  -16.525  36.394 0.0000000000
59883  -39.764  -14.639  34.684 0.0000000000
61143  -38.885  -14.065  32.253 0.0000000000
65071  -46.421  -10.406  21.147 0.0000000000
67531  -45.598  -8.222  22.991 0.0000000000
54899  -25.534  -17.188  49.053 0.0000000000
54966  -25.381  -18.813  46.023 0.0000000000
54939  -26.675  -18.513  47.473 0.0000000000
65026  -38.212  -10.095  24.441 0.0000000000
66188  -44.184  -9.545  29.585 0.0000000000
64979  -42.888  -10.139  27.414 0.0000000000
64972  -45.214  -11.080  28.643 0.0000000000
63678  -46.318  -11.658  26.637 0.0000000000
63651  -47.119  -11.726  29.444 0.0000000000
59729  -34.202  -14.355  44.180 0.0000000000
59747  -31.090  -13.939  43.503 0.0000000000
59793  -32.707  -14.518  41.605 0.0000000000
56286  -33.754  -16.949  34.349 0.0000000000
57449  -31.541  -16.600  35.672 0.0000000000
55106  -31.222  -18.199  33.488 0.0000000000
62411  -35.720  -12.919  27.231 0.0000000000
67456  -52.776  -8.749  30.413 0.0000000000
73562  -52.517  -3.432  26.891 0.0000000000
77043  -50.635  -0.612  26.633 0.0000000000
75843  -48.395  -1.723  24.280 0.0000000000
79598  -49.975  1.549  25.952 0.0000000000
82084  -50.670  3.050  21.455 0.0000000000
59690  -18.644  -15.015  45.039 0.0000000000
56194  -19.091  -17.618  41.497 0.0000000000
57330  -21.023  -15.967  42.180 0.0000000000
53838  -26.246  -19.278  39.596 0.0000000000
53851  -24.517  -18.538  37.795 0.0000000000
52735  -26.902  -20.038  35.589 0.0000000000
53798  -30.676  -19.635  42.753 0.0000000000
52623  -31.174  -21.469  45.271 0.0000000000
52657  -33.138  -21.312  43.436 0.0000000000
63656  -38.314  -12.066  28.483 0.0000000000
66256  -39.436  -10.027  27.339 0.0000000000
66185  -40.281  -9.805  30.136 0.0000000000
67435  -42.609  -8.736  31.655 0.0000000000
68573  -44.975  -7.911  32.453 0.0000000000
58565  -37.610  -15.662  41.334 0.0000000000
58611  -34.900  -15.378  39.658 0.0000000000
57397  -36.984  -16.590  37.892 0.0000000000
56274  -35.914  -16.601  35.328 0.0000000000
57494  -34.512  -16.214  32.457 0.0000000000
58757  -33.260  -15.527  30.339 0.0000000000
59924  -36.316  -14.734  31.155 0.0000000000
61183  -37.453  -13.669  29.777 0.0000000000
83214  -51.878  4.674  27.936 0.0000000000
85537  -53.727  6.797  28.295 0.0000000000
58461  -22.205  -15.587  46.721 0.0000000000
57332  -22.760  -16.589  42.756 0.0000000000
56174  -23.865  -17.593  44.831 0.0000000000
53794  -25.829  -18.843  42.248 0.0000000000
52664  -28.043  -19.879  41.545 0.0000000000
66281  -40.442  -9.569  25.425 0.0000000000
62449  -47.655  -12.252  24.383 0.0000000000
63708  -49.097  -11.105  24.503 0.0000000000
60836  -28.254  -13.852  47.499 0.0000000000
57273  -27.747  -17.221  46.359 0.0000000000
59723  -28.148  -14.752  44.586 0.0000000000
57347  -28.753  -16.381  42.175 0.0000000000
55029  -29.312  -18.268  40.135 0.0000000000
58632  -32.077  -15.356  38.864 0.0000000000
56251  -29.923  -17.023  37.561 0.0000000000
53857  -30.697  -19.897  38.169 0.0000000000
64742  -44.605  -10.097  38.417 0.0000000000
60807  -28.243  -13.451  49.968 0.0000000000
59662  -33.981  -13.378  46.749 0.0000000000
58481  -36.084  -14.448  44.830 0.0000000000
68509  -44.173  -7.657  36.865 0.0000000000
69650  -46.150  -6.387  34.920 0.0000000000
68558  -47.616  -8.151  33.363 0.0000000000
68525  -50.139  -7.704  35.328 0.0000000000
64855  -48.576  -10.190  33.315 0.0000000000
66192  -49.765  -10.115  30.736 0.0000000000
66260  -50.056  -9.592  27.778 0.0000000000
67522  -50.212  -8.791  25.967 0.0000000000
71109  -54.995  -5.034  27.809 0.0000000000
69813  -51.479  -6.370  26.633 0.0000000000
69837  -48.129  -7.058  25.196 0.0000000000
71179  -46.717  -5.377  23.970 0.0000000000
82027  -49.798  3.403  24.130 0.0000000000
53792  -18.398  -19.866  42.698 0.0000000000
52733  -19.319  -20.420  36.578 0.0000000000
55039  -22.716  -17.696  39.948 0.0000000000
53881  -21.663  -18.694  36.370 0.0000000000
52608  -28.831  -20.510  46.006 0.0000000000
51506  -29.313  -21.253  44.008 0.0000000000
51555  -30.203  -21.779  41.203 0.0000000000
50335  -32.435  -22.913  40.935 0.0000000000
62320  -41.649  -12.490  35.565 0.0000000000
63548  -41.704  -11.705  35.402 0.0000000000
63549  -42.072  -11.804  36.193 0.0000000000
59850  -42.036  -13.809  37.217 0.0000000000
58675  -41.059  -14.626  36.610 0.0000000000
59871  -41.346  -14.005  36.007 0.0000000000
61107  -40.884  -13.453  34.923 0.0000000000
65044  -48.489  -10.672  23.210 0.0000000000
66320  -47.267  -10.277  22.695 0.0000000000
66330  -46.260  -10.150  21.626 0.0000000000
67532  -46.490  -8.548  23.785 0.0000000000
54902  -26.203  -16.625  49.049 0.0000000000
54925  -25.836  -18.033  48.161 0.0000000000
56128  -26.657  -17.873  47.732 0.0000000000
65024  -36.027  -11.065  24.470 0.0000000000
65011  -37.921  -10.540  25.497 0.0000000000
66165  -45.219  -9.669  30.500 0.0000000000
66217  -44.512  -10.089  29.092 0.0000000000
64933  -45.685  -11.043  30.140 0.0000000000
63650  -46.411  -11.727  29.233 0.0000000000
63610  -46.734  -11.373  30.803 0.0000000000
58502  -35.076  -14.668  43.391 0.0000000000
59749  -33.320  -14.086  43.336 0.0000000000
59773  -34.549  -14.579  42.322 0.0000000000
56312  -33.152  -17.298  33.049 0.0000000000
56300  -32.531  -17.530  33.516 0.0000000000
56310  -31.766  -17.775  32.399 0.0000000000
55122  -30.925  -18.749  32.355 0.0000000000
63673  -36.385  -12.024  26.322 0.0000000000
62434  -35.252  -12.294  25.918 0.0000000000
63689  -36.022  -11.741  25.721 0.0000000000
77026  -52.531  -0.376  28.248 0.0000000000
79584  -51.542  1.403  27.899 0.0000000000
78327  -50.758  0.342  26.810 0.0000000000
79583  -51.033  1.858  27.250 0.0000000000
59716  -19.452  -14.839  44.624 0.0000000000
58514  -19.262  -15.684  43.233 0.0000000000
58494  -20.283  -14.968  44.100 0.0000000000
52707  -27.712  -19.896  38.418 0.0000000000
53870  -26.903  -19.556  38.100 0.0000000000
52737  -28.148  -20.677  36.878 0.0000000000
52747  -28.084  -20.778  36.046 0.0000000000
51595  -28.736  -21.381  37.418 0.0000000000
53813  -31.297  -20.056  41.770 0.0000000000
53799  -31.618  -20.348  43.158 0.0000000000
52668  -32.963  -20.968  42.238 0.0000000000
63648  -38.905  -12.168  29.701 0.0000000000
64955  -39.014  -11.209  29.352 0.0000000000
64902  -39.576  -11.470  30.947 0.0000000000
66144  -41.998  -9.515  32.973 0.0000000000
66164  -41.906  -9.336  32.127 0.0000000000
67420  -42.512  -8.952  32.468 0.0000000000
67436  -43.638  -8.543  31.183 0.0000000000
68555  -44.088  -7.681  32.931 0.0000000000
57363  -38.855  -16.048  40.449 0.0000000000
58614  -37.738  -16.156  39.583 0.0000000000
57381  -38.763  -16.405  39.363 0.0000000000
57470  -38.266  -15.889  34.829 0.0000000000
57456  -37.404  -16.402  35.554 0.0000000000
57468  -36.398  -16.354  34.543 0.0000000000
57467  -35.517  -16.547  34.317 0.0000000000
58718  -36.165  -15.734  33.353 0.0000000000
58749  -34.928  -15.664  31.619 0.0000000000
58751  -36.694  -15.267  32.076 0.0000000000
62371  -39.521  -13.087  31.699 0.0000000000
61175  -38.369  -13.883  30.849 0.0000000000
62388  -38.589  -13.308  30.300 0.0000000000
62406  -37.968  -12.653  28.909 0.0000000000
57261  -23.013  -16.230  47.893 0.0000000000
57284  -23.454  -17.044  45.660 0.0000000000
57272  -23.686  -17.161  46.549 0.0000000000
53769  -26.289  -19.667  45.004 0.0000000000
53768  -25.689  -19.274  44.390 0.0000000000
53781  -26.509  -19.620  43.924 0.0000000000
53810  -27.179  -19.559  42.163 0.0000000000
52654  -27.892  -20.079  42.737 0.0000000000
66257  -40.410  -9.537  27.273 0.0000000000
66271  -39.603  -9.762  26.425 0.0000000000
66258  -41.435  -9.500  27.106 0.0000000000
64996  -43.537  -10.472  26.270 0.0000000000
65013  -42.808  -10.109  25.600 0.0000000000
65029  -43.606  -10.326  24.259 0.0000000000
62423  -47.295  -11.769  26.681 0.0000000000
62436  -46.999  -12.207  25.030 0.0000000000
63694  -48.086  -11.636  25.587 0.0000000000
63707  -48.679  -11.701  24.364 0.0000000000
65016  -49.179  -10.746  25.713 0.0000000000
60863  -30.118  -12.723  47.347 0.0000000000
60885  -28.512  -14.082  45.865 0.0000000000
60911  -30.031  -13.673  45.592 0.0000000000
59790  -29.866  -14.636  41.841 0.0000000000
59768  -29.411  -14.605  42.590 0.0000000000
58557  -29.221  -15.355  41.619 0.0000000000
56210  -28.884  -17.470  41.681 0.0000000000
57360  -28.918  -16.732  40.150 0.0000000000
58635  -35.166  -15.625  38.561 0.0000000000
58610  -33.844  -14.962  39.647 0.0000000000
58654  -33.272  -15.616  37.926 0.0000000000
56267  -29.980  -17.560  35.918 0.0000000000
56260  -30.381  -16.643  36.741 0.0000000000
55072  -29.637  -17.951  37.013 0.0000000000
53856  -29.836  -19.099  38.120 0.0000000000
59945  -33.875  -14.654  29.271 0.0000000000
59682  -34.879  -13.472  46.269 0.0000000000
59775  -39.404  -14.464  42.439 0.0000000000
67340  -44.133  -8.560  37.890 0.0000000000
69615  -45.514  -5.771  36.469 0.0000000000
69631  -47.044  -6.252  35.622 0.0000000000
69651  -47.371  -6.831  34.728 0.0000000000
69632  -48.168  -6.523  35.532 0.0000000000
66104  -50.359  -9.200  34.529 0.0000000000
66103  -49.422  -9.373  34.567 0.0000000000
64882  -49.822  -10.137  33.161 0.0000000000
64909  -48.912  -10.639  31.985 0.0000000000
66168  -50.278  -10.013  31.632 0.0000000000
66243  -52.596  -8.601  29.024 0.0000000000
66222  -51.325  -9.278  29.668 0.0000000000
66262  -51.337  -8.677  27.291 0.0000000000
66275  -50.586  -8.992  26.435 0.0000000000
67516  -51.530  -8.098  26.922 0.0000000000
73541  -54.883  -3.568  28.306 0.0000000000
73561  -51.766  -3.291  26.438 0.0000000000
72348  -52.157  -4.224  26.810 0.0000000000
71156  -50.184  -4.546  25.961 0.0000000000
69839  -49.369  -6.218  25.991 0.0000000000
71154  -48.533  -5.597  25.438 0.0000000000
71167  -47.015  -6.137  24.499 0.0000000000
72372  -48.219  -3.996  24.843 0.0000000000
77075  -47.996  -1.238  23.873 0.0000000000
74752  -46.903  -2.976  23.054 0.0000000000
75879  -46.593  -1.497  22.515 0.0000000000
84467  -52.132  5.326  26.393 0.0000000000
83244  -50.931  4.180  25.871 0.0000000000
83279  -51.126  4.532  24.508 0.0000000000
57357  -19.517  -17.502  40.511 0.0000000000
55011  -18.967  -18.910  40.966 0.0000000000
55037  -19.699  -18.688  39.081 0.0000000000
52719  -19.361  -19.934  37.731 0.0000000000
53865  -20.159  -19.075  37.714 0.0000000000
56196  -23.343  -17.188  42.466 0.0000000000
56207  -22.560  -16.933  41.547 0.0000000000
55027  -23.477  -17.799  40.720 0.0000000000
53883  -23.339  -18.873  36.442 0.0000000000
52790  -24.343  -20.551  32.573 0.0000000000
56166  -28.390  -17.821  45.312 0.0000000000
54954  -28.410  -18.732  46.457 0.0000000000
53758  -29.597  -19.889  45.744 0.0000000000
50268  -31.845  -21.986  44.645 0.0000000000
50281  -30.539  -22.178  45.020 0.0000000000
51523  -30.721  -22.092  43.645 0.0000000000
51537  -29.662  -21.283  42.032 0.0000000000
50316  -31.315  -22.329  42.932 0.0000000000
49165  -32.082  -23.143  39.863 0.0000000000
63589  -40.429  -12.352  33.066 0.0000000000
64876  -40.624  -11.434  32.784 0.0000000000
64851  -40.960  -11.245  33.393 0.0000000000
64853  -41.773  -10.590  34.490 0.0000000000
66100  -42.755  -9.611  35.082 0.0000000000
58638  -40.657  -15.672  38.578 0.0000000000
57400  -39.368  -16.437  38.695 0.0000000000
58659  -40.511  -15.599  37.502 0.0000000000
58688  -39.606  -15.370  35.512 0.0000000000
58721  -38.647  -15.128  33.663 0.0000000000
59911  -37.925  -14.740  32.333 0.0000000000
59897  -39.417  -14.511  33.709 0.0000000000
61145  -39.784  -13.689  33.165 0.0000000000
67536  -44.974  -8.110  22.343 0.0000000000
56125  -24.407  -16.956  48.678 0.0000000000
56154  -24.593  -18.184  46.728 0.0000000000
54924  -25.332  -18.205  47.739 0.0000000000
53727  -26.083  -19.017  46.664 0.0000000000
52618  -26.839  -20.124  45.718 0.0000000000
67473  -42.945  -8.933  29.680 0.0000000000
66236  -42.647  -9.701  27.996 0.0000000000
66237  -43.846  -9.960  28.482 0.0000000000
64971  -44.498  -10.590  28.245 0.0000000000
63658  -44.937  -11.093  27.402 0.0000000000
63677  -45.680  -11.413  26.077 0.0000000000
63669  -46.242  -11.596  27.635 0.0000000000
62407  -46.725  -11.814  28.117 0.0000000000
63661  -47.382  -11.565  28.412 0.0000000000
59702  -32.557  -13.667  45.134 0.0000000000
59726  -30.664  -13.958  44.585 0.0000000000
59748  -32.214  -13.773  43.399 0.0000000000
59770  -31.441  -14.018  42.388 0.0000000000
59812  -31.230  -14.728  40.875 0.0000000000
57451  -33.553  -16.558  35.544 0.0000000000
57434  -33.010  -16.230  36.302 0.0000000000
56269  -31.955  -16.947  34.924 0.0000000000
56283  -30.714  -17.872  34.707 0.0000000000
55097  -30.237  -18.332  35.137 0.0000000000
52761  -30.572  -20.215  34.103 0.0000000000
53909  -30.499  -19.357  33.614 0.0000000000
61198  -35.513  -13.421  27.749 0.0000000000
61210  -34.426  -13.207  26.742 0.0000000000
67426  -52.570  -8.729  32.706 0.0000000000
66170  -52.238  -9.006  32.046 0.0000000000
67440  -53.426  -8.421  31.706 0.0000000000
67476  -53.862  -8.180  29.652 0.0000000000
67488  -54.135  -7.670  28.878 0.0000000000
77010  -54.203  -0.889  29.512 0.0000000000
74666  -54.618  -2.439  28.490 0.0000000000
75764  -53.556  -1.198  28.302 0.0000000000
75805  -52.446  -1.789  27.206 0.0000000000
74692  -50.605  -2.411  26.172 0.0000000000
74734  -48.845  -2.489  24.907 0.0000000000
75802  -49.720  -1.376  25.758 0.0000000000
77058  -49.195  -0.646  25.298 0.0000000000
78346  -48.471  0.608  24.425 0.0000000000
83282  -54.094  4.483  23.765 0.0000000000
83300  -52.358  4.445  23.333 0.0000000000
82064  -53.162  3.404  22.384 0.0000000000
57282  -18.002  -16.699  45.038 0.0000000000
56184  -18.323  -17.701  43.311 0.0000000000
58513  -18.699  -16.228  43.073 0.0000000000
57328  -19.140  -16.767  41.862 0.0000000000
57359  -20.700  -16.671  40.605 0.0000000000
53823  -25.580  -18.980  40.171 0.0000000000
55041  -24.021  -18.429  39.167 0.0000000000
53852  -25.387  -18.853  38.098 0.0000000000
53885  -25.286  -19.214  36.105 0.0000000000
53899  -25.501  -19.478  35.044 0.0000000000
52774  -25.837  -20.154  33.406 0.0000000000
52760  -27.194  -20.896  34.249 0.0000000000
53783  -29.971  -19.343  43.616 0.0000000000
53770  -30.080  -19.550  44.763 0.0000000000
53785  -31.472  -20.587  44.451 0.0000000000
52636  -32.358  -21.632  44.677 0.0000000000
51498  -33.229  -22.198  44.444 0.0000000000
63675  -37.527  -11.616  27.306 0.0000000000
64993  -37.687  -11.080  26.626 0.0000000000
64967  -38.577  -11.107  28.449 0.0000000000
64968  -39.403  -10.399  28.895 0.0000000000
66214  -41.158  -9.306  29.393 0.0000000000
66163  -41.064  -9.822  31.713 0.0000000000
66186  -41.294  -9.368  30.594 0.0000000000
67472  -42.101  -8.805  29.697 0.0000000000
67437  -44.997  -9.041  30.937 0.0000000000
67438  -45.714  -9.412  31.346 0.0000000000
58546  -36.820  -15.265  42.435 0.0000000000
58563  -35.553  -15.190  41.694 0.0000000000
58586  -36.764  -15.614  40.390 0.0000000000
58612  -36.008  -15.633  39.446 0.0000000000
58657  -35.943  -16.242  37.388 0.0000000000
57419  -38.066  -16.726  37.333 0.0000000000
57438  -36.364  -16.533  36.277 0.0000000000
57436  -34.914  -16.487  36.213 0.0000000000
56287  -34.594  -16.737  34.543 0.0000000000
57482  -34.152  -16.760  33.300 0.0000000000
57493  -33.622  -16.813  32.701 0.0000000000
57507  -32.443  -16.020  30.402 0.0000000000
58748  -34.274  -15.833  31.279 0.0000000000
58768  -34.511  -15.062  30.300 0.0000000000
59947  -35.746  -14.509  29.784 0.0000000000
59939  -37.547  -14.441  30.956 0.0000000000
59948  -36.619  -14.276  29.971 0.0000000000
59959  -36.266  -14.129  29.357 0.0000000000
62404  -36.683  -13.129  28.227 0.0000000000
62413  -37.107  -12.534  27.967 0.0000000000
81972  -51.984  3.528  28.686 0.0000000000
83198  -52.522  4.705  29.137 0.0000000000
84426  -52.640  5.510  28.340 0.0000000000
84449  -53.723  6.083  26.990 0.0000000000
84470  -54.820  5.456  25.690 0.0000000000
83263  -55.631  4.283  24.771 0.0000000000
58474  -21.565  -15.119  45.552 0.0000000000
58517  -21.887  -15.673  44.172 0.0000000000
57299  -22.547  -16.239  44.328 0.0000000000
56185  -23.687  -17.513  43.679 0.0000000000
55001  -23.927  -17.927  42.872 0.0000000000
54964  -24.366  -18.111  44.982 0.0000000000
54991  -24.469  -18.333  43.418 0.0000000000
53793  -25.017  -18.599  41.775 0.0000000000
53824  -26.316  -19.299  40.618 0.0000000000
53839  -27.118  -19.431  40.012 0.0000000000
52692  -28.458  -20.525  39.768 0.0000000000
65012  -38.893  -9.919  25.438 0.0000000000
66290  -39.390  -9.609  24.747 0.0000000000
66259  -42.214  -9.790  26.844 0.0000000000
63718  -48.751  -11.590  23.426 0.0000000000
65032  -49.180  -10.365  24.321 0.0000000000
59640  -27.651  -14.506  48.288 0.0000000000
57254  -27.173  -16.312  47.839 0.0000000000
58463  -27.692  -15.355  46.790 0.0000000000
58479  -27.728  -15.563  46.050 0.0000000000
57319  -27.808  -16.707  44.262 0.0000000000
59725  -29.703  -14.048  44.251 0.0000000000
58541  -28.362  -15.484  43.108 0.0000000000
56197  -28.430  -17.450  42.948 0.0000000000
55004  -29.173  -18.401  42.227 0.0000000000
53812  -30.265  -19.312  41.380 0.0000000000
53826  -30.339  -19.414  40.067 0.0000000000
59814  -34.158  -14.575  40.938 0.0000000000
58582  -32.424  -14.798  40.394 0.0000000000
58607  -30.903  -15.245  39.662 0.0000000000
57411  -30.981  -15.847  37.529 0.0000000000
57395  -30.634  -15.764  38.410 0.0000000000
57378  -29.248  -16.417  39.697 0.0000000000
55042  -29.382  -18.309  39.070 0.0000000000
53841  -30.093  -19.351  39.038 0.0000000000
57517  -31.487  -15.954  29.412 0.0000000000
61050  -42.943  -12.545  38.009 0.0000000000
62286  -43.637  -11.491  38.097 0.0000000000
58459  -17.830  -15.233  46.221 0.0000000000
59672  -20.595  -14.147  46.472 0.0000000000
59654  -21.393  -14.604  47.679 0.0000000000
58435  -22.057  -15.000  47.885 0.0000000000
56083  -24.619  -16.033  50.012 0.0000000000
57232  -25.600  -15.976  49.942 0.0000000000
57222  -26.884  -15.054  49.730 0.0000000000
58413  -27.526  -14.842  49.306 0.0000000000
59628  -28.466  -13.673  49.012 0.0000000000
60838  -30.277  -12.830  48.199 0.0000000000
60864  -31.387  -12.616  47.233 0.0000000000
59644  -32.770  -12.879  47.360 0.0000000000
59660  -32.554  -13.014  46.885 0.0000000000
59680  -33.374  -13.581  46.086 0.0000000000
59730  -34.894  -14.406  44.608 0.0000000000
58504  -36.180  -14.948  43.930 0.0000000000
58525  -36.877  -14.902  43.288 0.0000000000
58547  -37.971  -15.110  42.686 0.0000000000
58567  -39.505  -15.160  41.626 0.0000000000
59832  -43.028  -13.500  38.853 0.0000000000
64786  -43.407  -10.565  36.935 0.0000000000
67356  -43.771  -9.134  36.602 0.0000000000
67390  -43.975  -8.091  35.436 0.0000000000
70949  -44.504  -5.704  37.554 0.0000000000
69629  -44.754  -6.513  36.122 0.0000000000
68540  -44.356  -7.269  34.653 0.0000000000
68556  -45.151  -7.209  33.424 0.0000000000
68575  -46.881  -8.074  32.882 0.0000000000
67424  -46.959  -8.926  32.770 0.0000000000
68543  -49.002  -8.366  34.920 0.0000000000
66124  -48.037  -9.792  33.296 0.0000000000
64879  -47.389  -10.705  32.224 0.0000000000
63634  -47.697  -11.272  30.996 0.0000000000
64959  -48.206  -10.854  29.801 0.0000000000
64973  -48.360  -10.554  28.812 0.0000000000
66193  -50.783  -9.525  30.755 0.0000000000
66240  -49.565  -9.652  28.688 0.0000000000
64983  -49.342  -9.990  27.410 0.0000000000
64999  -49.600  -10.317  26.291 0.0000000000
66297  -49.691  -9.775  25.019 0.0000000000
66285  -49.146  -9.100  25.074 0.0000000000
68645  -55.127  -6.648  28.825 0.0000000000
68664  -53.509  -7.108  27.817 0.0000000000
72331  -53.680  -4.346  27.330 0.0000000000
69815  -53.332  -5.924  27.313 0.0000000000
68676  -52.335  -7.195  27.240 0.0000000000
68674  -50.288  -7.524  26.332 0.0000000000
68681  -48.587  -7.671  25.407 0.0000000000
67527  -47.425  -8.584  24.380 0.0000000000
68696  -46.364  -7.425  24.113 0.0000000000
69875  -45.637  -6.557  23.447 0.0000000000
71190  -45.343  -5.421  22.957 0.0000000000
73595  -47.691  -3.385  24.179 0.0000000000
73611  -46.090  -3.922  23.129 0.0000000000
72388  -44.952  -4.805  22.309 0.0000000000
81998  -50.817  3.221  26.832 0.0000000000
80800  -49.628  2.292  24.814 0.0000000000
79614  -48.713  1.694  23.812 0.0000000000
82043  -49.794  3.431  22.956 0.0000000000
80845  -48.583  2.417  21.931 0.0000000000
78376  -47.043  0.990  21.861 0.0000000000
55000  -18.641  -18.913  41.994 0.0000000000
57316  -21.502  -15.836  42.842 0.0000000000
56206  -21.609  -16.764  40.981 0.0000000000
56243  -21.462  -17.480  38.840 0.0000000000
55056  -23.316  -18.096  38.414 0.0000000000
55069  -22.534  -18.118  37.607 0.0000000000
55067  -20.860  -18.357  37.586 0.0000000000
53894  -21.080  -19.174  35.999 0.0000000000
54940  -27.718  -18.711  47.067 0.0000000000
53742  -27.697  -19.883  46.534 0.0000000000
52633  -28.346  -20.601  45.246 0.0000000000
52621  -29.978  -20.849  45.717 0.0000000000
51494  -29.302  -21.335  45.152 0.0000000000
52645  -28.476  -20.706  44.511 0.0000000000
52665  -28.883  -20.503  42.137 0.0000000000
51554  -29.496  -21.218  40.767 0.0000000000
51570  -29.530  -21.441  39.647 0.0000000000
51510  -33.856  -22.282  44.122 0.0000000000
50284  -32.876  -22.586  43.852 0.0000000000
50317  -32.049  -22.638  42.208 0.0000000000
50334  -31.907  -22.761  40.736 0.0000000000
50358  -29.990  -21.975  39.069 0.0000000000
51596  -29.063  -21.787  37.960 0.0000000000
62321  -41.936  -12.865  36.199 0.0000000000
61049  -42.529  -13.052  37.693 0.0000000000
59860  -41.804  -13.795  36.698 0.0000000000
61065  -41.982  -13.352  36.633 0.0000000000
61085  -41.495  -13.499  35.820 0.0000000000
65043  -47.744  -10.367  22.826 0.0000000000
66307  -47.373  -9.751  23.436 0.0000000000
56096  -26.491  -16.281  48.980 0.0000000000
54927  -26.359  -17.255  48.547 0.0000000000
56113  -26.834  -16.404  48.378 0.0000000000
65010  -36.858  -11.196  25.534 0.0000000000
65025  -37.099  -10.559  24.525 0.0000000000
66166  -45.864  -10.014  31.005 0.0000000000
66190  -45.495  -10.279  30.339 0.0000000000
64905  -45.980  -10.741  30.703 0.0000000000
64934  -46.281  -11.183  30.642 0.0000000000
64906  -46.543  -10.904  31.235 0.0000000000
57304  -35.470  -14.874  43.278 0.0000000000
58522  -35.082  -14.720  42.956 0.0000000000
57335  -35.496  -15.020  42.871 0.0000000000
56311  -32.455  -17.526  32.747 0.0000000000
63690  -36.666  -11.643  26.115 0.0000000000
65009  -36.187  -11.385  25.176 0.0000000000
79577  -52.569  1.502  29.296 0.0000000000
78298  -52.236  1.011  28.421 0.0000000000
79576  -51.903  1.936  28.669 0.0000000000
80778  -51.360  2.376  28.014 0.0000000000
59717  -20.273  -14.584  44.940 0.0000000000
52708  -28.364  -20.524  38.842 0.0000000000
52723  -28.290  -20.526  37.865 0.0000000000
52667  -32.214  -20.499  42.011 0.0000000000
52681  -32.739  -20.780  41.151 0.0000000000
63630  -39.339  -12.376  30.648 0.0000000000
67388  -42.736  -8.915  34.155 0.0000000000
67405  -42.642  -8.930  33.240 0.0000000000
67421  -43.365  -8.248  32.345 0.0000000000
57364  -39.634  -15.887  40.397 0.0000000000
57382  -39.487  -16.204  39.685 0.0000000000
58702  -37.332  -15.770  34.252 0.0000000000
57469  -37.670  -16.115  34.821 0.0000000000
57484  -36.190  -16.069  33.798 0.0000000000
58719  -36.867  -15.663  33.632 0.0000000000
58737  -36.750  -15.493  32.782 0.0000000000
62389  -39.025  -13.238  30.777 0.0000000000
62399  -38.927  -12.868  30.158 0.0000000000
57262  -23.674  -16.874  47.390 0.0000000000
53782  -27.079  -19.754  43.837 0.0000000000
53796  -27.152  -19.629  43.248 0.0000000000
52644  -27.592  -20.135  43.958 0.0000000000
64997  -44.279  -10.740  25.919 0.0000000000
65014  -43.548  -10.413  25.279 0.0000000000
63670  -47.586  -11.466  27.318 0.0000000000
63679  -47.881  -11.520  26.200 0.0000000000
63695  -48.597  -11.326  25.469 0.0000000000
62123  -30.734  -12.676  46.559 0.0000000000
60886  -29.278  -13.631  46.151 0.0000000000
58558  -29.916  -14.942  41.185 0.0000000000
57361  -28.984  -16.526  40.860 0.0000000000
58655  -34.327  -15.800  37.804 0.0000000000
58634  -34.075  -15.441  38.733 0.0000000000
57413  -33.612  -16.011  37.058 0.0000000000
55086  -29.885  -18.425  35.840 0.0000000000
55085  -29.734  -17.950  36.207 0.0000000000
55073  -29.820  -18.658  36.539 0.0000000000
59956  -33.778  -14.367  28.572 0.0000000000
67410  -51.785  -8.631  33.817 0.0000000000
67392  -50.906  -8.703  34.664 0.0000000000
66105  -51.037  -8.836  34.409 0.0000000000
64833  -50.111  -9.742  34.093 0.0000000000
66126  -50.510  -9.705  33.586 0.0000000000
66148  -50.508  -9.913  32.572 0.0000000000
67486  -52.521  -8.479  28.524 0.0000000000
74647  -54.113  -2.449  29.564 0.0000000000
73530  -54.562  -3.472  29.105 0.0000000000
73531  -54.846  -3.480  28.765 0.0000000000
72363  -50.181  -3.713  25.833 0.0000000000
72347  -51.045  -4.220  26.348 0.0000000000
71155  -49.547  -5.195  25.843 0.0000000000
72361  -48.758  -4.557  25.362 0.0000000000
71169  -48.135  -4.809  24.951 0.0000000000
73576  -48.858  -3.676  25.206 0.0000000000
77074  -47.563  -0.520  23.506 0.0000000000
75859  -47.064  -1.068  23.142 0.0000000000
77084  -46.912  -0.558  22.766 0.0000000000
84486  -52.603  5.440  25.596 0.0000000000
83259  -51.713  5.093  25.185 0.0000000000
54976  -18.246  -18.411  44.220 0.0000000000
56218  -19.919  -17.482  39.766 0.0000000000
56228  -19.668  -18.308  39.529 0.0000000000
53849  -19.648  -19.290  38.394 0.0000000000
53850  -20.045  -18.904  38.231 0.0000000000
55013  -23.787  -17.862  41.876 0.0000000000
55028  -24.138  -18.341  40.198 0.0000000000
52789  -23.354  -20.293  32.610 0.0000000000
54967  -28.870  -18.773  45.464 0.0000000000
54968  -29.481  -19.280  45.131 0.0000000000
50283  -31.962  -22.297  44.159 0.0000000000
50282  -31.067  -22.219  44.561 0.0000000000
50298  -31.325  -22.338  43.899 0.0000000000
63579  -40.781  -11.859  33.774 0.0000000000
63565  -40.973  -11.981  34.320 0.0000000000
64807  -41.965  -11.096  35.593 0.0000000000
64829  -41.642  -11.109  34.894 0.0000000000
64830  -42.105  -10.435  35.068 0.0000000000
66076  -43.067  -9.852  35.751 0.0000000000
58689  -40.329  -14.815  35.733 0.0000000000
58674  -40.589  -15.019  36.397 0.0000000000
58704  -38.827  -15.544  34.706 0.0000000000
58705  -39.347  -15.047  34.536 0.0000000000
58722  -39.093  -15.102  34.122 0.0000000000
59898  -39.903  -14.277  34.228 0.0000000000
61126  -40.101  -13.791  33.816 0.0000000000
62343  -40.524  -12.872  33.806 0.0000000000
62353  -40.014  -13.168  32.890 0.0000000000
65072  -47.202  -11.042  21.120 0.0000000000
66306  -45.958  -9.131  22.957 0.0000000000
56110  -25.126  -17.144  49.030 0.0000000000
56126  -25.104  -17.694  48.389 0.0000000000
56127  -25.656  -17.694  48.619 0.0000000000
54938  -25.903  -18.625  47.263 0.0000000000
53728  -26.524  -19.344  46.925 0.0000000000
52606  -26.538  -19.792  46.374 0.0000000000
52594  -26.817  -20.133  46.727 0.0000000000
65038  -37.256  -10.111  23.565 0.0000000000
67474  -43.422  -9.140  29.678 0.0000000000
66216  -43.473  -9.414  29.200 0.0000000000
64958  -45.182  -10.847  29.186 0.0000000000
64957  -44.735  -10.521  28.868 0.0000000000
64981  -44.302  -10.720  26.946 0.0000000000
63668  -45.608  -11.391  27.081 0.0000000000
63659  -45.493  -11.296  28.088 0.0000000000
62401  -46.832  -11.840  29.045 0.0000000000
62400  -46.677  -11.819  28.744 0.0000000000
62408  -47.010  -11.901  28.627 0.0000000000
59703  -33.296  -14.086  45.259 0.0000000000
59728  -32.909  -14.024  44.365 0.0000000000
59772  -33.519  -14.337  42.391 0.0000000000
59771  -32.507  -14.144  42.373 0.0000000000
59792  -31.700  -14.568  41.362 0.0000000000
58560  -32.166  -14.691  40.989 0.0000000000
56271  -34.086  -16.659  34.918 0.0000000000
56270  -33.121  -16.873  34.892 0.0000000000
56284  -31.487  -17.626  34.178 0.0000000000
55105  -30.664  -18.446  34.106 0.0000000000
55113  -30.798  -18.711  33.161 0.0000000000
61197  -34.534  -13.654  27.573 0.0000000000
61211  -35.111  -13.161  27.206 0.0000000000
68562  -53.220  -8.059  32.926 0.0000000000
67439  -52.877  -8.670  32.178 0.0000000000
68614  -54.310  -7.407  30.525 0.0000000000
67458  -54.186  -8.070  30.394 0.0000000000
67477  -54.410  -7.610  29.680 0.0000000000
67489  -54.755  -7.267  29.096 0.0000000000
79569  -53.367  0.899  29.950 0.0000000000
78262  -53.087  0.586  30.609 0.0000000000
78263  -53.393  0.362  30.203 0.0000000000
77009  -54.092  -0.553  29.228 0.0000000000
75765  -54.069  -1.387  28.464 0.0000000000
77008  -53.450  -0.651  28.605 0.0000000000
77044  -51.357  -0.319  27.197 0.0000000000
75781  -52.301  -1.272  27.470 0.0000000000
75804  -51.788  -1.434  27.049 0.0000000000
74693  -51.311  -2.398  26.479 0.0000000000
75803  -50.457  -1.684  26.233 0.0000000000
75827  -49.889  -1.829  25.743 0.0000000000
77042  -49.873  -0.828  26.097 0.0000000000
79590  -49.910  1.151  26.011 0.0000000000
78326  -49.867  0.317  26.083 0.0000000000
78338  -49.302  0.396  25.326 0.0000000000
77067  -48.847  0.120  24.908 0.0000000000
79597  -49.603  1.367  25.416 0.0000000000
82046  -54.546  3.705  23.344 0.0000000000
83301  -53.105  4.233  23.070 0.0000000000
58492  -18.452  -15.845  44.167 0.0000000000
58536  -20.060  -15.682  42.615 0.0000000000
58535  -19.274  -16.066  42.474 0.0000000000
57329  -19.967  -15.977  41.792 0.0000000000
57343  -19.898  -16.490  41.045 0.0000000000
57344  -20.819  -16.402  41.387 0.0000000000
53837  -25.494  -18.960  39.168 0.0000000000
53853  -26.151  -19.360  38.548 0.0000000000
52721  -26.850  -19.809  36.453 0.0000000000
53869  -26.138  -19.408  37.202 0.0000000000
53886  -26.182  -19.571  35.873 0.0000000000
53900  -26.277  -19.821  34.814 0.0000000000
51613  -28.203  -21.317  35.525 0.0000000000
53784  -30.841  -19.906  44.033 0.0000000000
52656  -32.462  -20.791  42.981 0.0000000000
52646  -32.232  -20.962  43.971 0.0000000000
52647  -32.719  -21.492  44.451 0.0000000000
51497  -32.888  -21.927  44.738 0.0000000000
51509  -33.468  -21.706  44.063 0.0000000000
64966  -38.216  -11.649  28.105 0.0000000000
64977  -38.078  -11.350  27.633 0.0000000000
64956  -39.563  -10.489  29.754 0.0000000000
66213  -40.043  -9.821  29.312 0.0000000000
64877  -41.112  -10.720  33.075 0.0000000000
64904  -40.860  -10.571  32.371 0.0000000000
66187  -41.853  -9.131  31.324 0.0000000000
67452  -41.738  -8.942  30.051 0.0000000000
67453  -42.482  -8.745  30.523 0.0000000000
67422  -44.523  -8.297  31.775 0.0000000000
67423  -45.823  -8.839  31.879 0.0000000000
58564  -36.394  -15.411  41.509 0.0000000000
58613  -37.098  -16.086  39.237 0.0000000000
58637  -36.934  -16.364  38.483 0.0000000000
58636  -36.287  -16.029  38.226 0.0000000000
57396  -36.451  -16.407  37.464 0.0000000000
57420  -39.168  -16.474  37.402 0.0000000000
57455  -36.430  -16.513  35.550 0.0000000000
57439  -37.244  -16.622  36.501 0.0000000000
57454  -35.854  -16.575  35.654 0.0000000000
57437  -35.667  -16.506  36.205 0.0000000000
56272  -34.905  -16.822  35.064 0.0000000000
56273  -35.525  -16.690  35.205 0.0000000000
57483  -35.341  -16.318  33.572 0.0000000000
56302  -34.396  -16.812  33.972 0.0000000000
57500  -33.336  -16.329  31.607 0.0000000000
57501  -34.252  -16.005  31.747 0.0000000000
58750  -35.908  -15.237  31.623 0.0000000000
58759  -34.876  -15.328  30.841 0.0000000000
58760  -35.397  -15.258  31.188 0.0000000000
59936  -35.144  -14.808  30.255 0.0000000000
59937  -35.823  -14.724  30.727 0.0000000000
59912  -38.553  -14.597  32.669 0.0000000000
59940  -38.063  -14.423  31.441 0.0000000000
61174  -37.775  -13.973  30.392 0.0000000000
59949  -37.254  -14.184  30.344 0.0000000000
61182  -36.779  -13.831  29.390 0.0000000000
61190  -36.457  -13.660  28.771 0.0000000000
61191  -37.136  -13.498  29.124 0.0000000000
63647  -38.501  -12.351  29.115 0.0000000000
62414  -37.722  -12.465  28.360 0.0000000000
63665  -37.220  -12.034  27.479 0.0000000000
85536  -53.092  6.398  28.906 0.0000000000
85557  -53.302  6.399  28.278 0.0000000000
84427  -53.257  6.157  27.753 0.0000000000
85558  -53.926  6.537  27.763 0.0000000000
84450  -54.469  6.053  26.514 0.0000000000
84451  -54.962  5.983  26.299 0.0000000000
83246  -54.977  5.155  25.315 0.0000000000
83247  -55.253  4.989  25.276 0.0000000000
58460  -21.714  -15.090  46.367 0.0000000000
58496  -22.093  -15.642  44.989 0.0000000000
58475  -22.233  -15.672  45.935 0.0000000000
57300  -23.298  -16.871  44.556 0.0000000000
54990  -24.067  -17.972  43.495 0.0000000000
54951  -25.004  -18.526  46.378 0.0000000000
56165  -24.633  -18.307  46.171 0.0000000000
54965  -24.802  -18.609  45.534 0.0000000000
53780  -25.823  -19.021  43.349 0.0000000000
53767  -25.113  -18.818  43.868 0.0000000000
53779  -25.126  -18.580  42.833 0.0000000000
53808  -25.699  -18.923  41.188 0.0000000000
53825  -27.142  -19.547  41.060 0.0000000000
52677  -27.938  -19.906  40.412 0.0000000000
52691  -27.844  -19.874  39.402 0.0000000000
64994  -38.702  -10.342  26.457 0.0000000000
66272  -40.508  -9.581  26.333 0.0000000000
66280  -39.757  -9.605  25.679 0.0000000000
64969  -42.956  -10.050  27.786 0.0000000000
65028  -42.835  -9.966  24.628 0.0000000000
63693  -46.398  -11.742  25.580 0.0000000000
62460  -48.292  -12.184  23.784 0.0000000000
65045  -49.021  -10.699  23.746 0.0000000000
59639  -27.485  -15.109  47.673 0.0000000000
59658  -27.783  -14.706  47.223 0.0000000000
60909  -28.489  -14.175  45.136 0.0000000000
59698  -27.982  -14.816  45.515 0.0000000000
58501  -27.585  -15.943  45.076 0.0000000000
58521  -27.938  -15.667  43.924 0.0000000000
59746  -30.069  -14.117  43.485 0.0000000000
58542  -28.802  -15.388  42.486 0.0000000000
59767  -28.771  -14.834  43.014 0.0000000000
57334  -28.483  -15.917  42.682 0.0000000000
57333  -28.137  -16.483  43.122 0.0000000000
57346  -28.462  -16.856  42.620 0.0000000000
55003  -28.810  -18.137  42.877 0.0000000000
56198  -28.766  -17.737  42.404 0.0000000000
56223  -28.927  -17.555  40.665 0.0000000000
55015  -29.401  -18.426  41.187 0.0000000000
55016  -29.858  -18.839  40.486 0.0000000000
58585  -35.710  -15.355  40.610 0.0000000000
58584  -34.698  -14.859  40.798 0.0000000000
58633  -33.022  -15.249  38.785 0.0000000000
58609  -32.758  -14.971  39.626 0.0000000000
58608  -31.805  -15.128  39.633 0.0000000000
57433  -31.895  -16.234  36.406 0.0000000000
57412  -32.467  -15.827  37.175 0.0000000000
57432  -30.987  -16.381  36.289 0.0000000000
57410  -30.296  -16.372  37.730 0.0000000000
57394  -30.024  -16.141  38.474 0.0000000000
56244  -29.401  -17.183  38.716 0.0000000000
53840  -29.591  -18.944  38.752 0.0000000000
53842  -30.915  -19.985  39.357 0.0000000000
57508  -33.237  -15.871  30.775 0.0000000000
58473  -17.916  -15.696  45.632 0.0000000000
59636  -20.862  -14.132  48.211 0.0000000000
56108  -23.957  -15.794  49.673 0.0000000000
59616  -27.921  -13.808  49.430 0.0000000000
59627  -27.818  -14.341  49.031 0.0000000000
59617  -28.769  -13.527  49.228 0.0000000000
60839  -31.424  -12.850  47.949 0.0000000000
60866  -33.523  -13.249  47.137 0.0000000000
60841  -33.126  -12.890  47.475 0.0000000000
59661  -33.197  -13.357  46.961 0.0000000000
59705  -35.113  -14.099  45.349 0.0000000000
58480  -35.548  -14.581  44.492 0.0000000000
58505  -36.862  -14.696  43.903 0.0000000000
58526  -37.493  -14.530  43.648 0.0000000000
58548  -38.891  -15.059  42.258 0.0000000000
58588  -39.340  -15.699  40.985 0.0000000000
59842  -42.837  -13.395  38.471 0.0000000000
63504  -43.807  -11.004  38.170 0.0000000000
64759  -43.905  -10.519  37.673 0.0000000000
66040  -44.286  -10.127  37.747 0.0000000000
67357  -44.096  -8.975  37.185 0.0000000000
67369  -43.640  -8.869  35.812 0.0000000000
67370  -43.966  -8.357  36.269 0.0000000000
69630  -45.869  -6.156  35.785 0.0000000000
69649  -45.022  -6.502  35.207 0.0000000000
69668  -45.332  -6.641  34.364 0.0000000000
69670  -47.253  -7.284  33.849 0.0000000000
68557  -46.581  -7.479  33.267 0.0000000000
67407  -47.579  -8.905  33.242 0.0000000000
69633  -49.102  -7.016  35.499 0.0000000000
68524  -49.456  -7.864  35.160 0.0000000000
64831  -49.015  -9.836  34.140 0.0000000000
66125  -48.628  -9.520  33.851 0.0000000000
64854  -47.899  -10.395  32.852 0.0000000000
64880  -48.179  -10.842  32.373 0.0000000000
63612  -47.727  -11.139  31.695 0.0000000000
64936  -48.896  -10.525  31.063 0.0000000000
64960  -48.712  -10.514  30.276 0.0000000000
66219  -48.645  -10.370  29.599 0.0000000000
66220  -49.244  -10.007  29.847 0.0000000000
66194  -51.955  -9.107  30.805 0.0000000000
66241  -50.663  -9.445  28.592 0.0000000000
64984  -49.998  -9.821  26.949 0.0000000000
65000  -50.041  -9.785  26.087 0.0000000000
66286  -49.901  -9.361  25.468 0.0000000000
66296  -49.399  -9.703  24.802 0.0000000000
71110  -55.641  -4.912  28.402 0.0000000000
69761  -55.456  -5.892  28.706 0.0000000000
68666  -55.063  -6.212  28.315 0.0000000000
68665  -54.533  -6.783  28.111 0.0000000000
69788  -53.839  -6.377  27.649 0.0000000000
74682  -53.996  -2.465  27.767 0.0000000000
73550  -54.207  -3.520  27.592 0.0000000000
73549  -53.321  -3.215  27.243 0.0000000000
71135  -51.807  -5.266  26.721 0.0000000000
71136  -53.065  -5.073  27.167 0.0000000000
69814  -52.521  -6.097  27.036 0.0000000000
68675  -51.115  -7.382  26.587 0.0000000000
69812  -50.326  -6.614  26.334 0.0000000000
69838  -48.655  -6.699  25.591 0.0000000000
68682  -49.480  -7.327  26.058 0.0000000000
68680  -48.188  -7.450  25.141 0.0000000000
68689  -48.335  -8.103  25.089 0.0000000000
68688  -47.840  -7.633  24.872 0.0000000000
68687  -47.049  -7.750  24.499 0.0000000000
69858  -46.965  -6.976  24.613 0.0000000000
69876  -46.381  -6.347  24.124 0.0000000000
71178  -45.946  -5.685  23.668 0.0000000000
72380  -45.965  -4.819  23.451 0.0000000000
73596  -48.448  -3.220  24.702 0.0000000000
74733  -48.053  -2.636  24.178 0.0000000000
74770  -46.465  -2.746  22.556 0.0000000000
73629  -46.286  -3.389  22.807 0.0000000000
73628  -45.704  -3.425  22.387 0.0000000000
72389  -45.467  -4.376  22.759 0.0000000000
81981  -51.006  3.142  27.374 0.0000000000
81999  -51.238  4.065  27.240 0.0000000000
82028  -50.544  3.878  24.691 0.0000000000
80801  -50.125  3.089  25.034 0.0000000000
80811  -48.952  2.442  23.585 0.0000000000
82063  -52.022  4.055  22.523 0.0000000000
82045  -51.774  4.390  23.303 0.0000000000
82062  -50.794  3.611  22.284 0.0000000000
79623  -48.048  1.896  22.424 0.0000000000
56193  -18.651  -17.843  42.252 0.0000000000
53821  -19.087  -19.233  39.896 0.0000000000
52705  -18.658  -20.542  38.335 0.0000000000
52718  -18.755  -20.631  37.362 0.0000000000
52742  -19.541  -20.715  35.358 0.0000000000
57317  -22.232  -16.033  43.337 0.0000000000
57331  -22.100  -16.347  42.343 0.0000000000
56220  -22.304  -17.278  40.534 0.0000000000
56219  -21.413  -16.871  40.119 0.0000000000
56231  -21.917  -17.320  39.560 0.0000000000
55057  -23.975  -18.361  38.200 0.0000000000
53882  -22.460  -18.735  36.230 0.0000000000
55083  -22.453  -18.513  36.883 0.0000000000
55068  -21.687  -18.056  37.664 0.0000000000
55082  -21.736  -18.399  37.044 0.0000000000
53880  -20.778  -18.810  36.759 0.0000000000
52775  -26.594  -20.885  33.410 0.0000000000
51659  -25.624  -21.506  32.848 0.0000000000
57263  -27.486  -16.767  47.241 0.0000000000
56144  -27.566  -17.786  47.049 0.0000000000
53743  -28.383  -19.653  46.368 0.0000000000
54941  -28.191  -19.117  46.789 0.0000000000
52607  -27.774  -20.146  46.125 0.0000000000
52620  -28.571  -20.597  45.649 0.0000000000
53771  -30.759  -20.402  45.103 0.0000000000
53759  -30.294  -20.592  45.527 0.0000000000
52622  -30.784  -21.118  45.412 0.0000000000
51507  -30.180  -22.058  44.504 0.0000000000
51495  -30.087  -21.996  45.233 0.0000000000
52655  -28.582  -20.618  43.388 0.0000000000
51521  -29.263  -21.063  42.856 0.0000000000
51553  -29.064  -20.920  40.001 0.0000000000
51571  -30.002  -21.633  40.277 0.0000000000
51511  -34.380  -22.679  43.746 0.0000000000
50285  -33.997  -22.948  43.697 0.0000000000
49127  -33.419  -23.391  42.007 0.0000000000
50300  -33.175  -22.940  42.848 0.0000000000
50318  -32.705  -22.999  41.523 0.0000000000
50360  -31.230  -22.861  38.802 0.0000000000
50350  -31.355  -22.816  39.466 0.0000000000
50359  -30.662  -22.593  38.654 0.0000000000
50369  -30.361  -22.741  37.942 0.0000000000
62334  -41.332  -12.912  35.085 0.0000000000
63566  -41.333  -11.940  34.737 0.0000000000
59849  -41.741  -14.420  37.622 0.0000000000
58660  -41.141  -14.858  37.121 0.0000000000
59858  -41.021  -14.508  36.325 0.0000000000
59870  -40.910  -14.226  35.717 0.0000000000
59884  -40.319  -14.187  34.757 0.0000000000
61084  -41.111  -13.735  35.493 0.0000000000
61108  -41.250  -13.301  35.281 0.0000000000
65057  -48.178  -10.993  22.446 0.0000000000
65056  -47.492  -10.735  22.111 0.0000000000
65055  -46.627  -10.403  21.816 0.0000000000
66319  -46.423  -9.967  22.284 0.0000000000
54900  -25.723  -17.069  49.132 0.0000000000
54912  -25.807  -17.561  48.827 0.0000000000
54913  -26.041  -17.364  48.888 0.0000000000
54926  -26.265  -17.726  48.270 0.0000000000
66189  -44.778  -9.751  29.956 0.0000000000
66218  -45.170  -10.402  29.752 0.0000000000
63649  -45.695  -11.442  28.915 0.0000000000
63631  -45.842  -11.430  29.579 0.0000000000
63632  -46.457  -11.538  30.104 0.0000000000
63633  -47.157  -11.536  30.509 0.0000000000
59750  -34.357  -14.404  43.135 0.0000000000
56301  -33.508  -17.212  33.679 0.0000000000
56285  -32.762  -17.328  34.269 0.0000000000
56299  -31.803  -17.838  33.179 0.0000000000
55114  -31.343  -18.292  32.767 0.0000000000
55123  -31.355  -18.284  32.060 0.0000000000
62420  -36.236  -12.466  26.860 0.0000000000
62419  -35.335  -12.692  26.648 0.0000000000
62435  -35.890  -12.282  26.267 0.0000000000
78282  -53.197  0.760  29.539 0.0000000000
78299  -52.833  0.354  28.857 0.0000000000
78315  -52.353  0.342  28.332 0.0000000000
78314  -51.779  0.310  27.791 0.0000000000
78328  -51.255  0.327  27.227 0.0000000000
78313  -51.120  0.938  27.228 0.0000000000
79591  -50.346  1.354  26.544 0.0000000000
59715  -18.937  -15.217  44.413 0.0000000000
58493  -19.387  -15.273  43.941 0.0000000000
58515  -20.151  -15.350  43.340 0.0000000000
58537  -20.795  -15.648  42.909 0.0000000000
53854  -27.017  -19.474  39.011 0.0000000000
52722  -27.397  -19.964  37.303 0.0000000000
52736  -27.460  -20.353  36.278 0.0000000000
51604  -28.552  -21.376  36.396 0.0000000000
50377  -29.128  -21.973  36.876 0.0000000000
63657  -38.730  -11.831  28.982 0.0000000000
64931  -39.282  -11.376  30.182 0.0000000000
64932  -39.749  -10.602  30.658 0.0000000000
66143  -41.419  -10.011  32.596 0.0000000000
68572  -44.218  -7.945  32.328 0.0000000000
57349  -38.352  -15.850  40.993 0.0000000000
57348  -38.153  -15.992  40.598 0.0000000000
57362  -38.208  -16.173  39.875 0.0000000000
57380  -37.948  -16.330  38.985 0.0000000000
57457  -38.463  -16.126  35.415 0.0000000000
56288  -35.392  -16.687  34.730 0.0000000000
57495  -35.221  -15.922  32.770 0.0000000000
58735  -35.283  -15.718  32.234 0.0000000000
58736  -35.878  -15.588  32.670 0.0000000000
59925  -36.791  -14.798  31.413 0.0000000000
61162  -39.031  -13.716  31.952 0.0000000000
61161  -38.558  -14.110  31.771 0.0000000000
61176  -38.895  -13.591  31.391 0.0000000000
61184  -38.116  -13.560  30.184 0.0000000000
62397  -37.626  -13.154  29.214 0.0000000000
62398  -38.302  -12.971  29.653 0.0000000000
58447  -22.389  -15.651  47.486 0.0000000000
57271  -22.854  -16.402  46.647 0.0000000000
53755  -25.583  -19.205  45.401 0.0000000000
53754  -25.054  -19.029  44.741 0.0000000000
53795  -26.464  -19.317  42.764 0.0000000000
53809  -26.392  -19.303  41.663 0.0000000000
64980  -43.556  -10.433  27.240 0.0000000000
64995  -42.812  -10.209  26.556 0.0000000000
62422  -46.930  -12.001  26.127 0.0000000000
62437  -47.642  -11.876  25.478 0.0000000000
62450  -48.242  -11.937  24.785 0.0000000000
63696  -49.115  -10.914  25.203 0.0000000000
60862  -29.228  -13.487  47.069 0.0000000000
60861  -28.461  -13.998  46.683 0.0000000000
60934  -28.838  -13.884  44.802 0.0000000000
59769  -30.395  -14.197  42.526 0.0000000000
58653  -32.209  -15.590  38.094 0.0000000000
56268  -30.609  -17.222  35.490 0.0000000000
56259  -29.959  -17.362  36.460 0.0000000000
55058  -29.621  -18.116  38.041 0.0000000000
55059  -29.760  -18.691  37.357 0.0000000000
58767  -33.853  -15.032  30.030 0.0000000000
60808  -29.178  -13.261  49.387 0.0000000000
62068  -29.851  -12.623  49.129 0.0000000000
59663  -34.346  -13.230  46.765 0.0000000000
59681  -34.112  -13.649  46.096 0.0000000000
59774  -38.712  -14.564  42.773 0.0000000000
66001  -44.585  -9.306  39.328 0.0000000000
66042  -44.657  -9.964  38.227 0.0000000000
66021  -44.450  -9.072  38.642 0.0000000000
67325  -44.409  -8.150  38.764 0.0000000000
68492  -44.222  -7.398  37.955 0.0000000000
69616  -46.735  -5.723  36.305 0.0000000000
68541  -48.071  -7.611  34.215 0.0000000000
68527  -51.371  -7.498  34.752 0.0000000000
67373  -50.629  -8.319  34.989 0.0000000000
67372  -49.871  -8.393  35.084 0.0000000000
67371  -49.312  -8.639  34.963 0.0000000000
66079  -49.665  -8.956  34.912 0.0000000000
64832  -49.661  -9.768  34.187 0.0000000000
64881  -49.064  -10.454  32.843 0.0000000000
64910  -49.678  -10.295  32.317 0.0000000000
64937  -49.517  -10.368  31.562 0.0000000000
66223  -52.290  -8.882  29.677 0.0000000000
66242  -51.811  -8.968  28.451 0.0000000000
66261  -50.663  -9.310  27.349 0.0000000000
66276  -50.975  -8.511  26.790 0.0000000000
67515  -50.519  -8.243  26.420 0.0000000000
72312  -55.365  -4.402  29.070 0.0000000000
72334  -55.548  -4.528  28.451 0.0000000000
72333  -55.192  -4.316  28.101 0.0000000000
71134  -50.596  -5.440  26.369 0.0000000000
71133  -49.918  -5.863  26.240 0.0000000000
71153  -48.051  -6.279  25.200 0.0000000000
69859  -47.570  -6.586  24.887 0.0000000000
71168  -47.620  -5.496  24.642 0.0000000000
71180  -47.239  -4.752  24.001 0.0000000000
74754  -47.927  -2.082  23.782 0.0000000000
75860  -47.507  -1.622  23.462 0.0000000000
74771  -46.984  -2.043  23.014 0.0000000000
74769  -45.894  -2.973  22.152 0.0000000000
83234  -51.618  4.663  26.920 0.0000000000
83233  -51.007  4.088  26.445 0.0000000000
83245  -51.346  4.650  26.017 0.0000000000
83258  -50.968  4.367  25.320 0.0000000000
80847  -50.255  2.508  21.004 0.0000000000
82083  -50.066  2.844  21.444 0.0000000000
53778  -18.327  -19.481  43.890 0.0000000000
56204  -18.976  -18.272  41.535 0.0000000000
56205  -19.282  -18.001  40.861 0.0000000000
55025  -19.385  -18.755  39.801 0.0000000000
53835  -19.155  -19.448  39.343 0.0000000000
52706  -18.994  -19.924  38.714 0.0000000000
52720  -19.802  -19.527  37.573 0.0000000000
52734  -19.972  -19.620  37.036 0.0000000000
56195  -22.766  -16.736  42.233 0.0000000000
56208  -23.271  -17.458  41.510 0.0000000000
56221  -22.917  -17.445  40.968 0.0000000000
53884  -24.274  -19.102  36.239 0.0000000000
53867  -23.979  -18.692  37.053 0.0000000000
53895  -21.675  -19.061  35.516 0.0000000000
52788  -22.215  -20.548  32.642 0.0000000000
51657  -23.729  -21.253  32.271 0.0000000000
50442  -24.059  -22.034  32.572 0.0000000000
57286  -28.064  -17.521  45.794 0.0000000000
56155  -28.102  -17.988  46.493 0.0000000000
56156  -28.467  -18.043  46.007 0.0000000000
53757  -28.791  -19.268  45.994 0.0000000000
53744  -29.080  -20.187  46.079 0.0000000000
50255  -31.408  -21.833  44.989 0.0000000000
50254  -30.957  -21.831  45.287 0.0000000000
50267  -31.047  -22.045  45.044 0.0000000000
51522  -29.994  -21.551  43.304 0.0000000000
51538  -30.547  -21.827  42.481 0.0000000000
49157  -32.620  -23.185  40.559 0.0000000000
49156  -32.191  -23.012  40.372 0.0000000000
63609  -40.083  -12.319  32.229 0.0000000000
63580  -41.090  -11.681  34.209 0.0000000000
64852  -41.386  -11.027  33.975 0.0000000000
66123  -42.099  -9.882  34.038 0.0000000000
57401  -40.047  -16.031  39.112 0.0000000000
57421  -39.984  -16.171  38.139 0.0000000000
58658  -39.884  -16.086  37.459 0.0000000000
58673  -39.835  -15.861  36.735 0.0000000000
57441  -39.131  -16.229  36.135 0.0000000000
58687  -38.999  -15.791  35.299 0.0000000000
58703  -38.091  -15.652  34.328 0.0000000000
58738  -37.620  -15.202  32.764 0.0000000000
59896  -38.947  -14.682  33.248 0.0000000000
59913  -39.119  -14.454  33.035 0.0000000000
61125  -39.680  -13.969  33.320 0.0000000000
61144  -39.411  -13.885  32.667 0.0000000000
62352  -39.674  -13.272  32.373 0.0000000000
62372  -39.804  -12.958  32.287 0.0000000000
65070  -45.769  -9.961  20.691 0.0000000000
56141  -24.248  -17.385  47.936 0.0000000000
56153  -24.180  -17.604  47.038 0.0000000000
56142  -24.702  -18.018  47.542 0.0000000000
54937  -25.163  -18.417  47.077 0.0000000000
54952  -25.582  -18.739  46.608 0.0000000000
53740  -25.872  -19.124  46.170 0.0000000000
53756  -26.238  -19.579  45.857 0.0000000000
66215  -42.290  -9.091  28.975 0.0000000000
64970  -43.384  -10.181  27.874 0.0000000000
66238  -44.299  -10.197  28.619 0.0000000000
63667  -44.951  -11.110  26.506 0.0000000000
63676  -44.987  -11.132  25.515 0.0000000000
63660  -46.228  -11.656  28.493 0.0000000000
62415  -46.810  -11.874  27.194 0.0000000000
62416  -47.139  -11.811  27.759 0.0000000000
63671  -47.937  -11.073  28.026 0.0000000000
60913  -31.863  -13.258  45.582 0.0000000000
60912  -30.896  -13.517  45.465 0.0000000000
60936  -31.444  -13.554  45.151 0.0000000000
59727  -31.763  -13.672  44.569 0.0000000000
59791  -30.699  -14.531  41.541 0.0000000000
58580  -30.581  -14.968  40.602 0.0000000000
57435  -34.028  -16.423  36.267 0.0000000000
57450  -32.509  -16.567  35.587 0.0000000000
53901  -30.320  -19.312  34.637 0.0000000000
52777  -30.563  -20.237  33.060 0.0000000000
53923  -30.578  -19.379  32.674 0.0000000000
61188  -34.967  -13.893  28.102 0.0000000000
59966  -34.355  -14.094  28.151 0.0000000000
61196  -33.634  -13.686  27.155 0.0000000000
61209  -33.529  -13.433  26.381 0.0000000000
62418  -34.662  -12.676  26.198 0.0000000000
61226  -34.060  -12.969  26.074 0.0000000000
67411  -52.352  -8.364  33.453 0.0000000000
66150  -52.077  -9.037  33.127 0.0000000000
66171  -52.876  -8.735  31.774 0.0000000000
66195  -52.865  -8.811  31.225 0.0000000000
67441  -53.978  -8.224  31.027 0.0000000000
67457  -53.541  -8.483  30.596 0.0000000000
67475  -53.076  -8.511  29.699 0.0000000000
67487  -53.210  -8.227  28.804 0.0000000000
67506  -53.438  -7.701  28.220 0.0000000000
75749  -54.205  -1.551  29.634 0.0000000000
75766  -54.466  -1.427  29.226 0.0000000000
75783  -53.852  -1.861  28.088 0.0000000000
74681  -53.247  -2.384  27.367 0.0000000000
74694  -52.459  -2.429  26.978 0.0000000000
73560  -50.696  -3.088  26.154 0.0000000000
73578  -50.070  -3.104  25.818 0.0000000000
73577  -49.488  -3.144  25.417 0.0000000000
74709  -49.410  -2.473  25.357 0.0000000000
75826  -49.315  -1.794  25.343 0.0000000000
75844  -48.795  -1.813  24.875 0.0000000000
77057  -48.770  -0.820  24.879 0.0000000000
77066  -48.360  -0.570  24.428 0.0000000000
77065  -47.861  -0.319  24.044 0.0000000000
78353  -48.169  0.857  23.806 0.0000000000
83261  -53.779  5.195  24.630 0.0000000000
83281  -53.001  4.865  23.830 0.0000000000
82085  -51.682  3.271  21.697 0.0000000000
56173  -18.271  -17.487  44.050 0.0000000000
57298  -18.263  -16.882  44.319 0.0000000000
57315  -18.461  -16.839  43.619 0.0000000000
57327  -18.624  -16.945  42.749 0.0000000000
58534  -18.896  -16.474  42.522 0.0000000000
57342  -19.428  -17.179  40.974 0.0000000000
57358  -19.849  -16.990  40.207 0.0000000000
57373  -20.272  -17.247  39.671 0.0000000000
53807  -24.913  -18.643  40.727 0.0000000000
53822  -24.805  -18.682  39.710 0.0000000000
53836  -24.719  -18.581  38.731 0.0000000000
53868  -24.990  -18.781  37.041 0.0000000000
53907  -25.780  -19.756  34.028 0.0000000000
52759  -26.354  -20.187  34.094 0.0000000000
52746  -27.543  -20.666  35.320 0.0000000000
51612  -27.801  -21.251  34.868 0.0000000000
54980  -29.282  -18.871  44.363 0.0000000000
53772  -31.330  -20.779  44.995 0.0000000000
52635  -31.691  -21.253  44.902 0.0000000000
51496  -31.927  -21.679  44.767 0.0000000000
50269  -32.708  -22.245  44.413 0.0000000000
64978  -38.577  -10.654  27.454 0.0000000000
66233  -39.176  -10.306  28.119 0.0000000000
66234  -40.085  -9.651  28.357 0.0000000000
64903  -40.274  -11.038  31.637 0.0000000000
66162  -40.395  -9.979  31.021 0.0000000000
67454  -43.865  -9.087  30.107 0.0000000000
67455  -44.730  -9.371  30.370 0.0000000000
66145  -46.158  -9.693  31.550 0.0000000000
58545  -36.066  -15.361  42.356 0.0000000000
58544  -35.572  -15.107  42.548 0.0000000000
58656  -35.308  -15.988  37.611 0.0000000000
57399  -38.532  -16.567  38.310 0.0000000000
57398  -37.731  -16.592  38.055 0.0000000000
57418  -37.374  -16.706  37.356 0.0000000000
57417  -36.773  -16.627  37.047 0.0000000000
57416  -36.128  -16.460  36.853 0.0000000000
57415  -35.434  -16.349  36.862 0.0000000000
57452  -34.476  -16.599  35.544 0.0000000000
56303  -35.030  -16.648  34.260 0.0000000000
57481  -33.606  -17.058  33.210 0.0000000000
56323  -33.005  -17.098  32.419 0.0000000000
57499  -31.964  -16.820  31.264 0.0000000000
58758  -33.928  -15.627  30.709 0.0000000000
59946  -34.800  -14.655  29.604 0.0000000000
59926  -37.465  -14.767  31.921 0.0000000000
59938  -36.751  -14.511  30.745 0.0000000000
59958  -35.641  -14.251  29.052 0.0000000000
61189  -35.591  -13.826  28.422 0.0000000000
61199  -36.143  -13.408  28.153 0.0000000000
62412  -36.327  -12.895  27.650 0.0000000000
62405  -37.278  -13.052  28.620 0.0000000000
62421  -36.763  -12.335  27.359 0.0000000000
63674  -36.932  -11.805  26.795 0.0000000000
80768  -51.870  2.908  28.709 0.0000000000
81973  -52.439  3.572  29.407 0.0000000000
83197  -52.100  4.138  28.652 0.0000000000
83215  -52.316  4.769  28.557 0.0000000000
84425  -52.232  5.140  27.954 0.0000000000
84448  -52.834  5.719  27.237 0.0000000000
84468  -53.123  5.672  26.299 0.0000000000
85538  -54.266  6.871  27.953 0.0000000000
85576  -54.316  6.410  27.145 0.0000000000
84469  -54.018  5.689  26.082 0.0000000000
84487  -53.439  5.461  25.460 0.0000000000
84488  -54.313  5.358  25.379 0.0000000000
83262  -54.818  4.944  24.925 0.0000000000
83283  -55.106  4.144  23.992 0.0000000000
83284  -55.647  3.676  24.101 0.0000000000
82047  -55.191  3.287  23.491 0.0000000000
59693  -21.084  -14.610  46.043 0.0000000000
58495  -21.214  -15.109  44.650 0.0000000000
57283  -22.757  -16.321  45.359 0.0000000000
57318  -23.066  -16.705  43.505 0.0000000000
56164  -24.228  -17.813  45.948 0.0000000000
54978  -24.635  -18.534  44.451 0.0000000000
54977  -24.190  -18.021  44.130 0.0000000000
55002  -24.387  -18.293  42.351 0.0000000000
52694  -32.554  -20.868  40.074 0.0000000000
66289  -38.758  -9.777  24.480 0.0000000000
66300  -38.723  -9.704  23.965 0.0000000000
66273  -41.333  -9.674  26.127 0.0000000000
66274  -42.099  -9.814  25.877 0.0000000000
66282  -41.258  -9.647  25.183 0.0000000000
58438  -27.361  -15.448  48.539 0.0000000000
57255  -27.077  -16.009  48.290 0.0000000000
58437  -27.308  -15.526  48.049 0.0000000000
58448  -27.486  -15.730  47.347 0.0000000000
58462  -27.604  -16.191  46.617 0.0000000000
59678  -28.032  -14.738  46.361 0.0000000000
58478  -27.637  -16.454  45.873 0.0000000000
57301  -27.687  -16.996  45.426 0.0000000000
56175  -28.136  -17.470  44.650 0.0000000000
59701  -30.410  -13.793  45.167 0.0000000000
59699  -29.324  -13.849  44.694 0.0000000000
59724  -28.853  -14.162  44.267 0.0000000000
59745  -29.191  -14.355  43.518 0.0000000000
59744  -28.473  -14.811  43.697 0.0000000000
56186  -28.219  -17.430  43.857 0.0000000000
54992  -28.738  -18.148  43.649 0.0000000000
54993  -29.259  -18.719  43.208 0.0000000000
53797  -29.770  -19.134  42.491 0.0000000000
53811  -29.641  -18.846  41.812 0.0000000000
53827  -31.004  -20.078  40.524 0.0000000000
58562  -35.106  -14.822  41.954 0.0000000000
59795  -34.374  -14.602  41.437 0.0000000000
59794  -33.617  -14.510  41.505 0.0000000000
58583  -33.522  -14.655  40.592 0.0000000000
58561  -32.852  -14.638  41.023 0.0000000000
58581  -31.573  -14.834  40.549 0.0000000000
58606  -30.031  -15.567  39.605 0.0000000000
58652  -31.589  -15.582  38.303 0.0000000000
58631  -31.185  -15.499  38.751 0.0000000000
58630  -30.498  -15.601  38.949 0.0000000000
56233  -28.922  -17.336  39.752 0.0000000000
53855  -29.574  -18.625  38.481 0.0000000000
55043  -29.596  -18.961  39.145 0.0000000000
55030  -29.747  -18.886  39.672 0.0000000000
52693  -31.681  -20.511  39.776 0.0000000000
59965  -33.637  -14.041  27.915 0.0000000000
62284  -42.818  -12.199  37.626 0.0000000000
62285  -43.385  -12.045  38.083 0.0000000000
62262  -43.790  -11.643  38.532 0.0000000000
64741  -44.429  -10.442  38.839 0.0000000000
59670  -18.287  -14.612  46.158 0.0000000000
59691  -19.353  -14.318  45.535 0.0000000000
59692  -20.326  -14.236  45.735 0.0000000000
60904  -20.083  -13.832  46.184 0.0000000000
59673  -21.243  -14.575  46.828 0.0000000000
58446  -21.876  -15.043  47.151 0.0000000000
57252  -23.237  -15.950  48.799 0.0000000000
57243  -23.842  -16.363  48.953 0.0000000000
56109  -24.328  -16.388  49.343 0.0000000000
56093  -25.134  -16.529  49.601 0.0000000000
56094  -25.818  -16.433  49.458 0.0000000000
56095  -26.233  -16.263  49.269 0.0000000000
57235  -27.072  -15.593  49.071 0.0000000000
57223  -27.135  -15.148  49.461 0.0000000000
59641  -28.017  -13.812  48.782 0.0000000000
60837  -28.834  -13.361  48.204 0.0000000000
60817  -29.374  -13.341  48.892 0.0000000000
62107  -30.780  -12.576  47.121 0.0000000000
59642  -31.914  -12.587  47.228 0.0000000000
60865  -32.049  -12.906  47.012 0.0000000000
60889  -32.111  -12.787  46.561 0.0000000000
59679  -32.689  -13.368  45.946 0.0000000000
59704  -34.155  -14.197  45.337 0.0000000000
58503  -35.432  -14.795  43.667 0.0000000000
58524  -36.129  -15.173  43.168 0.0000000000
57289  -36.788  -14.133  44.989 0.0000000000
57305  -36.555  -14.776  43.997 0.0000000000
58566  -38.678  -15.572  41.507 0.0000000000
57365  -40.067  -15.694  40.431 0.0000000000
59815  -40.849  -14.612  41.189 0.0000000000
58590  -40.597  -15.258  40.481 0.0000000000
58615  -40.681  -15.577  39.525 0.0000000000
58616  -41.346  -15.195  39.048 0.0000000000
59840  -41.898  -14.549  38.611 0.0000000000
59841  -42.441  -13.786  38.233 0.0000000000
63528  -42.838  -11.495  37.067 0.0000000000
64785  -43.076  -10.944  36.850 0.0000000000
64809  -43.185  -10.326  36.480 0.0000000000
66041  -44.452  -9.698  37.917 0.0000000000
66057  -43.924  -9.768  37.295 0.0000000000
66077  -43.367  -9.799  36.330 0.0000000000
66101  -43.259  -9.322  35.539 0.0000000000
67389  -43.474  -8.454  34.756 0.0000000000
69603  -44.268  -6.313  38.153 0.0000000000
69614  -44.503  -6.344  37.097 0.0000000000
70950  -45.081  -5.248  37.085 0.0000000000
68523  -44.382  -7.423  35.740 0.0000000000
68539  -43.930  -7.528  33.822 0.0000000000
69669  -46.305  -6.868  34.047 0.0000000000
68574  -46.082  -7.996  32.683 0.0000000000
66146  -46.697  -9.924  32.119 0.0000000000
69652  -48.441  -7.266  34.929 0.0000000000
68559  -48.502  -8.395  34.048 0.0000000000
67391  -48.988  -8.884  34.726 0.0000000000
67409  -48.728  -8.986  34.249 0.0000000000
67408  -48.152  -9.029  33.596 0.0000000000
67425  -47.631  -9.357  33.146 0.0000000000
66147  -47.421  -9.915  32.768 0.0000000000
64878  -46.819  -10.652  31.806 0.0000000000
63611  -47.187  -11.289  31.294 0.0000000000
64908  -48.254  -10.971  31.502 0.0000000000
64935  -48.222  -10.950  30.657 0.0000000000
63652  -47.684  -11.325  30.125 0.0000000000
63662  -47.760  -11.228  29.135 0.0000000000
64982  -48.523  -10.461  27.615 0.0000000000
66169  -51.254  -9.596  31.788 0.0000000000
66221  -50.228  -9.608  29.731 0.0000000000
66239  -48.837  -9.966  29.089 0.0000000000
64974  -48.858  -10.006  28.316 0.0000000000
64998  -48.890  -10.601  26.504 0.0000000000
65017  -49.473  -10.481  25.286 0.0000000000
65018  -49.760  -9.997  25.099 0.0000000000
65033  -49.577  -9.976  24.776 0.0000000000
66295  -48.394  -9.498  24.376 0.0000000000
68644  -54.631  -7.190  28.606 0.0000000000
67507  -54.121  -7.324  28.297 0.0000000000
68663  -52.938  -7.553  27.803 0.0000000000
74683  -54.613  -3.105  27.954 0.0000000000
73551  -54.741  -3.756  27.900 0.0000000000
71108  -54.076  -5.135  27.268 0.0000000000
72349  -52.903  -4.061  27.172 0.0000000000
71107  -53.648  -4.893  27.189 0.0000000000
69816  -53.885  -5.781  27.447 0.0000000000
68677  -53.093  -6.558  27.436 0.0000000000
67514  -49.942  -7.919  26.211 0.0000000000
67521  -49.575  -8.419  25.755 0.0000000000
67520  -48.729  -8.507  25.222 0.0000000000
67528  -48.215  -8.570  24.827 0.0000000000
66294  -47.579  -9.275  24.092 0.0000000000
67533  -47.184  -9.089  23.981 0.0000000000
68695  -45.793  -7.597  23.450 0.0000000000
68701  -45.063  -7.209  22.745 0.0000000000
69890  -44.988  -6.223  22.707 0.0000000000
72382  -47.213  -3.959  23.847 0.0000000000
74753  -47.339  -2.724  23.494 0.0000000000
73612  -46.781  -3.423  23.270 0.0000000000
72381  -46.685  -4.378  23.596 0.0000000000
71189  -44.658  -5.517  22.187 0.0000000000
80777  -50.991  2.728  27.358 0.0000000000
80793  -50.137  2.303  25.826 0.0000000000
80792  -49.789  1.976  25.343 0.0000000000
79606  -49.018  1.479  24.400 0.0000000000
79605  -48.532  1.256  23.958 0.0000000000
78352  -47.685  0.651  23.291 0.0000000000
83280  -51.915  4.721  24.025 0.0000000000
82044  -50.891  4.131  23.505 0.0000000000
82061  -49.935  3.142  21.971 0.0000000000
80826  -49.060  2.920  22.436 0.0000000000
80810  -48.546  2.148  23.275 0.0000000000
79612  -47.702  1.334  22.763 0.0000000000
78361  -47.313  0.816  22.529 0.0000000000
54989  -18.445  -18.726  43.075 0.0000000000
51594  -18.300  -21.153  37.910 0.0000000000
58516  -21.183  -15.466  43.595 0.0000000000
57345  -21.658  -16.463  41.667 0.0000000000
57374  -20.615  -16.862  39.933 0.0000000000
56242  -20.709  -17.741  38.705 0.0000000000
55040  -23.357  -18.035  39.531 0.0000000000
55070  -23.324  -18.488  37.318 0.0000000000
55055  -22.367  -17.667  38.662 0.0000000000
55054  -21.251  -17.856  38.214 0.0000000000
55053  -20.411  -18.410  38.302 0.0000000000
52743  -20.395  -19.853  35.851 0.0000000000
52756  -20.231  -20.506  34.666 0.0000000000
52791  -25.275  -20.484  32.803 0.0000000000
56129  -26.886  -17.183  47.939 0.0000000000
56143  -27.070  -18.028  47.405 0.0000000000
54953  -27.962  -18.345  46.780 0.0000000000
53730  -27.963  -19.282  46.858 0.0000000000
53729  -27.420  -19.527  46.990 0.0000000000
51467  -26.942  -20.333  46.283 0.0000000000
51481  -27.071  -20.285  45.888 0.0000000000
52632  -27.587  -20.381  45.004 0.0000000000
51469  -29.284  -20.864  45.868 0.0000000000
51483  -30.100  -21.522  45.584 0.0000000000
51482  -29.295  -21.058  45.716 0.0000000000
51536  -29.298  -20.929  42.246 0.0000000000
52679  -29.286  -20.833  41.517 0.0000000000
52678  -28.777  -20.508  40.840 0.0000000000
51569  -28.912  -21.058  39.193 0.0000000000
52682  -33.401  -21.211  41.387 0.0000000000
52669  -33.694  -21.393  42.510 0.0000000000
51525  -34.143  -21.699  43.309 0.0000000000
51524  -33.653  -21.555  43.574 0.0000000000
50270  -33.339  -22.428  44.156 0.0000000000
50301  -33.953  -23.199  43.176 0.0000000000
50333  -31.097  -22.277  41.621 0.0000000000
50349  -30.687  -22.146  40.077 0.0000000000
50348  -30.095  -21.716  39.730 0.0000000000
51586  -29.312  -21.646  38.647 0.0000000000
50367  -29.135  -21.914  37.534 0.0000000000
50253  -30.597  -21.745  45.445 0.0000000000
50266  -30.539  -21.941  45.333 0.0000000000
51454  -26.876  -20.136  47.019 0.0000000000
51455  -26.972  -20.190  46.830 0.0000000000
51456  -27.165  -20.254  46.398 0.0000000000
51466  -26.869  -20.233  46.505 0.0000000000
51468  -27.197  -20.262  46.097 0.0000000000
51470  -29.598  -21.052  45.743 0.0000000000
51479  -26.811  -20.187  46.183 0.0000000000
51480  -26.891  -20.287  45.990 0.0000000000
51484  -30.822  -21.619  45.399 0.0000000000
51485  -31.331  -21.650  45.137 0.0000000000
51508  -30.820  -22.245  44.238 0.0000000000
51660  -26.285  -21.157  32.967 0.0000000000
52595  -26.864  -19.909  46.917 0.0000000000
52596  -27.268  -20.066  46.651 0.0000000000
52605  -26.731  -20.070  46.388 0.0000000000
52609  -29.400  -20.616  45.904 0.0000000000
52617  -26.729  -20.110  45.911 0.0000000000
52619  -27.598  -20.314  45.701 0.0000000000
52634  -31.198  -20.891  45.167 0.0000000000
52643  -27.046  -19.817  44.136 0.0000000000
52658  -33.698  -21.477  43.253 0.0000000000
52666  -29.312  -20.874  41.968 0.0000000000
52745  -26.881  -20.290  34.803 0.0000000000
52758  -26.015  -19.979  33.820 0.0000000000
52792  -26.068  -20.787  32.935 0.0000000000
52793  -26.365  -20.911  33.040 0.0000000000
53741  -26.259  -19.402  46.410 0.0000000000
53864  -19.742  -19.464  37.844 0.0000000000
53866  -23.528  -18.679  36.939 0.0000000000
53908  -26.147  -19.892  34.304 0.0000000000
54901  -26.011  -16.859  49.122 0.0000000000
54911  -25.687  -17.399  48.948 0.0000000000
54914  -26.029  -17.031  49.060 0.0000000000
55012  -19.277  -18.535  40.397 0.0000000000
55024  -19.123  -19.041  40.265 0.0000000000
55026  -22.879  -17.566  40.536 0.0000000000
55038  -20.109  -18.388  38.788 0.0000000000
55052  -19.975  -18.748  38.547 0.0000000000
55071  -23.937  -18.466  37.599 0.0000000000
55081  -21.252  -18.371  37.214 0.0000000000
55084  -22.899  -18.646  36.732 0.0000000000
55096  -29.975  -17.861  35.665 0.0000000000
56092  -24.342  -16.030  49.777 0.0000000000
56111  -25.572  -17.487  48.793 0.0000000000
56112  -26.555  -16.734  48.577 0.0000000000
56130  -27.158  -16.420  47.939 0.0000000000
56209  -28.640  -17.168  42.339 0.0000000000
56217  -19.557  -17.895  40.011 0.0000000000
56222  -28.834  -17.033  40.315 0.0000000000
56229  -20.103  -17.878  39.262 0.0000000000
56230  -20.921  -17.162  39.323 0.0000000000
56232  -28.794  -17.004  40.036 0.0000000000
56252  -30.332  -16.440  37.376 0.0000000000
56289  -35.920  -16.650  35.057 0.0000000000
57234  -26.679  -15.626  49.350 0.0000000000
57244  -27.098  -15.792  48.667 0.0000000000
57274  -28.135  -17.716  46.165 0.0000000000
57285  -27.712  -17.046  45.681 0.0000000000
57287  -36.419  -14.686  44.273 0.0000000000
57288  -36.630  -14.387  44.698 0.0000000000
57302  -27.777  -17.094  45.185 0.0000000000
57303  -35.345  -14.873  42.953 0.0000000000
57306  -36.802  -14.547  44.309 0.0000000000
57307  -36.994  -14.244  44.721 0.0000000000
57320  -35.204  -15.046  42.839 0.0000000000
57321  -35.564  -14.991  43.060 0.0000000000
57336  -35.511  -15.033  42.888 0.0000000000
57377  -28.900  -16.831  39.857 0.0000000000
57379  -37.362  -16.419  38.522 0.0000000000
57453  -35.233  -16.631  35.593 0.0000000000
57458  -39.073  -15.960  35.575 0.0000000000
58402  -27.370  -14.623  49.748 0.0000000000
58425  -27.564  -15.201  48.900 0.0000000000
58449  -27.633  -15.255  47.156 0.0000000000
58482  -36.538  -14.167  45.121 0.0000000000
58500  -27.646  -16.720  45.441 0.0000000000
58543  -35.368  -14.905  42.687 0.0000000000
58559  -31.819  -14.696  40.963 0.0000000000
58587  -37.618  -15.946  40.183 0.0000000000
58739  -38.184  -15.131  33.149 0.0000000000
58752  -37.155  -15.235  32.346 0.0000000000
59643  -32.388  -12.717  47.354 0.0000000000
59657  -27.576  -15.196  47.376 0.0000000000
59659  -31.984  -12.952  47.077 0.0000000000
59700  -29.931  -13.840  44.947 0.0000000000
59811  -31.052  -14.654  41.079 0.0000000000
59813  -33.918  -14.520  41.096 0.0000000000
59859  -41.469  -14.180  36.541 0.0000000000
59869  -40.175  -14.630  35.292 0.0000000000
59927  -38.110  -14.511  32.010 0.0000000000
60809  -29.727  -13.013  49.214 0.0000000000
60887  -30.212  -13.058  46.357 0.0000000000
60910  -29.183  -13.719  45.310 0.0000000000
60933  -28.576  -14.224  44.697 0.0000000000
60935  -31.204  -13.733  44.965 0.0000000000
61033  -42.732  -13.303  38.235 0.0000000000
61034  -43.133  -12.923  38.439 0.0000000000
61064  -41.693  -13.728  36.424 0.0000000000
61086  -41.814  -13.274  36.210 0.0000000000
62051  -29.523  -12.954  49.407 0.0000000000
62106  -30.537  -12.622  46.856 0.0000000000
62124  -30.957  -12.552  46.833 0.0000000000
62438  -48.168  -11.729  25.302 0.0000000000
63502  -43.157  -11.746  37.622 0.0000000000
63503  -43.478  -11.269  37.594 0.0000000000
63529  -43.250  -11.097  37.120 0.0000000000
63590  -47.421  -11.068  31.793 0.0000000000
63591  -47.680  -11.033  32.049 0.0000000000
63666  -37.780  -11.976  27.895 0.0000000000
63703  -35.719  -11.490  25.017 0.0000000000
63719  -49.141  -10.936  23.753 0.0000000000
64760  -44.384  -10.378  38.173 0.0000000000
64761  -44.619  -10.085  38.156 0.0000000000
64856  -49.314  -10.117  33.626 0.0000000000
64857  -49.888  -9.987  33.797 0.0000000000
64907  -47.054  -11.030  31.721 0.0000000000
65027  -38.794  -9.817  24.777 0.0000000000
65031  -48.639  -10.178  23.903 0.0000000000
66022  -44.595  -9.783  38.549 0.0000000000
66058  -44.182  -9.455  37.533 0.0000000000
66078  -49.207  -9.055  34.787 0.0000000000
66080  -50.125  -8.757  34.963 0.0000000000
66102  -48.969  -9.292  34.454 0.0000000000
66127  -51.351  -9.046  33.825 0.0000000000
66128  -51.921  -8.798  33.573 0.0000000000
66191  -49.157  -10.305  30.505 0.0000000000
66284  -48.622  -8.955  24.902 0.0000000000
67374  -51.119  -7.890  34.950 0.0000000000
67393  -51.486  -8.313  34.390 0.0000000000
67394  -52.016  -8.008  34.003 0.0000000000
67412  -53.006  -8.168  33.120 0.0000000000
67427  -53.083  -8.365  32.698 0.0000000000
67526  -46.779  -8.104  24.274 0.0000000000
68542  -48.718  -8.008  34.603 0.0000000000
68560  -48.826  -8.597  34.561 0.0000000000
69653  -48.927  -7.745  35.074 0.0000000000
69762  -55.806  -5.491  29.013 0.0000000000
69789  -54.576  -5.883  27.794 0.0000000000
69790  -55.310  -5.570  28.263 0.0000000000
69791  -55.729  -5.363  28.689 0.0000000000
71137  -53.597  -5.494  27.287 0.0000000000
72323  -55.297  -4.210  28.579 0.0000000000
72324  -55.737  -4.654  28.769 0.0000000000
72332  -54.531  -4.354  27.630 0.0000000000
72371  -47.675  -4.406  24.397 0.0000000000
73597  -48.931  -3.128  25.031 0.0000000000
73613  -47.260  -3.376  23.683 0.0000000000
74665  -54.196  -2.025  28.230 0.0000000000
74710  -49.993  -2.445  25.767 0.0000000000
74732  -47.676  -2.897  23.964 0.0000000000
75782  -53.020  -1.507  27.741 0.0000000000
75825  -48.781  -1.235  24.870 0.0000000000
75861  -48.002  -1.674  23.814 0.0000000000
75880  -47.003  -1.566  23.070 0.0000000000
76977  -53.279  0.082  30.346 0.0000000000
76993  -54.226  -1.097  29.620 0.0000000000
77025  -52.069  -0.815  27.645 0.0000000000
77073  -47.195  -0.708  23.131 0.0000000000
78345  -47.859  0.153  24.041 0.0000000000
78347  -48.997  0.816  24.943 0.0000000000
79553  -53.220  0.995  30.395 0.0000000000
79613  -48.267  1.651  23.339 0.0000000000
79622  -47.561  1.432  22.031 0.0000000000
80785  -50.625  2.297  26.766 0.0000000000
80812  -55.151  2.929  23.262 0.0000000000
80825  -48.495  2.309  22.858 0.0000000000
81982  -51.383  3.451  27.913 0.0000000000
82013  -50.589  3.595  25.718 0.0000000000
82086  -52.424  3.375  21.997 0.0000000000
83302  -53.867  3.868  22.980 0.0000000000
84447  -52.221  5.177  27.483 0.0000000000
84489  -54.718  5.271  25.358 0.0000000000
