#!ascii label  , from subject sub001 vox2ras=TkReg
1023
61106  -35.763  -13.216  34.493 0.0000000000
57489  -17.356  -16.107  32.582 0.0000000000
64893  -25.493  -11.314  31.784 0.0000000000
86804  -44.132  7.827  16.085 0.0000000000
87918  -51.204  8.573  12.613 0.0000000000
56247  -10.487  -17.609  37.473 0.0000000000
85669  -39.918  6.563  18.644 0.0000000000
64874  -37.826  -10.306  32.450 0.0000000000
59880  -30.060  -14.429  33.963 0.0000000000
57462  -13.839  -16.380  34.066 0.0000000000
53847  -14.528  -20.313  38.649 0.0000000000
63625  -32.661  -12.141  31.008 0.0000000000
64963  -33.542  -10.506  29.151 0.0000000000
59922  -23.312  -14.658  31.092 0.0000000000
66179  -28.939  -9.725  30.151 0.0000000000
73665  -36.636  -3.569  18.897 0.0000000000
78421  -40.189  0.397  18.279 0.0000000000
82156  -43.231  3.098  17.043 0.0000000000
49135  -6.920  -22.827  41.597 0.0000000000
49107  -4.536  -23.723  44.148 0.0000000000
68672  -31.250  -7.390  26.572 0.0000000000
69863  -31.275  -6.373  23.738 0.0000000000
71200  -34.240  -6.326  20.741 0.0000000000
50342  -10.986  -22.506  39.634 0.0000000000
56281  -17.501  -17.593  34.504 0.0000000000
57465  -19.698  -16.621  34.805 0.0000000000
61103  -32.909  -13.969  34.447 0.0000000000
61112  -16.410  -12.753  32.972 0.0000000000
57475  -15.958  -16.334  32.932 0.0000000000
55102  -16.298  -18.436  34.658 0.0000000000
64871  -31.607  -9.917  32.195 0.0000000000
63601  -30.501  -11.412  30.806 0.0000000000
78416  -35.635  0.691  18.782 0.0000000000
75944  -38.095  -1.103  18.307 0.0000000000
80909  -37.098  2.516  18.507 0.0000000000
83376  -40.974  4.572  16.529 0.0000000000
84588  -43.203  5.497  15.761 0.0000000000
82180  -45.488  3.429  16.712 0.0000000000
85736  -45.332  6.486  14.819 0.0000000000
85757  -47.539  6.541  14.506 0.0000000000
68620  -30.844  -7.488  29.907 0.0000000000
66253  -32.688  -9.277  27.802 0.0000000000
69743  -29.582  -6.596  28.894 0.0000000000
72367  -28.014  -4.475  24.538 0.0000000000
72385  -29.990  -4.303  22.173 0.0000000000
69896  -32.124  -6.555  21.948 0.0000000000
73633  -31.661  -3.609  20.814 0.0000000000
74788  -33.000  -2.887  20.108 0.0000000000
63597  -24.105  -11.657  30.891 0.0000000000
52698  -8.474  -20.164  38.813 0.0000000000
52700  -10.171  -20.839  37.604 0.0000000000
46738  -4.506  -25.931  46.673 0.0000000000
46730  -2.589  -25.779  47.815 0.0000000000
84531  -37.730  5.534  19.771 0.0000000000
68606  -36.937  -7.202  30.118 0.0000000000
62349  -27.313  -12.908  32.391 0.0000000000
57444  -11.995  -16.654  35.834 0.0000000000
52731  -12.452  -20.388  36.769 0.0000000000
53891  -14.088  -19.560  35.867 0.0000000000
88983  -53.653  9.723  11.778 0.0000000000
61159  -33.633  -13.292  31.936 0.0000000000
63605  -35.549  -12.015  30.990 0.0000000000
63644  -33.139  -11.107  30.315 0.0000000000
61148  -18.310  -13.345  31.405 0.0000000000
59920  -20.414  -15.224  31.173 0.0000000000
62378  -20.601  -12.424  30.117 0.0000000000
66200  -22.508  -9.640  29.489 0.0000000000
67462  -24.655  -8.990  29.450 0.0000000000
68600  -26.574  -7.224  30.357 0.0000000000
64948  -26.839  -10.790  29.828 0.0000000000
61173  -29.346  -12.904  30.695 0.0000000000
61157  -31.877  -13.429  31.705 0.0000000000
71204  -38.638  -6.029  20.964 0.0000000000
82152  -39.136  3.977  17.421 0.0000000000
80913  -41.215  1.947  18.125 0.0000000000
85774  -49.172  6.844  14.029 0.0000000000
50273  -5.150  -22.797  42.989 0.0000000000
46745  -5.846  -25.625  45.851 0.0000000000
64954  -35.768  -10.694  29.634 0.0000000000
67484  -35.162  -8.318  28.141 0.0000000000
69776  -33.933  -6.482  27.985 0.0000000000
71122  -28.106  -5.376  26.727 0.0000000000
69822  -30.719  -6.623  25.469 0.0000000000
71125  -34.249  -5.622  27.077 0.0000000000
69826  -35.037  -6.565  25.314 0.0000000000
69867  -35.498  -7.316  23.496 0.0000000000
69883  -36.735  -7.262  22.149 0.0000000000
72442  -35.400  -4.837  19.567 0.0000000000
75926  -34.498  -1.528  19.335 0.0000000000
58697  -22.393  -16.275  33.996 0.0000000000
52673  -6.920  -20.477  40.737 0.0000000000
49152  -8.604  -23.216  40.895 0.0000000000
51566  -12.253  -21.934  39.060 0.0000000000
45607  -1.462  -26.173  46.433 0.0000000000
57477  -17.690  -16.718  33.282 0.0000000000
57464  -18.914  -16.842  35.179 0.0000000000
57491  -19.222  -16.302  32.861 0.0000000000
61105  -34.956  -13.774  34.468 0.0000000000
59902  -16.533  -14.489  32.303 0.0000000000
59901  -15.802  -14.617  32.721 0.0000000000
57488  -16.626  -15.992  32.628 0.0000000000
56296  -16.296  -17.200  33.429 0.0000000000
80893  -35.772  2.429  19.276 0.0000000000
79688  -36.385  1.559  18.652 0.0000000000
80908  -36.253  2.581  18.851 0.0000000000
86803  -43.136  7.296  16.650 0.0000000000
85716  -42.439  6.333  16.498 0.0000000000
86814  -43.321  6.853  16.111 0.0000000000
84589  -43.986  5.557  15.452 0.0000000000
85735  -44.365  6.454  15.288 0.0000000000
86825  -45.662  7.053  14.810 0.0000000000
69744  -29.921  -6.728  29.348 0.0000000000
74742  -28.976  -2.285  23.141 0.0000000000
72393  -30.504  -4.190  21.572 0.0000000000
74773  -30.707  -2.773  21.583 0.0000000000
75886  -31.964  -2.251  21.209 0.0000000000
64892  -24.870  -11.219  31.721 0.0000000000
62347  -24.644  -12.443  32.589 0.0000000000
63573  -25.304  -11.931  33.229 0.0000000000
53846  -9.293  -19.211  38.113 0.0000000000
53860  -10.131  -19.123  37.145 0.0000000000
86844  -51.414  7.552  13.093 0.0000000000
46731  -3.336  -25.637  47.497 0.0000000000
64849  -38.072  -10.375  33.434 0.0000000000
67451  -37.536  -8.457  30.381 0.0000000000
61119  -28.534  -14.003  33.204 0.0000000000
61100  -29.483  -14.272  34.595 0.0000000000
59876  -14.444  -14.180  34.069 0.0000000000
58680  -13.075  -14.844  35.186 0.0000000000
58679  -12.670  -15.315  35.752 0.0000000000
56276  -12.739  -16.858  34.841 0.0000000000
55090  -12.619  -18.541  35.502 0.0000000000
56277  -13.368  -17.472  34.546 0.0000000000
55079  -16.678  -18.617  36.432 0.0000000000
55078  -16.048  -19.092  36.777 0.0000000000
62367  -33.291  -12.803  31.398 0.0000000000
62386  -33.645  -12.342  30.928 0.0000000000
63626  -32.963  -11.544  30.698 0.0000000000
62346  -19.118  -11.616  31.762 0.0000000000
62358  -19.696  -12.055  31.020 0.0000000000
64891  -19.880  -10.748  31.446 0.0000000000
67429  -21.177  -8.400  30.899 0.0000000000
68596  -22.679  -7.711  30.141 0.0000000000
67461  -23.842  -8.891  29.573 0.0000000000
68598  -24.649  -7.313  29.793 0.0000000000
67431  -28.562  -8.163  31.353 0.0000000000
67447  -27.605  -7.867  30.390 0.0000000000
67464  -26.637  -8.296  29.590 0.0000000000
66206  -28.177  -9.581  29.671 0.0000000000
63642  -27.767  -11.598  29.913 0.0000000000
64950  -28.822  -10.948  29.665 0.0000000000
63602  -31.119  -11.581  31.051 0.0000000000
62365  -31.356  -12.700  31.094 0.0000000000
61158  -32.784  -13.303  31.867 0.0000000000
72444  -37.436  -4.312  19.223 0.0000000000
71234  -39.489  -5.246  20.511 0.0000000000
72445  -38.484  -4.137  19.263 0.0000000000
77141  -38.559  -0.323  18.275 0.0000000000
74807  -40.013  -2.329  18.891 0.0000000000
84545  -39.268  6.428  19.321 0.0000000000
84552  -37.862  4.863  18.310 0.0000000000
84554  -39.291  6.008  18.395 0.0000000000
82176  -41.829  3.908  16.373 0.0000000000
82154  -41.028  3.571  16.850 0.0000000000
80931  -42.858  2.464  17.676 0.0000000000
80914  -42.523  1.712  18.553 0.0000000000
85758  -48.461  6.344  14.630 0.0000000000
86841  -48.356  7.421  13.918 0.0000000000
86842  -49.526  7.576  13.575 0.0000000000
51515  -5.960  -21.772  41.953 0.0000000000
51514  -5.463  -21.874  42.654 0.0000000000
50290  -5.926  -22.708  42.312 0.0000000000
46756  -6.970  -25.203  45.049 0.0000000000
46734  -6.143  -25.729  47.575 0.0000000000
63646  -34.337  -11.443  29.944 0.0000000000
63629  -35.719  -11.563  30.672 0.0000000000
64964  -34.252  -10.480  28.807 0.0000000000
67501  -31.954  -8.635  27.375 0.0000000000
66255  -34.349  -9.089  27.660 0.0000000000
67503  -34.253  -8.292  27.509 0.0000000000
68662  -34.616  -7.319  28.141 0.0000000000
69774  -32.700  -6.783  26.973 0.0000000000
73544  -27.913  -3.648  26.950 0.0000000000
71161  -29.521  -5.831  23.984 0.0000000000
69843  -29.837  -6.313  24.716 0.0000000000
69844  -31.055  -6.405  24.715 0.0000000000
71144  -32.747  -5.912  26.035 0.0000000000
71162  -33.022  -5.891  25.630 0.0000000000
71146  -34.406  -5.858  26.318 0.0000000000
69846  -33.386  -6.263  25.230 0.0000000000
71199  -33.287  -6.253  20.913 0.0000000000
69880  -33.681  -7.222  22.724 0.0000000000
69899  -34.948  -6.930  21.413 0.0000000000
69868  -36.674  -7.454  23.276 0.0000000000
71201  -35.105  -6.281  20.663 0.0000000000
69924  -36.544  -6.291  20.702 0.0000000000
71229  -34.623  -5.534  20.073 0.0000000000
75908  -33.521  -1.699  20.170 0.0000000000
75925  -34.046  -2.247  19.517 0.0000000000
75909  -34.008  -1.021  19.802 0.0000000000
59934  -21.746  -14.631  30.390 0.0000000000
58731  -21.568  -15.943  32.187 0.0000000000
58732  -22.591  -15.804  32.260 0.0000000000
51563  -9.220  -21.923  39.008 0.0000000000
51562  -8.039  -21.489  39.557 0.0000000000
50326  -9.479  -23.033  40.717 0.0000000000
53861  -13.494  -20.484  37.418 0.0000000000
52702  -12.519  -21.234  37.949 0.0000000000
52687  -13.502  -21.096  39.222 0.0000000000
56257  -17.914  -17.404  36.284 0.0000000000
56258  -18.440  -17.062  36.274 0.0000000000
57447  -19.566  -16.549  35.865 0.0000000000
58666  -20.863  -16.183  36.681 0.0000000000
61102  -31.741  -14.017  34.302 0.0000000000
61078  -31.092  -13.990  35.306 0.0000000000
61111  -15.609  -13.549  33.176 0.0000000000
59888  -14.600  -14.895  33.569 0.0000000000
57463  -14.547  -16.319  33.572 0.0000000000
56278  -14.621  -17.406  33.886 0.0000000000
56279  -15.769  -17.840  33.881 0.0000000000
55103  -17.107  -18.120  34.843 0.0000000000
64898  -32.053  -10.522  31.367 0.0000000000
63604  -32.405  -11.009  31.024 0.0000000000
66135  -29.207  -9.132  31.729 0.0000000000
64895  -29.935  -10.364  30.989 0.0000000000
64897  -31.429  -10.659  31.393 0.0000000000
75942  -36.318  -1.119  18.440 0.0000000000
73680  -37.453  -2.474  18.578 0.0000000000
77139  -36.664  -0.232  18.479 0.0000000000
78419  -38.052  0.596  18.274 0.0000000000
79690  -38.587  1.480  18.113 0.0000000000
85699  -40.391  6.092  17.471 0.0000000000
85700  -41.462  6.461  17.280 0.0000000000
84576  -41.763  5.446  16.433 0.0000000000
83379  -43.244  4.277  16.050 0.0000000000
82157  -44.128  3.055  17.053 0.0000000000
83380  -44.136  4.145  16.035 0.0000000000
83399  -45.677  4.715  15.502 0.0000000000
83400  -46.760  4.886  15.612 0.0000000000
84605  -46.512  6.253  14.633 0.0000000000
86826  -46.224  7.540  14.700 0.0000000000
47931  -8.199  -23.863  42.541 0.0000000000
47930  -7.569  -23.992  42.621 0.0000000000
47909  -8.278  -24.242  44.062 0.0000000000
66227  -31.709  -9.034  29.286 0.0000000000
66229  -33.406  -9.943  28.425 0.0000000000
67482  -31.188  -8.603  28.900 0.0000000000
68657  -30.277  -7.848  27.934 0.0000000000
68670  -29.602  -7.356  27.571 0.0000000000
73572  -27.565  -3.544  25.110 0.0000000000
73587  -27.705  -3.165  24.223 0.0000000000
72376  -29.057  -4.385  23.292 0.0000000000
71183  -30.212  -5.196  22.670 0.0000000000
69878  -31.714  -6.534  22.778 0.0000000000
71196  -30.622  -5.014  21.925 0.0000000000
72395  -31.730  -5.117  21.009 0.0000000000
72415  -32.256  -4.814  20.566 0.0000000000
72416  -33.042  -4.764  19.993 0.0000000000
73647  -32.399  -3.749  20.291 0.0000000000
61150  -23.946  -13.387  30.962 0.0000000000
59904  -24.062  -14.791  31.798 0.0000000000
59906  -25.079  -14.449  33.149 0.0000000000
52699  -9.228  -20.242  37.989 0.0000000000
51564  -10.347  -22.022  38.869 0.0000000000
47897  -4.213  -25.030  45.540 0.0000000000
49087  -3.627  -22.911  45.496 0.0000000000
47896  -3.705  -24.634  45.960 0.0000000000
47889  -3.246  -24.540  46.690 0.0000000000
49068  -2.345  -24.357  46.963 0.0000000000
69712  -36.384  -6.373  29.989 0.0000000000
63599  -26.573  -12.035  31.694 0.0000000000
64868  -26.156  -11.866  32.994 0.0000000000
58643  -12.047  -14.844  37.125 0.0000000000
57424  -11.617  -16.613  36.482 0.0000000000
55075  -10.839  -18.402  36.651 0.0000000000
55077  -12.082  -18.645  35.815 0.0000000000
53890  -13.191  -19.295  35.849 0.0000000000
53862  -14.056  -20.330  37.673 0.0000000000
55092  -14.688  -19.024  35.223 0.0000000000
53879  -15.371  -19.542  36.936 0.0000000000
53863  -14.998  -19.931  37.798 0.0000000000
87919  -52.376  8.752  12.225 0.0000000000
61142  -34.856  -13.281  32.606 0.0000000000
62350  -35.617  -12.865  32.607 0.0000000000
62369  -35.198  -12.701  31.485 0.0000000000
63627  -34.004  -11.896  30.423 0.0000000000
64951  -33.184  -10.737  29.898 0.0000000000
64927  -32.774  -10.657  30.675 0.0000000000
66182  -32.632  -9.875  30.575 0.0000000000
66208  -32.146  -9.099  29.989 0.0000000000
67449  -31.539  -8.174  30.558 0.0000000000
59916  -17.954  -14.403  31.576 0.0000000000
58728  -18.850  -15.821  32.093 0.0000000000
59931  -18.863  -14.314  30.910 0.0000000000
61168  -20.862  -13.500  30.054 0.0000000000
61180  -21.574  -12.971  29.714 0.0000000000
66155  -20.715  -9.223  31.429 0.0000000000
64918  -20.995  -10.781  30.008 0.0000000000
62394  -22.811  -12.448  29.511 0.0000000000
64944  -23.427  -10.631  29.653 0.0000000000
64945  -23.984  -10.394  29.951 0.0000000000
64946  -25.249  -10.224  30.136 0.0000000000
69708  -25.582  -6.529  30.811 0.0000000000
68618  -25.534  -7.791  29.498 0.0000000000
66204  -26.200  -9.589  29.602 0.0000000000
64922  -26.113  -11.221  30.842 0.0000000000
62395  -27.232  -11.891  30.575 0.0000000000
61153  -28.321  -13.038  31.201 0.0000000000
59907  -29.299  -14.047  32.221 0.0000000000
63624  -29.905  -11.570  30.499 0.0000000000
61155  -30.172  -13.264  30.976 0.0000000000
59910  -30.823  -14.156  32.969 0.0000000000
61121  -32.533  -13.856  33.466 0.0000000000
61122  -33.479  -13.709  33.552 0.0000000000
61130  -17.180  -13.354  32.146 0.0000000000
74806  -39.110  -2.575  18.704 0.0000000000
83346  -37.275  4.415  18.573 0.0000000000
82132  -37.653  3.459  18.276 0.0000000000
80911  -39.211  2.398  17.982 0.0000000000
83360  -40.228  4.542  16.969 0.0000000000
80928  -39.830  2.760  17.779 0.0000000000
79692  -40.695  1.267  18.295 0.0000000000
79693  -41.671  1.253  18.560 0.0000000000
85775  -50.030  6.829  13.863 0.0000000000
86843  -50.506  7.533  13.379 0.0000000000
88971  -50.285  9.105  12.941 0.0000000000
51501  -5.061  -21.791  43.319 0.0000000000
50272  -4.677  -23.061  43.637 0.0000000000
47928  -6.264  -24.413  43.069 0.0000000000
47917  -5.820  -24.578  43.544 0.0000000000
47905  -4.581  -24.772  44.792 0.0000000000
46744  -4.820  -25.665  45.724 0.0000000000
63606  -36.196  -11.838  31.478 0.0000000000
64900  -36.733  -11.029  31.155 0.0000000000
64930  -36.869  -10.508  30.709 0.0000000000
66230  -34.449  -9.744  28.090 0.0000000000
66231  -35.357  -9.524  28.478 0.0000000000
66212  -36.934  -8.866  29.710 0.0000000000
67471  -36.741  -7.878  29.639 0.0000000000
68623  -35.758  -7.272  29.227 0.0000000000
71045  -34.687  -5.872  28.905 0.0000000000
69772  -28.714  -6.319  27.397 0.0000000000
69796  -29.198  -6.937  26.745 0.0000000000
71159  -28.129  -5.224  25.111 0.0000000000
69821  -29.626  -6.590  25.680 0.0000000000
69798  -31.449  -6.796  26.111 0.0000000000
69799  -32.405  -6.406  26.364 0.0000000000
71094  -33.773  -5.845  27.943 0.0000000000
69865  -33.478  -6.985  23.947 0.0000000000
69848  -35.237  -6.933  24.544 0.0000000000
69902  -38.244  -6.679  21.539 0.0000000000
71231  -36.926  -5.852  20.374 0.0000000000
72443  -36.398  -4.469  19.314 0.0000000000
73662  -33.878  -4.013  19.470 0.0000000000
74803  -34.577  -2.775  19.147 0.0000000000
74804  -35.310  -2.363  18.739 0.0000000000
77124  -34.984  -0.453  19.133 0.0000000000
79670  -34.971  0.815  19.333 0.0000000000
58711  -20.204  -16.177  32.817 0.0000000000
57480  -20.755  -16.522  33.894 0.0000000000
58698  -23.238  -16.215  34.216 0.0000000000
51545  -6.799  -21.919  40.826 0.0000000000
52685  -7.457  -20.396  39.893 0.0000000000
51547  -7.790  -22.074  40.164 0.0000000000
49150  -7.554  -22.772  40.942 0.0000000000
49123  -9.273  -23.644  42.380 0.0000000000
52729  -10.745  -19.846  36.778 0.0000000000
51592  -11.306  -21.095  37.763 0.0000000000
50343  -11.821  -22.314  39.598 0.0000000000
45587  -2.359  -26.633  48.451 0.0000000000
46729  -1.892  -25.569  47.159 0.0000000000
47880  -1.600  -24.800  46.912 0.0000000000
62341  -36.065  -12.805  33.527 0.0000000000
57478  -18.735  -16.730  33.873 0.0000000000
57490  -18.277  -16.308  32.674 0.0000000000
58726  -16.958  -15.323  32.288 0.0000000000
57476  -16.829  -16.626  33.053 0.0000000000
82114  -35.730  2.772  19.599 0.0000000000
82115  -36.065  3.329  19.432 0.0000000000
87871  -43.365  7.836  17.149 0.0000000000
86815  -43.801  7.112  15.751 0.0000000000
86816  -45.050  7.561  15.272 0.0000000000
74758  -30.091  -2.400  21.974 0.0000000000
63585  -24.816  -11.756  32.613 0.0000000000
64866  -25.250  -11.543  32.585 0.0000000000
56248  -10.656  -16.758  37.841 0.0000000000
55049  -10.104  -18.020  37.733 0.0000000000
55063  -10.381  -18.394  37.180 0.0000000000
86856  -52.038  7.904  12.460 0.0000000000
66141  -38.183  -9.649  32.203 0.0000000000
66161  -38.295  -9.070  31.827 0.0000000000
66160  -37.823  -9.501  31.395 0.0000000000
59879  -29.280  -14.297  33.658 0.0000000000
58694  -13.512  -15.275  34.439 0.0000000000
59875  -13.586  -14.395  34.736 0.0000000000
58693  -12.868  -15.564  35.028 0.0000000000
57461  -13.027  -16.287  34.598 0.0000000000
62384  -32.730  -12.379  31.117 0.0000000000
62385  -32.984  -12.330  31.048 0.0000000000
64890  -19.459  -11.140  31.652 0.0000000000
69675  -22.497  -6.425  31.969 0.0000000000
68565  -22.227  -6.888  31.237 0.0000000000
69689  -22.776  -6.752  30.650 0.0000000000
69705  -23.199  -7.199  30.086 0.0000000000
69706  -23.755  -6.884  30.204 0.0000000000
67430  -28.022  -7.728  31.015 0.0000000000
67448  -28.330  -8.917  30.231 0.0000000000
67466  -28.129  -9.076  29.765 0.0000000000
64924  -28.728  -10.305  29.698 0.0000000000
63603  -32.084  -11.641  31.117 0.0000000000
62366  -32.486  -12.651  31.224 0.0000000000
73666  -37.676  -3.335  18.806 0.0000000000
78420  -39.093  0.502  18.163 0.0000000000
77142  -39.600  -0.462  18.303 0.0000000000
82177  -42.739  3.739  16.432 0.0000000000
82155  -42.213  3.201  16.959 0.0000000000
87905  -47.921  8.220  13.962 0.0000000000
50291  -6.454  -22.521  41.700 0.0000000000
49120  -6.803  -23.403  42.043 0.0000000000
64952  -33.991  -10.994  29.482 0.0000000000
64953  -34.952  -10.999  29.436 0.0000000000
68658  -31.141  -8.013  27.195 0.0000000000
67502  -33.056  -8.457  27.276 0.0000000000
68659  -32.200  -7.672  26.969 0.0000000000
68660  -33.345  -7.439  27.269 0.0000000000
69862  -30.276  -6.164  23.884 0.0000000000
69845  -32.267  -6.281  25.015 0.0000000000
69864  -32.451  -6.652  23.982 0.0000000000
69898  -33.927  -7.049  21.555 0.0000000000
59921  -22.475  -14.797  30.701 0.0000000000
58746  -22.166  -15.372  31.199 0.0000000000
58747  -22.966  -15.345  31.690 0.0000000000
50341  -9.945  -22.502  39.745 0.0000000000
50327  -10.664  -22.780  40.618 0.0000000000
52717  -13.505  -20.701  37.876 0.0000000000
52703  -13.143  -21.133  38.360 0.0000000000
52704  -13.812  -20.711  38.525 0.0000000000
50258  -4.356  -22.551  44.331 0.0000000000
63578  -37.687  -10.946  33.353 0.0000000000
56265  -17.853  -17.569  35.303 0.0000000000
56266  -18.388  -17.179  35.660 0.0000000000
57429  -20.104  -16.303  36.455 0.0000000000
57448  -20.358  -16.430  35.668 0.0000000000
58710  -15.462  -15.454  32.939 0.0000000000
59889  -15.149  -14.499  33.263 0.0000000000
58709  -14.815  -15.488  33.347 0.0000000000
57474  -15.150  -16.265  33.209 0.0000000000
56294  -14.900  -16.791  33.453 0.0000000000
56295  -15.424  -17.029  33.383 0.0000000000
56280  -16.696  -17.779  34.117 0.0000000000
55104  -17.531  -17.870  35.033 0.0000000000
55095  -17.413  -17.895  35.563 0.0000000000
66157  -29.592  -9.765  31.435 0.0000000000
64847  -31.101  -9.768  32.620 0.0000000000
77138  -35.734  -0.187  18.664 0.0000000000
78418  -37.044  0.636  18.389 0.0000000000
79689  -37.529  1.542  18.321 0.0000000000
85733  -42.837  5.920  15.959 0.0000000000
84577  -42.565  5.457  16.050 0.0000000000
83378  -42.342  4.597  16.078 0.0000000000
83396  -42.987  4.915  15.876 0.0000000000
83397  -43.666  4.824  15.701 0.0000000000
84590  -44.980  5.564  15.103 0.0000000000
83398  -44.580  4.755  15.552 0.0000000000
84591  -46.177  5.673  14.830 0.0000000000
86817  -45.774  8.011  14.970 0.0000000000
67467  -31.043  -7.953  29.745 0.0000000000
67481  -30.855  -8.013  29.366 0.0000000000
68637  -30.136  -7.358  29.036 0.0000000000
68656  -29.650  -7.231  28.377 0.0000000000
73602  -29.133  -3.334  22.822 0.0000000000
73601  -28.459  -3.296  23.396 0.0000000000
72384  -29.465  -4.040  22.636 0.0000000000
72377  -29.694  -4.677  22.823 0.0000000000
73632  -30.919  -3.529  21.317 0.0000000000
72394  -31.148  -4.551  21.194 0.0000000000
72414  -31.736  -4.447  20.809 0.0000000000
73646  -31.977  -4.156  20.581 0.0000000000
75887  -32.596  -1.931  20.997 0.0000000000
62359  -23.992  -12.203  30.958 0.0000000000
61151  -24.496  -13.690  31.795 0.0000000000
62360  -24.339  -12.752  31.759 0.0000000000
61096  -25.164  -12.918  34.029 0.0000000000
61117  -25.251  -13.579  33.968 0.0000000000
52712  -9.493  -19.651  37.625 0.0000000000
51579  -9.701  -21.304  38.264 0.0000000000
46743  -4.174  -25.388  46.085 0.0000000000
46737  -3.763  -25.424  46.672 0.0000000000
47882  -2.684  -24.783  47.084 0.0000000000
47881  -2.158  -24.901  47.104 0.0000000000
67433  -38.099  -8.563  31.228 0.0000000000
68586  -37.809  -7.479  31.015 0.0000000000
62348  -26.827  -12.471  32.089 0.0000000000
62339  -26.868  -12.542  32.972 0.0000000000
62340  -27.398  -12.952  33.376 0.0000000000
58663  -12.496  -14.811  36.417 0.0000000000
57425  -12.177  -15.775  36.512 0.0000000000
56262  -11.626  -17.404  35.896 0.0000000000
55091  -13.574  -18.676  35.148 0.0000000000
53877  -13.406  -20.113  36.683 0.0000000000
55101  -15.249  -18.506  34.498 0.0000000000
55100  -14.265  -18.294  34.565 0.0000000000
53893  -15.590  -19.307  36.339 0.0000000000
61141  -33.978  -13.448  32.703 0.0000000000
61160  -34.397  -13.241  31.952 0.0000000000
62387  -34.427  -12.398  30.878 0.0000000000
63645  -33.611  -11.341  30.078 0.0000000000
64899  -32.439  -10.389  31.232 0.0000000000
66159  -32.496  -9.981  31.378 0.0000000000
66181  -32.391  -9.022  30.922 0.0000000000
67450  -31.827  -8.422  30.808 0.0000000000
67469  -31.828  -8.636  30.257 0.0000000000
59917  -18.503  -14.436  31.205 0.0000000000
61165  -18.584  -14.011  30.976 0.0000000000
63616  -20.126  -11.720  30.770 0.0000000000
62377  -19.844  -12.622  30.520 0.0000000000
61179  -21.048  -12.814  29.852 0.0000000000
67443  -21.822  -8.612  30.225 0.0000000000
66175  -21.283  -9.640  30.101 0.0000000000
66199  -21.921  -10.117  29.458 0.0000000000
64942  -21.687  -10.703  29.586 0.0000000000
64943  -22.506  -10.682  29.414 0.0000000000
63640  -23.156  -11.553  29.588 0.0000000000
66201  -23.564  -9.738  29.595 0.0000000000
66202  -24.439  -9.896  29.827 0.0000000000
66177  -24.765  -10.373  30.314 0.0000000000
66203  -25.248  -9.693  29.759 0.0000000000
68581  -26.914  -6.887  31.292 0.0000000000
68566  -27.206  -6.657  32.063 0.0000000000
69693  -26.462  -6.299  31.853 0.0000000000
69692  -25.667  -6.067  31.639 0.0000000000
69709  -26.274  -6.531  31.167 0.0000000000
68599  -25.525  -7.095  30.043 0.0000000000
68619  -26.109  -7.515  29.732 0.0000000000
66205  -27.260  -9.629  29.504 0.0000000000
64947  -25.757  -10.402  30.028 0.0000000000
64923  -26.707  -11.374  30.424 0.0000000000
63641  -27.152  -11.580  30.304 0.0000000000
63622  -28.483  -11.951  30.028 0.0000000000
62381  -28.058  -12.476  30.597 0.0000000000
61172  -28.707  -12.847  30.788 0.0000000000
61135  -28.661  -13.798  32.046 0.0000000000
61154  -29.136  -13.363  31.158 0.0000000000
64926  -30.119  -10.954  30.722 0.0000000000
61156  -31.025  -13.532  31.562 0.0000000000
61137  -30.389  -13.881  31.914 0.0000000000
61138  -31.211  -13.949  32.474 0.0000000000
61120  -31.698  -14.005  33.306 0.0000000000
61139  -32.212  -13.721  32.560 0.0000000000
61140  -33.105  -13.550  32.672 0.0000000000
61123  -34.412  -13.582  33.553 0.0000000000
62356  -18.573  -12.342  31.717 0.0000000000
61131  -18.127  -12.309  32.176 0.0000000000
61147  -17.639  -13.884  31.694 0.0000000000
69903  -39.232  -6.375  21.676 0.0000000000
72422  -39.457  -4.705  19.954 0.0000000000
72396  -39.776  -5.113  20.585 0.0000000000
74820  -37.728  -1.839  18.442 0.0000000000
74805  -38.208  -2.589  18.609 0.0000000000
74821  -38.566  -1.875  18.473 0.0000000000
83338  -36.993  4.890  19.412 0.0000000000
84543  -37.708  5.266  18.780 0.0000000000
83358  -38.798  4.435  17.636 0.0000000000
83347  -38.089  4.345  18.016 0.0000000000
82133  -38.760  3.474  17.833 0.0000000000
84564  -40.853  5.492  16.834 0.0000000000
84563  -39.733  5.481  17.548 0.0000000000
80929  -40.604  2.728  17.618 0.0000000000
80912  -40.191  2.105  18.058 0.0000000000
80894  -42.988  1.491  19.074 0.0000000000
82179  -44.578  3.522  16.559 0.0000000000
84608  -48.130  5.901  15.029 0.0000000000
85759  -49.524  6.439  14.623 0.0000000000
87906  -48.971  8.559  13.690 0.0000000000
87907  -50.193  8.456  13.110 0.0000000000
52649  -5.329  -21.230  43.035 0.0000000000
50259  -4.757  -22.344  43.640 0.0000000000
49108  -5.082  -23.815  43.392 0.0000000000
47919  -7.542  -24.394  43.440 0.0000000000
47929  -6.774  -24.213  42.802 0.0000000000
47918  -6.745  -24.702  43.546 0.0000000000
46755  -6.194  -25.382  45.057 0.0000000000
47907  -6.493  -25.080  44.296 0.0000000000
47906  -5.577  -25.051  44.397 0.0000000000
46754  -5.390  -25.442  45.086 0.0000000000
46733  -5.521  -25.990  47.786 0.0000000000
62370  -35.862  -12.497  32.006 0.0000000000
64928  -35.555  -11.222  30.093 0.0000000000
64929  -36.269  -10.885  30.397 0.0000000000
66183  -36.713  -10.256  30.198 0.0000000000
67483  -34.775  -9.015  27.873 0.0000000000
66232  -35.824  -8.781  28.727 0.0000000000
66211  -36.335  -9.782  29.416 0.0000000000
67470  -36.319  -8.392  29.142 0.0000000000
68638  -34.476  -6.893  28.286 0.0000000000
68640  -35.446  -7.456  28.842 0.0000000000
69747  -34.659  -6.542  28.744 0.0000000000
69726  -35.017  -6.499  29.099 0.0000000000
69725  -34.517  -6.170  28.790 0.0000000000
72326  -28.157  -4.539  27.284 0.0000000000
71092  -28.580  -5.447  27.591 0.0000000000
69795  -28.454  -6.122  26.788 0.0000000000
72357  -27.743  -4.537  25.498 0.0000000000
69842  -29.068  -6.138  25.203 0.0000000000
69797  -30.399  -7.072  26.173 0.0000000000
71124  -33.457  -5.812  27.006 0.0000000000
71095  -34.171  -5.517  27.885 0.0000000000
69825  -34.389  -6.293  25.645 0.0000000000
69879  -32.688  -6.961  22.865 0.0000000000
69866  -34.485  -7.206  23.707 0.0000000000
68692  -37.205  -7.469  23.132 0.0000000000
68699  -37.419  -7.437  22.951 0.0000000000
69884  -37.728  -7.267  22.442 0.0000000000
69901  -37.132  -6.657  21.264 0.0000000000
72418  -35.783  -5.210  19.885 0.0000000000
72419  -36.233  -5.174  19.863 0.0000000000
73648  -33.231  -3.832  19.763 0.0000000000
72440  -33.664  -4.487  19.699 0.0000000000
75927  -35.455  -1.283  18.736 0.0000000000
78400  -34.754  0.284  19.478 0.0000000000
58743  -19.388  -15.459  31.572 0.0000000000
58729  -19.740  -15.904  32.292 0.0000000000
58730  -20.606  -15.919  32.218 0.0000000000
58713  -22.000  -16.198  33.163 0.0000000000
58712  -20.951  -16.411  33.116 0.0000000000
58696  -21.474  -16.385  34.215 0.0000000000
58681  -21.249  -16.332  35.472 0.0000000000
58682  -22.359  -16.315  35.134 0.0000000000
58734  -24.341  -15.344  32.896 0.0000000000
58715  -23.941  -15.830  33.378 0.0000000000
58699  -24.221  -15.885  34.369 0.0000000000
64820  -26.039  -12.108  33.944 0.0000000000
52672  -6.671  -21.307  40.911 0.0000000000
53831  -8.126  -19.258  39.539 0.0000000000
53830  -7.674  -19.799  39.727 0.0000000000
52686  -7.877  -20.308  39.294 0.0000000000
50325  -8.318  -22.631  40.262 0.0000000000
50324  -7.574  -22.477  40.549 0.0000000000
49151  -7.906  -23.025  40.837 0.0000000000
49137  -8.226  -23.380  41.445 0.0000000000
49138  -9.086  -23.434  41.556 0.0000000000
53875  -11.230  -19.274  36.420 0.0000000000
52730  -11.583  -20.178  36.692 0.0000000000
51582  -12.557  -21.497  38.531 0.0000000000
51581  -11.846  -21.497  38.209 0.0000000000
51565  -11.374  -22.013  38.874 0.0000000000
88974  -52.833  9.678  12.023 0.0000000000
45596  -1.638  -26.203  47.060 0.0000000000
45597  -2.045  -26.367  47.598 0.0000000000
46736  -1.310  -25.457  46.790 0.0000000000
56298  -17.869  -17.155  33.983 0.0000000000
56282  -18.249  -17.262  34.733 0.0000000000
61104  -33.944  -13.906  34.481 0.0000000000
61129  -16.097  -13.777  32.586 0.0000000000
58725  -16.195  -15.385  32.601 0.0000000000
56297  -17.144  -17.219  33.688 0.0000000000
64848  -31.387  -9.600  32.796 0.0000000000
79671  -35.397  1.455  19.170 0.0000000000
78417  -36.188  0.599  18.562 0.0000000000
79672  -35.930  2.015  18.984 0.0000000000
85701  -42.130  6.747  17.020 0.0000000000
86802  -42.453  6.927  16.882 0.0000000000
85717  -43.060  6.690  16.274 0.0000000000
85734  -43.341  6.316  15.836 0.0000000000
69724  -30.242  -6.618  29.852 0.0000000000
69723  -29.844  -6.299  29.521 0.0000000000
73616  -29.659  -3.357  22.242 0.0000000000
73617  -30.228  -3.425  21.709 0.0000000000
74774  -31.419  -2.630  21.285 0.0000000000
63598  -24.401  -11.715  31.535 0.0000000000
62337  -25.105  -12.439  33.438 0.0000000000
62338  -25.391  -12.515  33.917 0.0000000000
55062  -9.990  -18.587  37.566 0.0000000000
52713  -9.962  -19.956  37.122 0.0000000000
46732  -4.132  -25.980  47.341 0.0000000000
61118  -27.880  -13.472  32.761 0.0000000000
61098  -27.992  -13.471  33.798 0.0000000000
61099  -28.694  -13.943  34.208 0.0000000000
61076  -28.918  -13.880  35.069 0.0000000000
61077  -29.802  -13.932  35.659 0.0000000000
59865  -13.880  -13.747  34.737 0.0000000000
59864  -13.239  -13.961  35.356 0.0000000000
58664  -12.801  -14.582  35.798 0.0000000000
57445  -12.515  -16.250  35.378 0.0000000000
56263  -12.394  -17.423  35.222 0.0000000000
56264  -12.938  -18.079  35.002 0.0000000000
55094  -16.814  -18.423  35.552 0.0000000000
55093  -15.845  -18.983  35.643 0.0000000000
62368  -34.116  -12.821  31.409 0.0000000000
61149  -18.887  -13.043  31.023 0.0000000000
62357  -19.156  -12.263  31.335 0.0000000000
68564  -21.633  -7.408  31.602 0.0000000000
68579  -21.922  -7.896  30.621 0.0000000000
67444  -22.490  -8.638  29.846 0.0000000000
67460  -23.115  -9.041  29.603 0.0000000000
67445  -23.158  -8.384  29.688 0.0000000000
68597  -23.752  -7.813  29.691 0.0000000000
68617  -24.712  -8.159  29.454 0.0000000000
68583  -28.369  -7.403  31.860 0.0000000000
68582  -27.740  -7.341  31.385 0.0000000000
68601  -27.214  -7.301  30.847 0.0000000000
67446  -26.990  -7.714  29.963 0.0000000000
64949  -28.013  -10.620  29.603 0.0000000000
63643  -28.464  -11.373  29.745 0.0000000000
63623  -29.147  -11.647  30.034 0.0000000000
62364  -30.474  -12.210  30.784 0.0000000000
71232  -37.936  -5.624  20.311 0.0000000000
71233  -38.940  -5.430  20.387 0.0000000000
72421  -38.253  -4.959  19.729 0.0000000000
72446  -39.280  -3.890  19.370 0.0000000000
74822  -39.332  -1.898  18.553 0.0000000000
75945  -39.015  -1.197  18.325 0.0000000000
84544  -38.481  5.848  19.049 0.0000000000
84553  -38.570  5.222  18.081 0.0000000000
84562  -39.104  4.946  17.610 0.0000000000
82175  -41.327  4.149  16.466 0.0000000000
80930  -41.712  2.579  17.607 0.0000000000
80915  -43.719  1.905  18.438 0.0000000000
86828  -47.921  6.893  14.264 0.0000000000
49119  -5.850  -23.836  42.683 0.0000000000
63628  -35.005  -11.862  30.420 0.0000000000
66254  -33.742  -9.220  27.565 0.0000000000
67504  -34.693  -7.632  27.972 0.0000000000
68661  -34.272  -7.090  27.876 0.0000000000
72344  -27.783  -4.577  26.420 0.0000000000
71172  -29.138  -5.234  23.780 0.0000000000
71160  -28.801  -5.558  24.512 0.0000000000
69823  -31.836  -6.473  25.580 0.0000000000
71145  -33.520  -5.808  26.111 0.0000000000
71163  -33.282  -5.913  25.690 0.0000000000
69897  -32.948  -6.813  21.767 0.0000000000
69881  -34.714  -7.261  22.523 0.0000000000
69882  -35.751  -7.273  22.298 0.0000000000
69900  -35.995  -6.773  21.125 0.0000000000
71230  -35.746  -5.690  20.221 0.0000000000
71255  -35.152  -5.298  19.859 0.0000000000
74802  -33.762  -3.035  19.542 0.0000000000
77123  -34.447  -0.496  19.684 0.0000000000
58755  -20.977  -15.120  30.953 0.0000000000
58745  -20.987  -15.412  31.338 0.0000000000
51578  -8.724  -21.058  38.634 0.0000000000
51577  -8.247  -20.781  39.018 0.0000000000
50340  -8.958  -22.447  39.760 0.0000000000
50309  -9.696  -23.295  41.504 0.0000000000
52716  -12.957  -20.778  37.452 0.0000000000
51567  -12.893  -21.493  39.161 0.0000000000
56250  -17.575  -17.667  37.206 0.0000000000
57426  -18.064  -17.277  37.007 0.0000000000
57427  -18.567  -16.855  36.978 0.0000000000
57446  -18.860  -16.755  36.140 0.0000000000
59881  -30.888  -14.159  34.102 0.0000000000
59868  -30.862  -14.070  34.689 0.0000000000
61091  -15.556  -12.591  34.020 0.0000000000
61128  -15.614  -14.100  32.888 0.0000000000
59877  -15.149  -13.695  33.610 0.0000000000
58695  -14.259  -15.429  33.823 0.0000000000
55080  -17.274  -18.036  36.315 0.0000000000
66156  -28.936  -9.337  30.988 0.0000000000
66180  -29.446  -9.926  30.721 0.0000000000
64896  -30.636  -10.712  31.200 0.0000000000
64870  -30.775  -10.137  32.085 0.0000000000
73679  -36.792  -2.701  18.646 0.0000000000
74819  -36.919  -1.882  18.433 0.0000000000
75943  -37.205  -1.070  18.419 0.0000000000
77140  -37.592  -0.251  18.384 0.0000000000
85682  -39.910  6.233  17.861 0.0000000000
85683  -40.561  6.616  18.032 0.0000000000
85715  -41.778  6.031  16.747 0.0000000000
84575  -41.241  5.062  16.424 0.0000000000
83377  -41.556  4.619  16.312 0.0000000000
82178  -43.668  3.619  16.504 0.0000000000
83381  -45.142  4.056  16.118 0.0000000000
84592  -47.148  5.554  15.151 0.0000000000
84606  -46.982  6.076  14.685 0.0000000000
85755  -46.105  6.615  14.658 0.0000000000
85756  -46.793  6.738  14.560 0.0000000000
86827  -47.368  7.431  14.291 0.0000000000
49121  -7.797  -23.577  42.000 0.0000000000
66209  -32.839  -10.044  29.444 0.0000000000
66228  -32.367  -9.545  28.831 0.0000000000
66252  -31.756  -9.080  28.278 0.0000000000
67499  -30.650  -8.139  28.626 0.0000000000
67500  -31.080  -8.518  27.969 0.0000000000
68671  -30.252  -7.551  26.961 0.0000000000
73571  -27.528  -2.805  24.950 0.0000000000
72375  -28.285  -4.066  23.800 0.0000000000
74741  -28.266  -2.449  23.787 0.0000000000
71173  -29.747  -5.384  23.345 0.0000000000
71174  -30.461  -5.834  23.223 0.0000000000
71184  -30.898  -5.830  22.639 0.0000000000
71197  -31.417  -5.729  21.709 0.0000000000
71198  -32.312  -5.898  21.102 0.0000000000
71227  -32.859  -5.504  20.495 0.0000000000
71228  -33.634  -5.600  20.290 0.0000000000
73634  -32.090  -3.195  20.598 0.0000000000
74787  -32.447  -2.768  20.525 0.0000000000
75907  -32.867  -2.312  20.465 0.0000000000
77108  -33.746  -0.887  20.803 0.0000000000
61170  -23.059  -13.516  30.033 0.0000000000
59923  -24.231  -14.282  31.536 0.0000000000
59905  -24.693  -14.587  32.514 0.0000000000
59890  -25.016  -14.741  33.227 0.0000000000
61132  -24.754  -13.364  32.510 0.0000000000
61133  -25.169  -13.906  33.144 0.0000000000
53845  -8.779  -19.328  38.696 0.0000000000
55047  -9.040  -18.630  38.626 0.0000000000
53832  -14.651  -20.110  39.660 0.0000000000
49098  -3.873  -23.517  45.030 0.0000000000
47904  -3.957  -24.421  45.332 0.0000000000
49097  -3.674  -24.012  45.545 0.0000000000
49086  -3.393  -23.440  45.914 0.0000000000
49077  -2.637  -23.594  46.666 0.0000000000
83328  -37.948  5.528  20.748 0.0000000000
84533  -39.610  6.559  20.340 0.0000000000
85657  -40.010  6.714  19.437 0.0000000000
64894  -26.119  -11.623  32.017 0.0000000000
64867  -25.734  -11.650  32.681 0.0000000000
63586  -26.460  -12.103  32.552 0.0000000000
63575  -26.543  -12.221  33.418 0.0000000000
59867  -30.359  -14.263  34.752 0.0000000000
57404  -11.792  -15.424  37.143 0.0000000000
57403  -11.411  -16.028  37.449 0.0000000000
56256  -11.100  -17.381  36.877 0.0000000000
56255  -10.681  -17.937  37.032 0.0000000000
55076  -11.487  -18.400  36.096 0.0000000000
53876  -12.264  -19.410  36.158 0.0000000000
55089  -11.952  -18.112  35.573 0.0000000000
53892  -15.063  -19.526  36.064 0.0000000000
53878  -14.518  -19.900  36.813 0.0000000000
88973  -51.816  9.627  12.451 0.0000000000
61124  -35.308  -13.314  33.533 0.0000000000
67468  -31.432  -8.333  29.980 0.0000000000
68621  -31.190  -7.693  30.306 0.0000000000
68603  -31.400  -7.700  30.851 0.0000000000
58727  -17.906  -15.377  31.929 0.0000000000
58742  -18.640  -15.209  31.503 0.0000000000
59918  -19.100  -14.909  31.071 0.0000000000
59919  -19.865  -15.106  31.103 0.0000000000
62376  -19.247  -13.004  30.702 0.0000000000
61167  -19.807  -13.670  30.494 0.0000000000
59933  -20.608  -14.747  30.721 0.0000000000
58756  -21.315  -15.113  30.868 0.0000000000
61169  -22.052  -13.732  29.889 0.0000000000
66133  -20.285  -9.843  31.999 0.0000000000
64917  -20.452  -10.888  30.609 0.0000000000
66174  -20.767  -10.349  30.409 0.0000000000
63617  -20.790  -11.621  30.151 0.0000000000
63638  -21.451  -11.549  29.669 0.0000000000
62393  -21.937  -12.330  29.476 0.0000000000
62379  -23.540  -12.454  30.123 0.0000000000
63618  -23.770  -11.505  30.317 0.0000000000
64919  -23.936  -10.902  30.284 0.0000000000
63619  -24.155  -11.317  30.726 0.0000000000
64920  -24.477  -10.839  30.601 0.0000000000
64921  -25.174  -10.691  30.711 0.0000000000
69691  -24.703  -6.167  31.434 0.0000000000
69707  -24.648  -6.633  30.511 0.0000000000
67463  -25.497  -8.751  29.444 0.0000000000
63620  -26.387  -11.639  31.369 0.0000000000
63600  -26.868  -12.232  31.374 0.0000000000
62362  -27.340  -12.588  31.366 0.0000000000
62396  -27.522  -11.958  30.383 0.0000000000
62363  -27.897  -12.771  31.111 0.0000000000
61134  -27.825  -13.229  31.806 0.0000000000
59892  -29.205  -14.235  32.759 0.0000000000
59893  -29.879  -14.335  33.143 0.0000000000
64925  -29.489  -10.664  30.178 0.0000000000
62383  -29.669  -12.382  30.519 0.0000000000
61136  -29.576  -13.827  31.730 0.0000000000
59909  -30.441  -14.148  32.708 0.0000000000
59894  -30.530  -14.265  33.376 0.0000000000
59895  -31.086  -14.121  33.332 0.0000000000
61113  -17.501  -12.021  32.859 0.0000000000
59903  -17.297  -14.482  31.885 0.0000000000
71205  -39.736  -5.608  21.215 0.0000000000
73667  -38.761  -3.332  18.914 0.0000000000
83345  -36.572  4.154  19.143 0.0000000000
82131  -36.713  3.459  18.694 0.0000000000
80910  -38.118  2.480  18.148 0.0000000000
79691  -39.657  1.367  18.124 0.0000000000
83359  -39.442  4.508  17.367 0.0000000000
82153  -39.786  3.550  17.412 0.0000000000
82134  -39.400  3.057  17.800 0.0000000000
78422  -41.290  0.379  18.508 0.0000000000
79694  -42.265  1.243  18.817 0.0000000000
85776  -50.990  6.884  13.766 0.0000000000
87908  -50.822  8.011  13.010 0.0000000000
87917  -50.553  8.933  12.761 0.0000000000
88972  -50.723  9.638  12.893 0.0000000000
51489  -4.719  -21.609  43.984 0.0000000000
47916  -5.106  -24.414  44.028 0.0000000000
46739  -5.445  -26.046  46.832 0.0000000000
45609  -4.856  -26.161  47.160 0.0000000000
64901  -37.291  -10.528  31.463 0.0000000000
64965  -34.950  -10.324  28.664 0.0000000000
66210  -35.510  -10.322  29.068 0.0000000000
66184  -37.169  -9.738  30.407 0.0000000000
67485  -35.666  -7.861  28.684 0.0000000000
68624  -36.432  -7.280  29.679 0.0000000000
68605  -36.222  -6.874  29.752 0.0000000000
69727  -35.724  -6.399  29.524 0.0000000000
71064  -29.103  -5.575  28.469 0.0000000000
72315  -28.545  -4.527  28.017 0.0000000000
71063  -28.831  -5.021  28.151 0.0000000000
69773  -29.058  -6.698  27.946 0.0000000000
71142  -27.967  -5.478  25.876 0.0000000000
71143  -28.506  -5.753  25.313 0.0000000000
69820  -28.626  -6.233  25.944 0.0000000000
68673  -31.975  -6.941  26.626 0.0000000000
69775  -33.535  -6.424  27.490 0.0000000000
71123  -32.927  -6.004  26.540 0.0000000000
69800  -33.020  -6.234  26.852 0.0000000000
71065  -33.916  -5.982  28.300 0.0000000000
71066  -34.223  -5.797  28.465 0.0000000000
71046  -35.260  -5.836  29.161 0.0000000000
71047  -35.946  -5.857  29.529 0.0000000000
71126  -35.144  -5.587  27.012 0.0000000000
69847  -34.339  -6.706  24.754 0.0000000000
71203  -37.675  -6.197  20.857 0.0000000000
69925  -36.927  -6.285  20.754 0.0000000000
72420  -37.192  -5.090  19.767 0.0000000000
72417  -33.856  -5.051  19.868 0.0000000000
72441  -34.402  -4.729  19.610 0.0000000000
73663  -34.565  -3.866  19.271 0.0000000000
73664  -35.541  -3.577  18.978 0.0000000000
73678  -36.053  -2.873  18.669 0.0000000000
74818  -36.105  -2.053  18.464 0.0000000000
78401  -35.198  0.448  19.048 0.0000000000
80892  -35.429  2.347  19.741 0.0000000000
57479  -19.979  -16.430  33.603 0.0000000000
57466  -20.600  -16.516  34.628 0.0000000000
58733  -23.693  -15.422  32.285 0.0000000000
58714  -22.994  -16.064  33.196 0.0000000000
58683  -23.562  -16.275  35.257 0.0000000000
58667  -21.886  -16.341  36.460 0.0000000000
64844  -25.629  -11.819  33.170 0.0000000000
63557  -25.751  -11.946  33.747 0.0000000000
52660  -6.269  -20.742  41.589 0.0000000000
51530  -6.441  -21.794  41.314 0.0000000000
50307  -6.918  -22.438  41.202 0.0000000000
51561  -7.271  -21.022  40.026 0.0000000000
51546  -7.219  -21.640  40.372 0.0000000000
50308  -7.328  -22.597  40.968 0.0000000000
49136  -7.444  -22.991  41.392 0.0000000000
49122  -8.566  -23.673  42.107 0.0000000000
49139  -9.702  -23.426  41.978 0.0000000000
53874  -10.555  -19.110  36.747 0.0000000000
52714  -10.930  -20.639  37.314 0.0000000000
52715  -11.954  -20.919  37.387 0.0000000000
52701  -10.754  -20.980  37.692 0.0000000000
51580  -10.830  -21.326  38.145 0.0000000000
52674  -13.734  -21.004  39.907 0.0000000000
50329  -12.241  -22.219  40.162 0.0000000000
50328  -11.593  -22.540  40.398 0.0000000000
46742  -1.087  -25.362  46.119 0.0000000000
47888  -1.175  -24.615  46.512 0.0000000000
45608  -4.542  -26.073  47.196 0.0000000000
50323  -7.147  -22.246  40.744 0.0000000000
50344  -12.260  -22.109  39.641 0.0000000000
51591  -10.975  -21.016  37.736 0.0000000000
52728  -10.351  -19.528  36.923 0.0000000000
53859  -9.712  -19.122  37.580 0.0000000000
57492  -19.777  -16.207  32.880 0.0000000000
58716  -24.803  -15.270  33.562 0.0000000000
58741  -18.235  -14.874  31.533 0.0000000000
58744  -20.170  -15.515  31.608 0.0000000000
59882  -31.348  -14.054  33.761 0.0000000000
59891  -25.251  -14.517  33.800 0.0000000000
59908  -29.798  -14.121  32.404 0.0000000000
59930  -18.637  -14.266  31.018 0.0000000000
59932  -19.529  -14.432  30.789 0.0000000000
59935  -22.565  -14.306  30.363 0.0000000000
61116  -24.910  -13.064  33.329 0.0000000000
61152  -27.852  -12.917  31.361 0.0000000000
61166  -18.972  -13.676  30.791 0.0000000000
61171  -28.383  -12.772  30.866 0.0000000000
61181  -22.316  -13.029  29.637 0.0000000000
62326  -25.083  -12.882  34.100 0.0000000000
62361  -26.865  -12.352  31.613 0.0000000000
62380  -27.384  -12.184  30.734 0.0000000000
62382  -28.923  -12.419  30.357 0.0000000000
62392  -21.225  -12.297  29.786 0.0000000000
63574  -25.543  -12.338  33.828 0.0000000000
63584  -19.183  -11.211  32.040 0.0000000000
63595  -19.315  -11.536  31.609 0.0000000000
63596  -19.599  -11.574  31.306 0.0000000000
63621  -26.831  -11.877  30.932 0.0000000000
63639  -22.267  -11.545  29.394 0.0000000000
64819  -25.857  -11.950  33.545 0.0000000000
64845  -25.944  -11.848  33.344 0.0000000000
64846  -26.265  -12.112  33.729 0.0000000000
66154  -20.467  -10.085  30.968 0.0000000000
66176  -21.967  -9.071  29.800 0.0000000000
66178  -24.972  -10.137  30.160 0.0000000000
66207  -31.772  -8.847  29.748 0.0000000000
67465  -27.721  -8.853  29.694 0.0000000000
68567  -27.983  -7.006  32.328 0.0000000000
68580  -22.188  -7.264  30.807 0.0000000000
68595  -22.241  -8.209  30.223 0.0000000000
68616  -24.233  -8.452  29.520 0.0000000000
68622  -35.174  -7.005  29.047 0.0000000000
68636  -29.738  -7.098  28.786 0.0000000000
68639  -34.914  -7.197  28.568 0.0000000000
68691  -36.973  -7.496  23.076 0.0000000000
68698  -37.121  -7.448  22.821 0.0000000000
69745  -33.815  -6.155  28.077 0.0000000000
69746  -34.269  -6.430  28.378 0.0000000000
69819  -28.254  -5.832  26.322 0.0000000000
69824  -33.905  -6.007  25.853 0.0000000000
71044  -29.920  -5.970  29.972 0.0000000000
71093  -28.837  -6.028  27.853 0.0000000000
71202  -37.174  -6.267  20.787 0.0000000000
71254  -34.892  -5.133  19.713 0.0000000000
72368  -28.629  -4.794  23.940 0.0000000000
73586  -27.663  -2.622  24.688 0.0000000000
74775  -31.988  -2.701  20.871 0.0000000000
79649  -34.748  0.997  19.735 0.0000000000
79674  -42.763  1.191  19.266 0.0000000000
79687  -35.851  1.092  18.718 0.0000000000
82097  -35.706  2.961  20.032 0.0000000000
84565  -41.450  5.883  16.787 0.0000000000
84607  -47.688  5.967  14.861 0.0000000000
85698  -39.979  5.980  17.576 0.0000000000
