#!ascii label  , from subject sub001 vox2ras=TkReg
2198
11494  -45.661  -61.906  -23.117 0.1000000015
12251  -44.938  -61.068  -23.700 0.1000000015
11515  -42.511  -61.694  -24.618 0.1000000015
12270  -44.088  -60.786  -24.466 0.1000000015
11537  -43.498  -61.266  -25.516 0.1000000015
12295  -44.607  -60.408  -25.691 0.1000000015
11558  -43.501  -62.047  -26.875 0.1000000015
12312  -44.809  -60.487  -27.118 0.1000000015
12324  -45.515  -59.807  -27.698 0.1000000015
11571  -44.404  -61.641  -27.887 0.1000000015
12323  -45.065  -60.493  -28.313 0.1000000015
10779  -44.174  -62.858  -28.174 0.1000000015
12333  -45.162  -60.213  -29.068 0.1000000015
14012  -44.882  -58.556  -28.752 0.1000000015
11580  -44.780  -61.125  -29.167 0.1000000015
11589  -44.533  -60.837  -29.913 0.1000000015
11517  -48.469  -61.217  -24.617 0.1000000015
12252  -45.990  -60.765  -23.752 0.1000000015
11496  -47.648  -61.344  -24.217 0.1000000015
12271  -45.213  -60.387  -24.577 0.1000000015
12274  -48.039  -60.349  -24.686 0.1000000015
12273  -47.258  -60.061  -24.663 0.1000000015
13054  -47.636  -59.580  -25.253 0.1000000015
12313  -45.388  -59.711  -26.497 0.1000000015
13091  -46.905  -58.817  -26.867 0.1000000015
13090  -46.188  -59.313  -27.211 0.1000000015
12334  -45.523  -59.747  -28.616 0.1000000015
14851  -43.655  -57.353  -21.228 0.1000000015
13902  -43.893  -58.047  -22.556 0.1000000015
13925  -44.651  -58.100  -23.768 0.1000000015
13948  -44.826  -58.171  -25.112 0.1000000015
13983  -44.459  -58.321  -26.940 0.1000000015
13984  -45.312  -57.915  -27.372 0.1000000015
14955  -45.329  -58.028  -28.371 0.1000000015
14013  -45.595  -58.565  -28.681 0.1000000015
14016  -45.052  -58.902  -29.197 0.1000000015
12340  -45.242  -59.628  -29.218 0.1000000015
10691  -49.171  -62.340  -23.693 0.1000000015
12299  -50.065  -60.383  -24.937 0.2000000030
12277  -50.317  -60.649  -24.340 0.2000000030
10713  -48.740  -61.886  -24.320 0.1000000015
13076  -50.279  -59.633  -24.994 0.1000000015
11518  -49.148  -61.110  -24.948 0.1000000015
13075  -49.629  -59.266  -25.559 0.1000000015
12297  -49.285  -60.086  -25.210 0.1000000015
21331  -49.534  -50.881  -16.784 0.1000000015
21312  -47.925  -50.926  -16.103 0.1000000015
13969  -49.658  -58.611  -25.876 0.1000000015
13074  -48.820  -59.122  -25.857 0.1000000015
13073  -47.937  -58.971  -25.901 0.1000000015
20348  -46.086  -50.951  -15.462 0.1000000015
20333  -45.798  -51.496  -14.946 0.1000000015
19428  -45.373  -52.463  -14.648 0.1000000015
18534  -43.618  -53.650  -15.821 0.1000000015
18559  -43.666  -53.786  -17.252 0.1000000015
17721  -44.314  -54.354  -19.708 0.1000000015
13093  -49.026  -58.514  -26.230 0.1000000015
13987  -48.404  -58.170  -26.713 0.1000000015
13107  -46.742  -58.854  -27.890 0.1000000015
19427  -44.709  -52.599  -14.741 0.1000000015
18558  -43.029  -53.356  -16.633 0.1000000015
18627  -43.522  -53.880  -19.236 0.1000000015
15843  -44.608  -56.099  -20.725 0.1000000015
15844  -45.156  -56.127  -20.956 0.1000000015
14873  -46.785  -56.722  -22.806 0.1000000015
14892  -46.130  -57.630  -23.793 0.1000000015
14001  -47.601  -58.024  -27.890 0.1000000015
14014  -46.660  -58.286  -28.371 0.1000000015
17720  -43.505  -54.521  -19.624 0.1000000015
15842  -43.624  -56.358  -20.414 0.1000000015
14852  -44.449  -57.170  -21.513 0.1000000015
14872  -45.754  -57.136  -22.360 0.1000000015
14931  -46.053  -57.683  -26.878 0.1000000015
13903  -44.607  -57.874  -22.864 0.1000000015
14891  -45.172  -57.691  -22.981 0.1000000015
13926  -45.399  -58.002  -24.525 0.1000000015
13966  -45.140  -58.129  -26.293 0.1000000015
14957  -46.572  -57.510  -28.250 0.1000000015
13118  -45.716  -59.069  -28.733 0.1000000015
13056  -50.931  -59.538  -24.008 0.1000000015
12255  -50.751  -60.346  -23.203 0.2000000030
10692  -49.901  -62.044  -23.188 0.1000000015
10664  -50.367  -61.862  -22.224 0.2000000030
10663  -49.572  -62.655  -22.617 0.2000000030
13057  -51.193  -58.720  -24.048 0.1000000015
13950  -51.192  -58.057  -24.434 0.1000000015
22310  -50.236  -50.183  -17.726 0.1000000015
21349  -49.242  -50.319  -17.171 0.1000000015
13970  -50.267  -58.378  -25.683 0.1000000015
13989  -49.972  -57.887  -26.086 0.1000000015
14949  -49.732  -57.450  -26.099 0.1000000015
20350  -47.583  -51.571  -15.687 0.1000000015
18520  -45.022  -53.015  -14.698 0.1000000015
18535  -44.460  -53.463  -15.084 0.1000000015
17628  -44.192  -54.286  -15.912 0.1000000015
18628  -44.623  -53.769  -19.179 0.1000000015
16797  -45.432  -55.405  -20.637 0.1000000015
15877  -47.083  -55.759  -22.226 0.1000000015
14893  -47.516  -56.710  -23.844 0.1000000015
14933  -48.032  -57.386  -25.967 0.1000000015
14002  -47.914  -57.691  -27.342 0.1000000015
14932  -46.990  -57.508  -26.413 0.1000000015
14972  -46.923  -57.643  -28.430 0.1000000015
13927  -48.678  -58.504  -23.095 0.1000000015
13015  -49.259  -59.331  -22.851 0.1000000015
13929  -50.210  -57.728  -23.399 0.1000000015
13034  -49.939  -58.326  -23.237 0.1000000015
13016  -50.275  -59.044  -22.770 0.1000000015
12235  -50.620  -59.974  -22.151 0.2000000030
12218  -50.764  -60.647  -21.629 0.2000000030
13035  -51.098  -59.527  -23.069 0.2000000030
11458  -50.801  -61.166  -21.475 0.2000000030
10640  -50.375  -62.186  -21.091 0.2000000030
14898  -51.181  -57.285  -23.658 0.1000000015
14897  -50.694  -57.135  -23.450 0.1000000015
15900  -51.054  -56.577  -23.565 0.1000000015
15920  -51.381  -56.504  -24.402 0.1000000015
21350  -50.003  -50.491  -17.317 0.1000000015
20370  -49.843  -51.838  -16.430 0.1000000015
20352  -49.443  -52.324  -16.034 0.1000000015
19443  -49.115  -52.848  -15.672 0.1000000015
14936  -51.295  -57.494  -24.913 0.1000000015
16873  -50.426  -55.917  -25.115 0.1000000015
22325  -51.363  -49.615  -18.686 0.1000000015
22326  -52.188  -49.912  -18.818 0.1000000015
20369  -49.136  -51.243  -16.501 0.1000000015
20351  -48.711  -51.708  -16.021 0.1000000015
18536  -45.194  -53.984  -15.046 0.1000000015
17629  -45.073  -54.503  -15.497 0.1000000015
18629  -45.583  -53.726  -19.134 0.1000000015
17761  -47.741  -54.306  -21.148 0.1000000015
16828  -48.482  -54.815  -22.469 0.1000000015
15898  -49.052  -55.714  -23.867 0.1000000015
15932  -49.479  -56.393  -25.537 0.1000000015
23342  -51.477  -49.104  -19.025 0.1000000015
17722  -45.329  -54.097  -19.550 0.1000000015
16814  -47.116  -54.998  -21.332 0.1000000015
15896  -47.517  -56.126  -22.944 0.1000000015
15916  -48.671  -56.143  -24.185 0.1000000015
14934  -48.874  -56.848  -25.768 0.1000000015
23365  -51.931  -48.655  -19.358 0.1000000015
24417  -52.560  -47.800  -19.771 0.1000000015
24416  -51.636  -47.510  -19.384 0.1000000015
25453  -52.224  -47.162  -19.694 0.1000000015
14837  -47.522  -57.204  -20.706 0.1000000015
13906  -48.766  -57.468  -22.791 0.1000000015
14814  -47.413  -57.030  -19.720 0.1000000015
15845  -48.279  -56.561  -20.628 0.1000000015
13014  -48.298  -59.149  -22.963 0.1000000015
12234  -49.848  -59.930  -22.227 0.1000000015
12217  -50.325  -60.546  -21.538 0.2000000030
15824  -48.063  -55.778  -19.485 0.1000000015
15879  -49.512  -56.259  -22.169 0.1000000015
14896  -49.922  -56.946  -23.267 0.1000000015
11457  -50.642  -61.096  -21.031 0.2000000030
15802  -47.138  -56.093  -18.619 0.1000000015
15865  -49.698  -55.526  -21.750 0.1000000015
22366  -54.773  -49.615  -20.294 0.1000000015
21380  -53.324  -50.194  -19.473 0.1000000015
21364  -52.994  -50.740  -18.747 0.1000000015
21352  -52.220  -51.177  -18.020 0.1000000015
20390  -51.119  -51.388  -17.069 0.1000000015
20371  -50.982  -52.024  -16.679 0.1000000015
15801  -46.337  -56.565  -18.021 0.1000000015
15825  -48.555  -54.996  -19.878 0.1000000015
15880  -50.255  -56.095  -22.722 0.1000000015
16846  -51.076  -56.013  -23.659 0.1000000015
21363  -51.833  -50.341  -18.348 0.1000000015
18538  -48.546  -53.823  -15.296 0.1000000015
18524  -48.080  -54.303  -15.136 0.1000000015
16687  -45.713  -55.009  -15.325 0.1000000015
17763  -49.100  -54.265  -21.620 0.1000000015
17774  -49.784  -54.689  -21.966 0.1000000015
16845  -50.566  -55.570  -23.741 0.1000000015
22367  -55.370  -48.870  -20.461 0.1000000015
19430  -47.274  -53.028  -15.038 0.1000000015
17612  -46.324  -54.242  -14.855 0.1000000015
16702  -45.420  -55.487  -15.749 0.1000000015
17700  -46.738  -54.010  -18.856 0.1000000015
17745  -47.986  -54.054  -20.744 0.1000000015
16829  -49.382  -54.771  -22.726 0.1000000015
16844  -49.770  -55.371  -23.822 0.1000000015
23367  -53.795  -49.370  -20.287 0.1000000015
23366  -53.270  -48.819  -20.005 0.1000000015
23388  -54.196  -48.916  -20.672 0.1000000015
23387  -53.753  -48.437  -20.463 0.1000000015
25469  -54.374  -47.583  -20.990 0.1000000015
26473  -53.430  -46.185  -20.851 0.1000000015
25466  -52.235  -46.187  -19.943 0.1000000015
13905  -47.914  -57.953  -22.544 0.1000000015
14791  -47.377  -56.569  -19.054 0.1000000015
14790  -46.629  -57.260  -18.564 0.1000000015
14854  -47.164  -57.526  -21.262 0.1000000015
12233  -48.807  -59.942  -22.416 0.1000000015
14748  -48.018  -57.842  -15.483 0.1000000015
13904  -47.012  -58.646  -22.357 0.1000000015
12216  -49.349  -60.578  -21.730 0.1000000015
15754  -47.412  -56.618  -15.376 0.1000000015
14747  -46.865  -57.420  -15.731 0.1000000015
21397  -54.483  -50.144  -19.988 0.1000000015
21353  -52.732  -51.499  -18.334 0.1000000015
20391  -51.841  -51.929  -17.333 0.1000000015
15753  -46.191  -56.296  -15.647 0.1000000015
16761  -47.435  -54.925  -18.825 0.1000000015
12215  -48.208  -60.582  -22.025 0.1000000015
11455  -48.766  -61.259  -21.298 0.2000000030
21365  -53.686  -51.012  -19.020 0.1000000015
19444  -50.104  -52.968  -16.094 0.1000000015
18539  -49.654  -53.863  -15.794 0.1000000015
16688  -46.379  -55.143  -15.009 0.1000000015
15734  -46.327  -55.716  -15.297 0.1000000015
17701  -47.518  -54.243  -19.184 0.1000000015
24440  -56.345  -47.371  -21.104 0.1000000015
24438  -54.716  -48.019  -21.140 0.1000000015
25483  -56.387  -46.752  -21.633 0.1000000015
26486  -56.881  -45.514  -21.829 0.1000000015
25481  -54.694  -47.033  -21.292 0.1000000015
26484  -55.115  -46.062  -21.664 0.1000000015
27466  -53.783  -45.614  -21.029 0.1000000015
14749  -49.299  -58.187  -15.527 0.1000000015
13765  -48.413  -58.603  -15.352 0.1000000015
13764  -47.160  -58.239  -15.618 0.1000000015
14750  -50.296  -57.449  -15.741 0.1000000015
14777  -46.202  -57.525  -17.513 0.1000000015
13783  -46.349  -58.159  -16.710 0.1000000015
13883  -47.294  -57.627  -21.831 0.1000000015
15755  -48.686  -57.036  -15.414 0.1000000015
14813  -46.440  -57.537  -19.563 0.1000000015
13013  -47.358  -59.207  -22.597 0.1000000015
16705  -49.139  -56.006  -15.476 0.1000000015
15756  -49.785  -57.040  -15.968 0.1000000015
13858  -45.981  -57.944  -20.841 0.1000000015
22345  -55.342  -49.544  -19.680 0.1000000015
21383  -55.129  -50.242  -19.312 0.1000000015
21366  -54.881  -50.720  -18.958 0.1000000015
20406  -53.637  -51.583  -18.596 0.1000000015
19489  -53.090  -52.746  -17.821 0.1000000015
19445  -50.629  -53.516  -16.241 0.1000000015
18560  -50.940  -54.077  -16.253 0.1000000015
17633  -50.350  -54.785  -16.151 0.1000000015
12997  -46.546  -59.271  -22.154 0.1000000015
12214  -47.023  -60.267  -22.253 0.1000000015
23346  -56.187  -47.801  -19.961 0.1000000015
20372  -51.591  -52.572  -16.893 0.1000000015
16704  -48.099  -55.910  -15.262 0.1000000015
11454  -47.541  -61.164  -21.459 0.1000000015
24419  -56.416  -47.299  -20.414 0.1000000015
25455  -56.851  -46.398  -20.473 0.1000000015
25470  -56.971  -46.580  -21.160 0.1000000015
26474  -57.246  -45.566  -21.050 0.1000000015
28484  -57.093  -43.578  -21.350 0.1000000015
26500  -56.459  -45.301  -22.188 0.1000000015
29592  -57.316  -42.663  -22.299 0.1000000015
14730  -50.576  -57.275  -15.453 0.1000000015
13751  -49.047  -58.647  -15.232 0.1000000015
13750  -48.723  -58.848  -15.115 0.1000000015
15738  -50.996  -56.699  -15.525 0.1000000015
15757  -50.801  -56.579  -16.061 0.1000000015
17634  -51.961  -55.359  -15.699 0.1000000015
13799  -46.162  -58.007  -17.641 0.1000000015
14835  -45.983  -57.742  -20.205 0.1000000015
16707  -50.865  -55.684  -16.323 0.1000000015
15771  -51.252  -55.958  -16.240 0.1000000015
13815  -45.925  -57.864  -18.314 0.1000000015
24392  -55.838  -47.428  -19.188 0.1000000015
19503  -53.401  -52.175  -18.271 0.1000000015
18561  -51.700  -54.158  -16.681 0.1000000015
17653  -51.186  -54.912  -16.388 0.1000000015
17654  -51.798  -54.965  -16.449 0.1000000015
14812  -45.604  -57.822  -19.607 0.1000000015
12213  -46.015  -60.038  -21.790 0.1000000015
25431  -56.008  -46.490  -19.474 0.1000000015
23345  -55.835  -48.357  -19.504 0.1000000015
22328  -55.348  -49.503  -18.558 0.1000000015
20407  -54.385  -51.548  -18.316 0.1000000015
19505  -54.059  -52.259  -18.020 0.1000000015
19467  -52.266  -53.130  -17.090 0.1000000015
12995  -45.256  -59.085  -21.178 0.1000000015
26456  -56.048  -45.589  -19.652 0.1000000015
28462  -55.758  -43.617  -20.351 0.1000000015
27449  -55.952  -44.547  -19.909 0.1000000015
29541  -54.697  -42.315  -20.582 0.1000000015
28463  -56.552  -43.628  -20.776 0.1000000015
29566  -55.817  -42.118  -21.206 0.1000000015
30637  -56.707  -41.629  -21.736 0.1000000015
30636  -55.749  -41.340  -21.478 0.1000000015
18541  -52.824  -54.024  -15.937 0.1000000015
17618  -52.335  -54.813  -15.617 0.1000000015
17617  -51.676  -55.086  -15.195 0.1000000015
14728  -49.302  -58.375  -14.854 0.1000000015
19446  -53.419  -53.177  -15.955 0.1000000015
14727  -48.332  -58.657  -14.677 0.1000000015
20393  -54.591  -51.786  -17.480 0.1000000015
19469  -53.854  -52.703  -17.239 0.1000000015
18542  -53.240  -53.479  -16.447 0.1000000015
17635  -52.335  -55.129  -16.079 0.1000000015
13748  -46.872  -58.496  -15.316 0.1000000015
25430  -55.358  -46.591  -19.060 0.1000000015
24391  -55.007  -47.395  -18.639 0.1000000015
20408  -54.985  -50.867  -18.284 0.1000000015
18586  -53.417  -52.959  -17.423 0.1000000015
18585  -53.117  -53.402  -17.319 0.1000000015
13798  -45.530  -58.270  -17.783 0.1000000015
26430  -55.063  -45.597  -19.087 0.1000000015
13881  -45.617  -58.507  -21.128 0.1000000015
12212  -45.256  -59.750  -21.339 0.1000000015
27448  -54.833  -44.484  -19.339 0.1000000015
28443  -54.690  -43.405  -19.874 0.1000000015
29518  -53.747  -42.468  -20.035 0.1000000015
29540  -53.628  -41.868  -20.378 0.1000000015
29565  -55.223  -41.749  -21.190 0.1000000015
31647  -52.598  -40.238  -20.856 0.1000000015
32684  -52.512  -39.588  -21.163 0.1000000015
31662  -55.584  -40.667  -21.842 0.1000000015
16692  -51.148  -56.147  -14.966 0.1000000015
15737  -50.674  -57.093  -14.995 0.1000000015
16690  -49.625  -56.715  -14.187 0.1000000015
15720  -49.161  -57.444  -14.220 0.1000000015
25428  -53.616  -46.347  -18.379 0.1000000015
22315  -55.224  -49.838  -17.778 0.1000000015
21336  -55.029  -50.626  -16.903 0.1000000015
20354  -54.394  -51.750  -16.157 0.1000000015
28424  -53.471  -43.660  -18.951 0.1000000015
27425  -53.681  -44.424  -18.674 0.1000000015
26429  -54.104  -45.513  -18.589 0.1000000015
23344  -55.234  -48.479  -18.464 0.1000000015
22327  -55.087  -49.371  -18.044 0.1000000015
20394  -55.007  -51.206  -17.572 0.1000000015
13782  -45.956  -58.479  -16.958 0.1000000015
28442  -53.532  -43.064  -19.445 0.1000000015
29517  -52.839  -42.114  -19.755 0.1000000015
31608  -51.329  -40.868  -19.472 0.1000000015
30618  -52.390  -41.141  -20.240 0.1000000015
31645  -51.123  -40.144  -20.067 0.1000000015
31646  -51.761  -40.314  -20.385 0.1000000015
32682  -51.254  -39.556  -20.412 0.1000000015
32683  -51.961  -39.517  -20.845 0.1000000015
33726  -51.721  -38.888  -21.294 0.1000000015
20337  -53.474  -51.901  -15.259 0.1000000015
18528  -52.229  -53.932  -15.247 0.1000000015
18527  -51.293  -53.932  -14.712 0.1000000015
17616  -50.815  -55.121  -14.586 0.1000000015
21315  -54.083  -51.199  -15.454 0.1000000015
20373  -54.849  -51.527  -16.824 0.1000000015
29500  -52.324  -42.302  -18.996 0.1000000015
28423  -52.661  -43.297  -18.594 0.1000000015
30575  -51.664  -41.520  -19.094 0.1000000015
32665  -49.779  -39.030  -19.402 0.1000000015
34759  -50.137  -38.033  -20.472 0.1000000015
34771  -49.602  -37.694  -20.941 0.1000000015
19433  -52.956  -52.866  -15.302 0.1000000015
21335  -54.394  -50.623  -16.231 0.1000000015
27424  -52.585  -44.396  -18.153 0.1000000015
26428  -53.142  -45.372  -18.281 0.1000000015
24390  -54.065  -47.395  -18.380 0.1000000015
23326  -54.179  -48.558  -17.930 0.1000000015
22295  -54.558  -50.262  -16.744 0.1000000015
30574  -50.955  -41.511  -18.545 0.1000000015
31607  -50.753  -40.682  -19.078 0.1000000015
33694  -49.238  -38.393  -19.247 0.1000000015
34757  -48.646  -37.625  -19.674 0.1000000015
34769  -47.957  -37.191  -20.314 0.1000000015
34770  -48.751  -37.486  -20.639 0.1000000015
21296  -53.150  -51.291  -15.007 0.1000000015
22313  -53.523  -49.381  -17.210 0.1000000015
22294  -54.014  -50.013  -16.562 0.1000000015
21334  -53.581  -50.496  -15.866 0.1000000015
28422  -51.784  -43.116  -18.102 0.1000000015
28403  -52.039  -43.693  -17.990 0.1000000015
24389  -53.207  -47.050  -18.175 0.1000000015
24373  -53.399  -47.756  -17.910 0.1000000015
29499  -51.554  -42.368  -18.373 0.1000000015
34756  -47.850  -37.282  -19.455 0.1000000015
35813  -47.267  -36.769  -19.960 0.1000000015
35803  -46.563  -36.448  -19.559 0.1000000015
23325  -53.016  -48.429  -17.479 0.1000000015
27404  -51.719  -44.352  -17.757 0.1000000015
25411  -52.720  -46.277  -18.005 0.1000000015
24372  -52.497  -47.344  -17.640 0.1000000015
31591  -49.806  -40.693  -18.188 0.1000000015
33681  -48.987  -38.780  -18.745 0.1000000015
33693  -48.700  -37.941  -19.141 0.1000000015
35804  -47.196  -36.910  -19.082 0.1000000015
36833  -44.652  -35.079  -18.662 0.1000000015
30557  -50.432  -41.520  -18.145 0.1000000015
31606  -50.109  -40.412  -18.704 0.1000000015
33668  -48.196  -38.717  -18.175 0.1000000015
34743  -47.128  -37.328  -18.270 0.1000000015
35790  -47.119  -37.105  -18.601 0.1000000015
36834  -45.448  -35.789  -18.605 0.1000000015
37882  -44.220  -34.734  -18.102 0.1000000015
36816  -45.428  -36.129  -17.948 0.1000000015
32641  -49.180  -40.179  -18.089 0.1000000015
35774  -46.271  -37.127  -17.722 0.1000000015
35789  -46.403  -36.724  -18.429 0.1000000015
35773  -45.678  -36.703  -17.487 0.1000000015
11516  -43.333  -61.194  -24.471 0.1000000015
12294  -44.002  -60.731  -25.341 0.1000000015
11538  -44.049  -60.848  -25.766 0.1000000015
13052  -46.465  -59.630  -25.325 0.1000000015
11559  -44.137  -61.106  -26.490 0.1000000015
12254  -47.516  -60.633  -24.417 0.1000000015
12253  -46.952  -60.690  -24.151 0.1000000015
13055  -48.316  -59.613  -25.307 0.1000000015
13071  -46.292  -59.377  -25.888 0.1000000015
13967  -47.803  -58.612  -26.456 0.1000000015
13985  -47.143  -58.598  -27.536 0.1000000015
14870  -44.087  -57.613  -21.844 0.1000000015
13947  -43.778  -58.368  -24.763 0.1000000015
13965  -44.093  -58.334  -25.867 0.1000000015
10714  -49.169  -61.720  -24.436 0.1000000015
11539  -49.442  -60.616  -25.080 0.1000000015
11498  -50.343  -61.315  -23.349 0.2000000030
21332  -50.451  -51.135  -16.888 0.1000000015
19441  -47.029  -52.183  -15.302 0.1000000015
17742  -45.070  -54.660  -20.066 0.1000000015
16778  -43.811  -54.983  -19.861 0.1000000015
15861  -45.690  -56.276  -21.413 0.1000000015
14853  -45.104  -56.986  -21.712 0.1000000015
15862  -46.494  -55.778  -21.616 0.1000000015
14913  -45.995  -57.888  -25.454 0.1000000015
14914  -47.221  -57.408  -25.063 0.1000000015
14958  -47.334  -57.502  -28.001 0.1000000015
14947  -47.651  -57.353  -27.090 0.1000000015
13909  -51.174  -58.738  -22.994 0.1000000015
12236  -50.891  -60.227  -22.270 0.2000000030
11475  -50.706  -60.949  -22.417 0.2000000030
13930  -50.826  -57.894  -23.414 0.1000000015
15934  -50.843  -56.530  -25.409 0.1000000015
14948  -48.645  -57.481  -26.383 0.1000000015
18521  -45.638  -53.475  -14.772 0.1000000015
18604  -45.004  -53.929  -18.634 0.1000000015
16798  -46.378  -54.862  -20.680 0.1000000015
16827  -47.710  -55.108  -22.058 0.1000000015
14915  -48.392  -56.698  -24.890 0.1000000015
14959  -47.824  -57.471  -27.283 0.1000000015
15899  -50.590  -56.549  -23.293 0.1000000015
19442  -48.045  -52.602  -15.352 0.1000000015
16860  -49.849  -55.615  -24.668 0.1000000015
22342  -52.734  -49.654  -19.377 0.1000000015
17675  -44.976  -54.489  -17.941 0.1000000015
17699  -45.645  -54.431  -18.432 0.1000000015
17744  -47.028  -54.138  -20.493 0.1000000015
17762  -48.474  -54.315  -21.527 0.1000000015
15917  -49.296  -56.005  -24.714 0.1000000015
23364  -51.221  -48.126  -19.191 0.1000000015
14855  -47.899  -57.201  -21.514 0.1000000015
14875  -48.837  -56.986  -22.300 0.1000000015
15846  -48.984  -55.310  -20.724 0.1000000015
11456  -49.871  -61.188  -21.093 0.2000000030
15847  -49.570  -55.081  -21.315 0.1000000015
15784  -45.836  -56.728  -17.160 0.1000000015
16780  -48.524  -54.435  -20.273 0.1000000015
16799  -49.004  -54.559  -20.886 0.1000000015
16830  -50.032  -55.175  -22.593 0.1000000015
17631  -48.375  -54.951  -15.309 0.1000000015
16759  -45.642  -55.055  -18.133 0.1000000015
15783  -45.428  -56.152  -16.936 0.1000000015
27482  -55.455  -45.172  -22.068 0.1000000015
16706  -50.081  -55.927  -16.089 0.1000000015
27467  -56.314  -44.099  -20.421 0.1000000015
28510  -57.417  -43.438  -22.131 0.1000000015
18562  -52.648  -54.151  -16.758 0.1000000015
30634  -53.876  -40.451  -21.396 0.1000000015
33727  -52.223  -39.090  -21.524 0.1000000015
22314  -54.652  -49.713  -17.382 0.1000000015
15662  -44.561  -57.258  -8.705 0.5000000000
8036  -46.556  -64.735  -11.756 0.5000000000
8821  -46.332  -64.717  -10.977 0.5000000000
15634  -44.762  -56.445  -8.541 0.5000000000
13691  -44.470  -58.723  -8.902 0.5000000000
8835  -46.587  -64.259  -11.707 0.5000000000
17510  -44.688  -54.605  -8.153 0.5000000000
15633  -44.184  -56.254  -8.492 0.5000000000
8834  -46.237  -64.078  -11.399 0.5000000000
16607  -44.134  -55.674  -8.449 0.5000000000
18413  -44.076  -53.693  -7.967 0.5000000000
15661  -43.683  -56.633  -8.711 0.5000000000
16630  -43.087  -55.666  -8.770 0.4000000060
14655  -42.800  -57.336  -9.325 0.4000000060
9676  -47.750  -63.799  -12.953 0.5000000000
9695  -47.782  -63.831  -13.990 0.5000000000
9694  -46.905  -63.457  -14.107 0.5000000000
9713  -45.368  -63.830  -15.010 0.5000000000
9692  -44.774  -63.408  -14.465 0.5000000000
9711  -43.281  -63.312  -15.692 0.4000000060
10533  -41.915  -62.250  -15.739 0.4000000060
7976  -46.954  -65.358  -8.454 0.1000000015
8018  -46.359  -65.170  -10.551 0.5000000000
16608  -45.294  -55.544  -8.376 0.5000000000
14657  -45.034  -57.984  -8.779 0.5000000000
12100  -44.500  -60.264  -9.031 0.4000000060
8820  -46.070  -64.373  -10.675 0.5000000000
18414  -45.424  -53.382  -7.730 0.5000000000
19337  -45.159  -52.686  -7.546 0.5000000000
21181  -46.304  -50.230  -6.755 0.5000000000
20223  -45.519  -51.337  -6.912 0.5000000000
19336  -44.504  -52.828  -7.674 0.5000000000
22142  -45.736  -49.654  -6.742 0.4000000060
19310  -44.897  -52.141  -7.358 0.3000000119
17509  -43.427  -54.651  -8.473 0.4000000060
19309  -43.962  -52.171  -7.521 0.3000000119
12857  -42.920  -59.551  -9.722 0.6999999881
12098  -42.852  -60.139  -9.994 0.5000000000
21180  -45.051  -50.286  -6.784 0.3000000119
20222  -44.421  -51.358  -7.044 0.3000000119
19335  -43.546  -52.892  -7.897 0.3000000119
17540  -42.615  -55.018  -8.753 0.4000000060
13689  -42.747  -58.352  -9.643 0.5000000000
12108  -42.227  -60.370  -10.513 0.6000000238
10459  -43.665  -62.317  -11.450 0.6000000238
10457  -44.353  -62.872  -10.935 0.6000000238
9636  -46.592  -63.925  -11.784 0.5000000000
8849  -47.872  -63.952  -12.772 0.3000000119
18412  -43.001  -53.639  -8.276 0.3000000119
14654  -42.018  -57.003  -9.700 0.4000000060
12115  -41.971  -60.816  -11.230 0.5000000000
11339  -42.879  -61.575  -10.917 0.6000000238
10472  -43.711  -62.414  -12.409 0.6000000238
9650  -45.909  -63.349  -12.653 0.5000000000
9675  -47.028  -63.509  -13.246 0.5000000000
19334  -42.613  -52.783  -8.187 0.4000000060
15659  -41.752  -56.249  -9.458 0.4000000060
13708  -41.264  -58.383  -10.369 0.5000000000
11360  -43.142  -62.065  -12.901 0.5000000000
10496  -44.716  -62.941  -13.356 0.5000000000
9674  -46.086  -63.314  -13.563 0.5000000000
18411  -42.010  -53.437  -8.631 0.4000000060
17538  -41.205  -54.586  -9.206 0.4000000060
14676  -40.474  -57.594  -10.563 0.5000000000
12114  -41.457  -60.444  -11.619 0.5000000000
11359  -42.393  -61.632  -12.746 0.4000000060
10495  -43.779  -62.548  -13.350 0.5000000000
10518  -44.369  -62.919  -13.963 0.5000000000
16627  -40.657  -55.341  -9.562 0.4000000060
11358  -41.563  -61.210  -12.712 0.5000000000
11370  -41.911  -61.491  -13.626 0.4000000060
10516  -42.911  -62.588  -14.518 0.4000000060
9691  -44.018  -63.146  -14.552 0.5000000000
13734  -39.657  -58.299  -11.947 0.5000000000
12131  -40.475  -60.352  -13.805 0.4000000060
11391  -42.220  -62.212  -14.893 0.4000000060
10534  -42.840  -62.938  -15.452 0.4000000060
12128  -40.434  -59.868  -13.129 0.3000000119
12137  -40.456  -60.370  -14.962 0.3000000119
12142  -40.985  -60.948  -15.514 0.3000000119
12150  -41.093  -60.619  -16.437 0.3000000119
7961  -46.922  -65.446  -7.648 0.1000000015
7163  -46.492  -65.895  -8.214 0.1000000015
8764  -47.716  -64.500  -7.592 0.1000000015
7977  -47.455  -65.213  -8.030 0.1000000015
9606  -47.437  -63.679  -8.101 0.4000000060
8781  -46.887  -64.887  -8.941 0.4000000060
7998  -46.438  -65.494  -9.358 0.4000000060
8801  -46.382  -64.665  -9.851 0.5000000000
9605  -46.408  -64.097  -8.781 0.4000000060
9622  -46.144  -64.281  -9.411 0.5000000000
8800  -46.007  -64.381  -10.075 0.5000000000
16609  -46.419  -55.504  -8.454 0.5000000000
15635  -45.919  -56.402  -8.688 0.5000000000
15663  -45.512  -57.232  -8.829 0.5000000000
12859  -45.006  -59.369  -8.840 0.4000000060
9621  -45.566  -63.870  -9.701 0.5000000000
18394  -45.861  -52.878  -7.667 0.5000000000
18395  -46.309  -52.918  -7.658 0.5000000000
17511  -45.886  -54.595  -8.058 0.5000000000
20224  -46.642  -51.324  -6.955 0.5000000000
10452  -44.543  -62.721  -9.660 0.6000000238
22119  -46.549  -49.364  -6.622 0.4000000060
22118  -45.646  -49.017  -6.650 0.2000000030
23137  -46.274  -48.441  -6.325 0.2000000030
22141  -45.143  -49.452  -6.755 0.3000000119
21179  -43.889  -50.480  -6.863 0.3000000119
20221  -43.243  -51.468  -7.274 0.4000000060
22117  -44.924  -48.914  -6.720 0.3000000119
23158  -43.769  -49.136  -6.746 0.3000000119
23135  -44.113  -48.424  -6.497 0.3000000119
23157  -43.168  -48.951  -6.782 0.4000000060
21178  -42.839  -50.484  -6.981 0.4000000060
22138  -42.510  -49.594  -7.053 0.3000000119
20220  -42.209  -51.094  -7.482 0.4000000060
17537  -40.453  -54.321  -9.691 0.4000000060
21177  -42.001  -50.299  -7.392 0.3000000119
19332  -40.817  -52.023  -8.795 0.3000000119
17557  -40.056  -54.475  -10.167 0.3000000119
14695  -40.110  -57.830  -11.038 0.4000000060
17556  -39.794  -54.518  -10.662 0.3000000119
15698  -39.489  -56.228  -11.453 0.3000000119
12895  -39.524  -58.806  -13.276 0.4000000060
12902  -39.933  -59.710  -14.509 0.3000000119
18461  -39.881  -53.548  -10.795 0.2000000030
16653  -39.594  -54.989  -11.379 0.2000000030
14710  -39.591  -57.244  -13.188 0.3000000119
12910  -39.712  -59.184  -14.884 0.3000000119
19396  -40.122  -52.423  -11.309 0.1000000015
16667  -39.948  -55.696  -12.928 0.2000000030
13747  -39.452  -58.036  -13.980 0.4000000060
24258  -42.219  -47.492  -11.188 0.1000000015
10441  -47.895  -62.690  -7.882 0.1000000015
8782  -47.492  -64.618  -8.205 0.1000000015
10440  -46.938  -62.936  -8.197 0.5000000000
9604  -45.834  -63.718  -9.059 0.4000000060
15664  -46.540  -57.206  -9.119 0.4000000060
14658  -46.094  -57.958  -9.183 0.4000000060
12101  -45.551  -60.066  -8.713 0.4000000060
11326  -45.530  -61.827  -8.619 0.5000000000
10439  -45.626  -63.051  -8.790 0.5000000000
18415  -46.573  -53.755  -7.784 0.5000000000
17512  -47.000  -54.633  -8.156 0.4000000060
10438  -45.035  -62.385  -8.880 0.4000000060
22120  -47.681  -49.408  -6.657 0.4000000060
21182  -47.480  -50.260  -6.729 0.4000000060
19312  -46.963  -52.210  -7.377 0.5000000000
23138  -47.308  -48.581  -6.340 0.4000000060
21159  -46.915  -49.807  -6.657 0.5000000000
24203  -47.986  -47.926  -5.837 0.3000000119
24184  -46.594  -46.892  -5.628 0.2000000030
23136  -45.301  -48.251  -6.407 0.2000000030
25224  -47.038  -46.204  -5.208 0.1000000015
24183  -45.744  -46.732  -5.857 0.3000000119
25223  -46.245  -46.090  -5.561 0.1000000015
24200  -44.914  -47.079  -6.001 0.3000000119
24199  -43.608  -47.188  -6.323 0.3000000119
25222  -45.405  -46.130  -5.846 0.2000000030
25236  -44.840  -46.237  -5.983 0.2000000030
23134  -42.917  -48.066  -6.557 0.2000000030
22137  -41.462  -49.425  -7.545 0.2000000030
20240  -40.761  -51.313  -8.776 0.2000000030
24197  -41.785  -47.117  -6.856 0.2000000030
22165  -40.634  -49.227  -8.288 0.2000000030
20269  -40.522  -51.559  -9.503 0.2000000030
24215  -41.151  -47.018  -7.323 0.2000000030
23154  -40.683  -47.952  -7.952 0.1000000015
19383  -39.943  -53.117  -10.675 0.2000000030
19395  -39.900  -53.039  -10.924 0.2000000030
26270  -40.980  -45.258  -8.572 0.1000000015
22184  -40.545  -49.386  -9.392 0.1000000015
21241  -40.504  -50.369  -10.579 0.1000000015
20293  -40.700  -51.432  -11.630 0.1000000015
25275  -40.779  -46.346  -9.471 0.1000000015
23205  -40.812  -48.199  -10.384 0.1000000015
21248  -40.645  -50.410  -11.178 0.1000000015
24257  -41.325  -47.395  -10.561 0.1000000015
23206  -41.339  -48.322  -10.924 0.1000000015
25291  -41.929  -46.450  -10.714 0.1000000015
27287  -43.308  -44.680  -10.863 0.1000000015
11328  -47.646  -61.893  -8.218 0.3000000119
13695  -48.932  -58.812  -10.136 0.3000000119
12862  -48.378  -59.527  -9.540 0.3000000119
12090  -47.361  -60.942  -8.551 0.3000000119
11327  -46.575  -61.921  -8.383 0.3000000119
14660  -48.303  -58.001  -9.853 0.3000000119
12861  -47.315  -59.672  -9.122 0.3000000119
12089  -46.223  -60.818  -8.487 0.5000000000
17513  -48.023  -54.556  -8.361 0.4000000060
15636  -46.992  -56.369  -8.834 0.5000000000
13693  -46.709  -58.710  -9.224 0.4000000060
12860  -46.135  -59.314  -8.822 0.4000000060
21183  -48.594  -50.371  -6.797 0.4000000060
20225  -47.765  -51.329  -7.021 0.4000000060
18396  -47.260  -53.035  -7.615 0.5000000000
18416  -47.611  -53.804  -7.966 0.5000000000
23140  -49.587  -48.588  -6.287 0.4000000060
22144  -48.173  -49.788  -6.689 0.4000000060
24204  -48.978  -48.121  -5.885 0.4000000060
23139  -48.400  -48.627  -6.359 0.4000000060
24187  -49.666  -47.934  -5.444 0.4000000060
24186  -48.655  -47.507  -5.224 0.3000000119
24168  -48.378  -46.814  -4.677 0.3000000119
24167  -47.988  -46.669  -4.754 0.2000000030
26236  -47.487  -45.600  -4.835 0.1000000015
26234  -45.946  -45.182  -5.697 0.1000000015
26233  -45.421  -45.512  -5.902 0.1000000015
25235  -44.174  -46.236  -6.081 0.2000000030
27237  -46.029  -44.084  -5.610 0.1000000015
27246  -45.433  -44.672  -5.961 0.1000000015
25234  -43.083  -46.142  -6.355 0.2000000030
27245  -44.689  -44.429  -6.239 0.2000000030
27244  -43.696  -44.140  -6.419 0.2000000030
26241  -42.041  -45.300  -7.034 0.1000000015
27254  -42.278  -44.311  -7.208 0.1000000015
26257  -41.072  -45.381  -8.041 0.1000000015
27253  -41.817  -43.781  -7.808 0.1000000015
27270  -41.058  -44.989  -9.040 0.1000000015
26299  -41.109  -45.742  -9.888 0.1000000015
29353  -41.531  -42.891  -9.721 0.1000000015
28279  -41.527  -43.487  -9.946 0.1000000015
28280  -42.191  -43.476  -10.510 0.1000000015
30462  -43.222  -42.027  -10.850 0.1000000015
28281  -43.258  -43.588  -10.948 0.1000000015
29375  -44.260  -42.590  -11.351 0.1000000015
29376  -45.260  -42.864  -11.972 0.1000000015
29378  -47.583  -42.875  -11.984 0.1000000015
12104  -48.674  -59.922  -9.267 0.2000000030
15666  -48.770  -57.085  -9.512 0.3000000119
15638  -49.131  -56.183  -9.046 0.4000000060
16612  -49.477  -55.387  -8.771 0.3000000119
21184  -49.881  -50.246  -7.032 0.3000000119
20226  -48.922  -51.415  -7.113 0.3000000119
18417  -48.658  -53.638  -8.165 0.4000000060
17514  -49.010  -54.569  -8.404 0.3000000119
23141  -50.724  -48.699  -6.597 0.3000000119
21161  -49.216  -49.780  -6.728 0.3000000119
19338  -49.280  -53.253  -8.119 0.4000000060
18418  -49.525  -53.787  -8.321 0.4000000060
18419  -50.505  -53.756  -8.426 0.3000000119
24171  -51.620  -48.043  -4.502 0.3000000119
23118  -50.373  -48.307  -5.852 0.3000000119
24188  -50.224  -48.110  -5.371 0.3000000119
24156  -51.122  -47.458  -3.684 0.3000000119
24170  -50.416  -47.926  -4.678 0.3000000119
24155  -50.186  -47.226  -3.773 0.3000000119
24169  -49.351  -47.123  -4.409 0.3000000119
25219  -49.258  -46.436  -3.988 0.3000000119
25218  -48.786  -46.325  -4.190 0.2000000030
26229  -48.799  -45.334  -4.117 0.1000000015
27233  -48.665  -44.237  -4.435 0.1000000015
28232  -49.571  -43.476  -4.339 0.1000000015
27239  -47.668  -44.493  -4.903 0.1000000015
28239  -48.478  -43.500  -4.938 0.1000000015
28238  -47.597  -43.546  -5.359 0.1000000015
28236  -46.118  -43.545  -5.774 0.1000000015
28245  -44.592  -43.378  -6.476 0.2000000030
29318  -45.433  -42.629  -6.554 0.2000000030
28251  -43.190  -42.974  -7.069 0.1000000015
30378  -44.770  -41.811  -7.026 0.1000000015
30396  -43.289  -41.452  -7.593 0.1000000015
28257  -41.518  -43.075  -8.497 0.1000000015
31433  -43.112  -40.865  -7.978 0.1000000015
30412  -42.407  -41.463  -8.397 0.1000000015
29342  -42.069  -42.018  -9.692 0.1000000015
31460  -42.623  -41.035  -8.821 0.1000000015
30441  -42.929  -41.445  -10.375 0.1000000015
30442  -43.596  -41.140  -10.773 0.1000000015
29374  -43.529  -42.574  -11.017 0.1000000015
30464  -44.794  -41.776  -11.414 0.1000000015
31497  -45.205  -41.035  -11.151 0.1000000015
30465  -45.944  -41.715  -11.435 0.1000000015
29377  -46.485  -42.705  -12.079 0.1000000015
30466  -47.099  -42.031  -11.398 0.1000000015
29379  -48.563  -42.971  -11.872 0.1000000015
28306  -49.875  -43.487  -12.332 0.1000000015
12853  -49.481  -59.129  -9.249 0.2000000030
12852  -49.185  -59.595  -9.074 0.2000000030
13698  -50.946  -57.766  -9.503 0.2000000030
14661  -49.480  -57.907  -10.188 0.3000000119
15669  -51.859  -56.692  -9.301 0.2000000030
15668  -50.960  -56.681  -9.754 0.3000000119
15667  -49.971  -56.633  -9.678 0.3000000119
19314  -49.153  -52.584  -7.693 0.3000000119
17515  -49.976  -54.617  -8.591 0.3000000119
23159  -51.166  -48.932  -6.995 0.3000000119
22122  -50.022  -49.320  -6.798 0.3000000119
22145  -50.278  -49.647  -6.984 0.3000000119
20227  -50.005  -51.436  -7.459 0.3000000119
19315  -50.299  -52.271  -7.691 0.3000000119
19339  -49.945  -53.086  -8.009 0.3000000119
23107  -52.142  -48.339  -5.336 0.3000000119
23119  -51.450  -48.442  -6.058 0.3000000119
20228  -50.777  -51.561  -7.735 0.3000000119
19316  -50.829  -52.086  -7.830 0.3000000119
19340  -51.061  -52.670  -8.119 0.2000000030
24172  -52.752  -47.981  -4.491 0.2000000030
24157  -52.228  -47.473  -3.725 0.3000000119
25209  -50.753  -46.538  -3.306 0.3000000119
25208  -49.791  -46.337  -3.647 0.3000000119
26222  -50.516  -45.559  -3.322 0.2000000030
26230  -49.269  -45.106  -3.885 0.1000000015
27224  -50.504  -44.648  -3.429 0.2000000030
27223  -50.005  -44.390  -3.690 0.1000000015
28221  -49.918  -43.859  -3.872 0.1000000015
29299  -50.503  -42.753  -4.457 0.1000000015
30348  -51.914  -42.021  -4.878 0.1000000015
30368  -53.663  -41.539  -5.146 0.1000000015
29298  -49.811  -42.746  -4.787 0.1000000015
29312  -50.460  -42.276  -5.095 0.1000000015
30366  -51.439  -41.825  -5.445 0.1000000015
30387  -53.366  -41.266  -5.817 0.1000000015
31417  -54.344  -40.812  -6.117 0.1000000015
31419  -56.394  -40.032  -5.767 0.1000000015
29310  -48.352  -42.806  -5.519 0.1000000015
30364  -49.796  -41.827  -5.747 0.1000000015
30385  -51.201  -41.375  -6.096 0.1000000015
31416  -53.034  -40.735  -6.266 0.1000000015
32467  -54.697  -39.912  -6.407 0.1000000015
29309  -47.556  -42.813  -5.710 0.1000000015
29321  -48.228  -42.268  -5.919 0.1000000015
29319  -46.451  -42.675  -6.205 0.1000000015
30380  -46.115  -41.805  -6.749 0.2000000030
30379  -45.267  -41.890  -6.859 0.1000000015
30398  -45.081  -41.336  -7.154 0.1000000015
31434  -43.871  -40.709  -7.815 0.1000000015
31450  -44.020  -40.193  -8.256 0.1000000015
31449  -43.524  -40.363  -8.452 0.1000000015
32511  -43.701  -39.892  -9.374 0.1000000015
31473  -43.874  -40.552  -10.596 0.1000000015
31474  -44.889  -40.313  -10.830 0.1000000015
31496  -44.383  -41.013  -11.079 0.1000000015
30443  -46.784  -41.199  -11.020 0.1000000015
30444  -47.660  -41.334  -10.864 0.1000000015
30467  -48.123  -42.164  -11.341 0.1000000015
17545  -54.293  -54.088  -9.044 0.2000000030
16633  -51.700  -55.966  -9.532 0.2000000030
16632  -50.937  -55.777  -9.509 0.3000000119
15639  -49.837  -55.906  -9.269 0.3000000119
18447  -54.343  -53.488  -9.134 0.2000000030
17544  -53.895  -54.258  -9.165 0.2000000030
17542  -51.971  -54.951  -9.172 0.2000000030
17541  -51.218  -55.223  -9.189 0.3000000119
17516  -51.032  -54.691  -8.877 0.3000000119
23160  -51.857  -49.064  -7.198 0.3000000119
22147  -51.911  -49.763  -7.541 0.3000000119
20229  -51.413  -51.283  -7.910 0.3000000119
23120  -52.569  -48.422  -6.168 0.3000000119
23143  -52.906  -48.769  -6.909 0.3000000119
23161  -52.631  -49.255  -7.361 0.3000000119
21186  -52.291  -50.765  -8.008 0.3000000119
20245  -51.891  -51.769  -8.266 0.3000000119
24173  -53.914  -47.936  -4.292 0.2000000030
23108  -53.278  -48.305  -5.331 0.3000000119
19341  -52.170  -52.701  -8.627 0.2000000030
18420  -51.596  -53.686  -8.687 0.2000000030
24158  -53.207  -47.483  -3.727 0.2000000030
25211  -52.801  -46.961  -3.096 0.2000000030
25212  -53.548  -47.065  -3.185 0.2000000030
25210  -51.851  -46.604  -3.047 0.3000000119
25189  -52.533  -46.335  -2.679 0.3000000119
26223  -51.336  -45.734  -3.005 0.3000000119
25188  -52.141  -46.263  -2.750 0.3000000119
27202  -52.451  -45.077  -2.308 0.2000000030
27201  -51.741  -45.018  -2.656 0.2000000030
28198  -51.542  -44.387  -2.817 0.2000000030
29282  -51.475  -43.077  -3.302 0.1000000015
31413  -49.702  -40.635  -6.287 0.1000000015
31414  -50.817  -40.649  -6.420 0.1000000015
32465  -52.539  -39.966  -6.494 0.1000000015
33477  -53.052  -39.299  -6.773 0.1000000015
30382  -48.038  -41.649  -6.321 0.1000000015
31412  -48.628  -40.815  -6.446 0.1000000015
32463  -50.284  -39.599  -6.772 0.1000000015
33475  -51.178  -39.131  -6.884 0.1000000015
31411  -47.649  -40.933  -6.676 0.1000000015
32461  -48.092  -40.075  -6.790 0.1000000015
32488  -49.426  -39.136  -7.090 0.1000000015
33503  -50.514  -38.642  -7.342 0.1000000015
31410  -46.668  -40.944  -6.868 0.1000000015
32460  -47.301  -40.287  -6.935 0.1000000015
33500  -48.040  -38.695  -7.639 0.1000000015
33499  -47.196  -38.796  -7.867 0.1000000015
31436  -45.776  -40.592  -7.259 0.1000000015
31435  -44.755  -40.729  -7.601 0.1000000015
32501  -45.975  -38.854  -8.362 0.1000000015
33521  -46.653  -38.550  -8.533 0.1000000015
32500  -45.387  -39.178  -8.410 0.1000000015
32499  -44.323  -39.605  -8.672 0.1000000015
32512  -44.449  -39.417  -9.586 0.1000000015
32523  -44.520  -39.700  -10.318 0.1000000015
31475  -46.013  -40.459  -10.895 0.1000000015
19317  -53.600  -52.973  -7.491 0.3000000119
20248  -55.023  -51.728  -8.468 0.3000000119
20271  -54.668  -51.891  -9.113 0.3000000119
19367  -54.002  -52.723  -9.337 0.2000000030
19366  -53.442  -53.233  -9.419 0.2000000030
18421  -52.409  -53.402  -9.021 0.2000000030
21209  -55.167  -50.998  -8.885 0.3000000119
20270  -54.173  -51.785  -9.224 0.3000000119
20247  -53.531  -51.741  -9.081 0.3000000119
17517  -51.709  -54.364  -8.955 0.2000000030
23121  -53.717  -48.386  -6.240 0.3000000119
23163  -54.337  -49.208  -7.479 0.3000000119
22167  -54.381  -50.157  -8.461 0.3000000119
21207  -53.145  -51.151  -8.605 0.3000000119
24174  -54.983  -48.078  -4.197 0.2000000030
23122  -54.712  -48.541  -6.203 0.3000000119
24160  -54.677  -47.479  -3.539 0.2000000030
25214  -55.035  -46.965  -2.874 0.2000000030
25213  -54.255  -46.910  -3.017 0.2000000030
25190  -53.502  -46.452  -2.616 0.2000000030
26205  -53.804  -45.838  -2.041 0.3000000119
27174  -53.021  -45.124  -2.039 0.2000000030
28174  -52.875  -44.534  -1.998 0.2000000030
34587  -48.314  -38.037  -8.693 0.1000000015
33534  -46.347  -38.653  -9.529 0.1000000015
33533  -45.272  -38.951  -9.496 0.1000000015
32513  -44.973  -39.245  -10.007 0.1000000015
19292  -52.065  -52.533  -6.476 0.1000000015
20205  -52.212  -51.948  -6.324 0.2000000030
19293  -53.016  -52.576  -7.144 0.3000000119
19294  -53.781  -52.382  -7.418 0.3000000119
20207  -53.768  -51.628  -7.030 0.3000000119
21189  -55.252  -50.934  -7.495 0.3000000119
23164  -54.841  -49.417  -7.414 0.3000000119
22124  -55.246  -49.762  -7.104 0.3000000119
23110  -55.414  -48.578  -4.941 0.3000000119
23123  -55.317  -48.944  -6.270 0.3000000119
22109  -55.318  -49.613  -6.520 0.3000000119
23098  -55.918  -48.392  -3.371 0.2000000030
24161  -55.647  -47.587  -3.197 0.2000000030
24141  -55.934  -47.351  -2.497 0.1000000015
25191  -54.672  -46.246  -2.151 0.2000000030
25193  -56.094  -47.082  -1.959 0.1000000015
26206  -54.345  -45.750  -1.803 0.2000000030
25169  -55.019  -45.915  -1.748 0.2000000030
26180  -54.897  -45.474  -1.495 0.3000000119
20208  -54.456  -51.205  -6.950 0.3000000119
21164  -54.897  -50.745  -6.768 0.3000000119
21150  -55.227  -50.076  -6.059 0.3000000119
22084  -55.617  -49.321  -4.231 0.3000000119
22101  -55.557  -49.433  -5.518 0.3000000119
23089  -55.765  -48.595  -2.141 0.1000000015
24128  -56.187  -47.325  -1.605 0.1000000015
24107  -56.336  -47.067  -0.541 0.1000000015
25171  -56.170  -46.318  -1.055 0.1000000015
26181  -55.909  -45.381  -0.775 0.1000000015
21148  -53.818  -50.314  -5.135 0.3000000119
22107  -53.083  -50.001  -5.083 0.2000000030
21149  -54.870  -50.446  -5.592 0.3000000119
21116  -55.397  -50.035  -3.654 0.2000000030
21136  -55.459  -50.058  -4.906 0.3000000119
21100  -55.182  -50.157  -2.271 0.2000000030
21069  -55.005  -50.261  -0.542 0.1000000015
21070  -55.321  -49.910  -1.051 0.1000000015
21052  -54.440  -50.507  0.339 0.1000000015
22024  -55.355  -49.457  -0.748 0.1000000015
23079  -55.732  -48.677  -1.138 0.1000000015
23072  -55.978  -47.946  -0.661 0.1000000015
23071  -55.407  -48.512  -0.352 0.1000000015
24084  -56.470  -46.498  -0.021 0.1000000015
22100  -53.470  -50.051  -4.194 0.2000000030
21134  -54.172  -50.300  -3.861 0.2000000030
21099  -54.382  -50.410  -2.071 0.2000000030
21115  -54.766  -50.352  -3.189 0.2000000030
21086  -54.678  -50.635  -1.164 0.1000000015
20129  -54.402  -51.017  -0.258 0.1000000015
22023  -54.914  -49.607  0.096 0.1000000015
23070  -54.589  -48.723  0.126 0.1000000015
24105  -55.168  -47.631  0.061 0.1000000015
25147  -55.732  -46.943  0.263 0.1000000015
25124  -55.723  -46.194  0.494 0.1000000015
23049  -54.042  -49.393  0.455 0.1000000015
24104  -54.145  -47.611  -0.023 0.1000000015
25146  -54.865  -46.429  0.287 0.1000000015
22021  -52.964  -49.400  0.350 0.1000000015
23068  -52.475  -48.601  -0.141 0.1000000015
24103  -52.972  -47.626  -0.207 0.1000000015
12099  -43.418  -60.488  -9.765 0.4000000060
13690  -43.549  -58.818  -9.250 0.5000000000
14656  -43.776  -57.912  -8.881 0.5000000000
12858  -43.939  -59.531  -9.194 0.4000000060
11336  -44.297  -61.325  -9.345 0.5000000000
12109  -43.059  -61.025  -10.334 0.5000000000
9629  -45.628  -63.926  -10.949 0.5000000000
11335  -43.663  -61.687  -10.057 0.6000000238
9635  -46.148  -63.751  -11.788 0.5000000000
8848  -47.475  -64.172  -12.513 0.3000000119
8878  -47.564  -64.814  -13.988 0.5000000000
9628  -44.942  -63.446  -10.447 0.5000000000
8052  -45.092  -65.665  -12.707 0.5000000000
15660  -42.562  -56.425  -9.169 0.4000000060
9693  -45.836  -63.469  -14.288 0.5000000000
10535  -43.447  -63.031  -14.811 0.4000000060
8896  -44.417  -64.152  -15.853 0.4000000060
11398  -41.408  -61.519  -16.037 0.3000000119
11390  -41.580  -61.609  -15.181 0.4000000060
16629  -42.220  -55.634  -9.040 0.3000000119
12871  -42.016  -59.034  -10.154 0.4000000060
20243  -43.144  -52.261  -7.762 0.4000000060
17508  -42.452  -54.281  -8.677 0.4000000060
13709  -41.923  -58.225  -9.968 0.5000000000
11338  -42.278  -61.025  -11.106 0.6000000238
10456  -43.849  -62.222  -10.516 0.6000000238
10451  -43.989  -62.224  -10.074 0.6000000238
9634  -45.125  -63.436  -11.625 0.5000000000
9651  -47.034  -63.795  -12.359 0.5000000000
15686  -41.139  -56.848  -9.832 0.4000000060
14677  -41.473  -57.643  -9.989 0.4000000060
12107  -41.310  -60.041  -11.016 0.5000000000
11344  -42.929  -61.937  -12.018 0.6000000238
11343  -42.039  -61.287  -11.778 0.5000000000
10474  -45.092  -63.052  -12.929 0.5000000000
10460  -44.355  -62.841  -11.950 0.5000000000
10497  -45.416  -63.142  -13.271 0.5000000000
9649  -44.932  -63.187  -12.443 0.5000000000
18443  -41.755  -54.109  -8.922 0.4000000060
20242  -42.392  -51.896  -7.982 0.4000000060
13707  -40.716  -58.463  -10.805 0.5000000000
11342  -41.483  -60.857  -12.191 0.5000000000
11372  -43.176  -62.223  -13.369 0.4000000060
9673  -45.200  -63.205  -13.803 0.5000000000
18410  -41.598  -53.154  -8.793 0.4000000060
19333  -41.613  -52.581  -8.584 0.3000000119
15685  -40.321  -56.297  -10.069 0.5000000000
12877  -40.850  -59.725  -11.513 0.5000000000
12891  -40.856  -59.982  -12.048 0.5000000000
10494  -43.095  -62.352  -13.818 0.4000000060
10517  -43.613  -62.724  -14.175 0.5000000000
13735  -40.047  -58.778  -11.728 0.5000000000
12132  -41.177  -60.937  -13.445 0.4000000060
11385  -42.473  -62.000  -14.133 0.4000000060
12889  -39.625  -58.646  -12.609 0.4000000060
14694  -39.744  -57.578  -11.302 0.4000000060
12890  -40.191  -59.335  -12.382 0.4000000060
12138  -41.204  -61.048  -14.434 0.4000000060
13692  -45.596  -58.648  -8.955 0.4000000060
9620  -44.963  -63.384  -9.913 0.5000000000
11325  -44.796  -61.850  -8.926 0.5000000000
24201  -45.960  -47.528  -6.048 0.2000000030
22140  -44.341  -49.475  -6.749 0.3000000119
22139  -43.424  -49.681  -6.805 0.4000000060
23156  -42.203  -48.720  -6.927 0.3000000119
20219  -41.712  -50.767  -7.693 0.3000000119
19365  -40.995  -52.682  -8.941 0.3000000119
15684  -39.734  -56.001  -10.594 0.3000000119
19364  -40.642  -52.636  -9.410 0.3000000119
22166  -41.113  -49.985  -8.202 0.2000000030
18441  -40.452  -53.393  -9.749 0.3000000119
16644  -39.643  -55.398  -10.826 0.3000000119
19384  -40.134  -52.758  -10.342 0.2000000030
14705  -39.436  -57.314  -12.205 0.3000000119
13741  -39.394  -58.072  -12.861 0.4000000060
12901  -39.502  -58.992  -14.262 0.4000000060
17577  -39.764  -54.330  -11.889 0.2000000030
15704  -39.569  -56.359  -12.587 0.3000000119
20284  -40.327  -51.316  -10.639 0.2000000030
18489  -40.018  -53.847  -12.140 0.2000000030
22208  -41.969  -49.370  -11.618 0.1000000015
16610  -47.485  -55.468  -8.534 0.4000000060
12850  -46.462  -59.993  -8.757 0.4000000060
12088  -45.101  -60.993  -8.763 0.5000000000
24202  -46.947  -47.751  -5.872 0.3000000119
24185  -47.635  -46.965  -5.113 0.2000000030
25225  -47.513  -46.260  -4.897 0.1000000015
26244  -44.910  -45.472  -6.052 0.2000000030
24198  -42.535  -47.077  -6.582 0.2000000030
23155  -41.313  -48.203  -7.227 0.2000000030
23133  -41.970  -47.826  -6.707 0.2000000030
26242  -42.677  -44.985  -6.640 0.2000000030
25249  -41.357  -46.101  -7.448 0.1000000015
25248  -40.848  -46.098  -7.965 0.1000000015
24229  -40.589  -47.030  -8.671 0.1000000015
21228  -40.554  -50.410  -9.915 0.2000000030
25263  -40.662  -46.004  -8.774 0.1000000015
27262  -41.231  -44.349  -8.497 0.1000000015
23194  -40.456  -48.532  -9.845 0.1000000015
22195  -40.665  -49.354  -10.582 0.1000000015
20305  -41.020  -51.832  -12.150 0.1000000015
27271  -41.232  -44.486  -9.391 0.1000000015
22207  -41.132  -49.715  -11.323 0.1000000015
26300  -41.700  -45.450  -10.343 0.1000000015
27286  -42.413  -44.509  -10.631 0.1000000015
28301  -43.871  -43.099  -11.132 0.1000000015
12091  -48.064  -61.080  -8.487 0.3000000119
13694  -47.839  -58.801  -9.587 0.3000000119
12103  -48.031  -60.342  -9.036 0.3000000119
12102  -47.503  -60.298  -8.856 0.3000000119
12851  -47.009  -60.319  -8.743 0.3000000119
14659  -47.171  -57.979  -9.492 0.3000000119
15665  -47.626  -57.194  -9.326 0.3000000119
16611  -48.517  -55.429  -8.600 0.4000000060
15637  -48.082  -56.352  -8.861 0.4000000060
22121  -48.825  -49.284  -6.657 0.4000000060
19313  -48.032  -52.315  -7.350 0.4000000060
18397  -48.145  -53.110  -7.724 0.4000000060
25217  -48.013  -46.170  -4.530 0.2000000030
27232  -48.161  -44.502  -4.683 0.1000000015
26235  -46.819  -45.325  -5.200 0.1000000015
27238  -46.768  -44.323  -5.339 0.1000000015
26243  -43.844  -45.233  -6.217 0.2000000030
28237  -46.713  -43.355  -5.688 0.1000000015
28246  -45.586  -43.563  -6.044 0.2000000030
27243  -42.939  -43.798  -6.782 0.1000000015
26258  -41.547  -45.143  -7.599 0.1000000015
28250  -42.656  -43.164  -7.343 0.1000000015
29325  -42.532  -42.029  -7.715 0.1000000015
28267  -41.308  -43.406  -9.270 0.1000000015
30426  -41.972  -41.919  -9.015 0.1000000015
29354  -42.030  -42.462  -10.099 0.1000000015
27285  -41.669  -44.405  -10.156 0.1000000015
30463  -43.798  -41.667  -11.032 0.1000000015
13696  -49.708  -58.870  -10.040 0.2000000030
14679  -49.804  -58.268  -10.360 0.2000000030
12092  -48.411  -60.443  -8.579 0.2000000030
23106  -51.075  -48.313  -5.311 0.3000000119
25207  -49.226  -45.853  -3.858 0.1000000015
28231  -48.953  -43.533  -4.586 0.1000000015
27234  -49.387  -44.499  -3.955 0.1000000015
28240  -49.224  -43.097  -4.796 0.1000000015
27240  -48.221  -44.176  -4.737 0.1000000015
29311  -49.393  -42.453  -5.397 0.1000000015
28244  -43.637  -43.091  -6.781 0.1000000015
30397  -44.217  -41.634  -7.298 0.1000000015
30428  -42.902  -40.966  -9.690 0.1000000015
13712  -50.237  -58.210  -10.269 0.2000000030
14664  -51.356  -57.418  -9.348 0.2000000030
14663  -50.875  -57.474  -9.756 0.2000000030
14662  -50.304  -57.492  -10.071 0.3000000119
23142  -51.782  -48.716  -6.697 0.3000000119
22146  -50.834  -49.487  -7.220 0.3000000119
21185  -50.983  -50.582  -7.647 0.3000000119
26221  -49.714  -45.220  -3.657 0.1000000015
27225  -51.113  -44.896  -3.068 0.2000000030
28223  -51.135  -44.084  -3.186 0.1000000015
28222  -50.570  -43.764  -3.623 0.1000000015
28233  -50.261  -43.351  -4.038 0.1000000015
29300  -51.529  -42.448  -4.216 0.1000000015
29313  -51.189  -42.295  -4.876 0.1000000015
30367  -52.568  -41.624  -5.298 0.1000000015
30365  -50.424  -41.833  -5.617 0.1000000015
30386  -52.263  -41.277  -5.934 0.1000000015
31418  -55.511  -40.307  -5.876 0.1000000015
32468  -55.742  -39.553  -6.486 0.1000000015
29322  -48.799  -42.332  -5.771 0.1000000015
30383  -49.127  -41.708  -6.055 0.1000000015
31415  -51.906  -40.709  -6.361 0.1000000015
30384  -50.196  -41.331  -5.984 0.1000000015
32466  -53.642  -39.939  -6.458 0.1000000015
29320  -47.402  -42.301  -6.087 0.1000000015
30381  -47.069  -41.732  -6.507 0.1000000015
31409  -46.053  -41.165  -6.896 0.1000000015
32484  -45.115  -39.878  -7.907 0.1000000015
32522  -43.875  -39.870  -10.016 0.1000000015
17495  -54.340  -54.042  -8.459 0.2000000030
18446  -53.671  -53.699  -9.364 0.2000000030
17543  -53.119  -54.586  -9.256 0.2000000030
19319  -54.648  -52.665  -8.220 0.3000000119
18445  -52.865  -53.803  -9.334 0.2000000030
21206  -52.505  -51.380  -8.409 0.3000000119
22148  -53.004  -49.877  -7.646 0.3000000119
23162  -53.511  -49.150  -7.444 0.3000000119
21187  -53.486  -50.408  -8.327 0.3000000119
20246  -52.720  -51.889  -8.744 0.3000000119
24159  -53.937  -47.402  -3.545 0.2000000030
23109  -54.373  -48.403  -5.229 0.3000000119
26204  -52.922  -45.777  -2.196 0.3000000119
29252  -51.676  -43.757  -2.792 0.2000000030
29281  -50.821  -43.022  -3.900 0.1000000015
32464  -51.476  -39.888  -6.614 0.1000000015
33478  -53.655  -39.351  -6.706 0.1000000015
32462  -49.101  -39.871  -6.646 0.1000000015
32489  -49.995  -39.020  -7.213 0.1000000015
32486  -47.432  -39.478  -7.308 0.1000000015
32485  -46.241  -39.344  -7.765 0.1000000015
33519  -45.029  -38.973  -8.896 0.1000000015
19318  -54.222  -52.743  -7.733 0.3000000119
18400  -54.364  -53.599  -8.064 0.3000000119
20231  -54.735  -51.662  -7.592 0.3000000119
20232  -55.407  -51.268  -7.970 0.3000000119
21208  -54.255  -50.829  -9.028 0.3000000119
22168  -54.899  -50.321  -8.496 0.3000000119
23144  -54.086  -48.570  -7.020 0.3000000119
23145  -54.838  -48.861  -6.983 0.3000000119
22151  -55.176  -49.970  -7.719 0.3000000119
24175  -55.489  -48.254  -3.900 0.3000000119
26179  -53.993  -45.388  -1.607 0.2000000030
29230  -52.783  -43.812  -1.959 0.2000000030
18384  -52.551  -53.665  -6.803 0.1000000015
20206  -52.662  -51.745  -6.498 0.2000000030
21190  -55.435  -50.697  -7.949 0.3000000119
23099  -56.137  -47.780  -2.859 0.2000000030
25192  -55.623  -46.813  -2.191 0.1000000015
24142  -56.111  -47.539  -2.342 0.1000000015
25170  -55.414  -46.049  -1.551 0.2000000030
21162  -53.232  -50.948  -6.180 0.3000000119
21163  -54.199  -50.804  -6.340 0.3000000119
22063  -55.628  -49.369  -2.903 0.2000000030
23090  -56.163  -47.920  -2.320 0.1000000015
23080  -56.089  -47.920  -1.394 0.1000000015
22041  -55.487  -49.519  -1.645 0.1000000015
25148  -56.429  -46.069  -0.179 0.1000000015
21135  -54.883  -50.349  -4.380 0.3000000119
21087  -55.195  -50.154  -1.320 0.1000000015
23050  -54.472  -49.461  0.335 0.1000000015
24106  -55.971  -47.523  -0.072 0.1000000015
22062  -53.443  -50.096  -2.816 0.2000000030
21114  -54.020  -50.418  -2.903 0.2000000030
20136  -54.022  -51.207  -0.501 0.1000000015
23069  -53.570  -48.710  0.072 0.1000000015
8094  -46.885  -65.312  -14.402 0.3000000119
7287  -45.607  -66.415  -15.239 0.3000000119
5876  -42.479  -69.357  -17.714 0.2000000030
5170  -41.316  -70.166  -18.348 0.2000000030
7305  -45.220  -66.806  -15.478 0.4000000060
5854  -43.953  -68.211  -16.258 0.3000000119
8095  -47.888  -65.145  -14.662 0.4000000060
6561  -44.641  -67.510  -15.694 0.3000000119
8879  -47.938  -64.461  -14.315 0.4000000060
7306  -45.837  -66.611  -15.995 0.4000000060
5878  -43.839  -68.056  -17.249 0.3000000119
5877  -43.119  -68.692  -17.858 0.2000000030
8114  -47.401  -65.625  -15.241 0.4000000060
7307  -47.074  -66.155  -15.870 0.4000000060
6588  -45.296  -67.088  -17.137 0.4000000060
8096  -48.372  -64.955  -14.989 0.4000000060
9716  -47.879  -63.937  -14.568 0.4000000060
7330  -45.814  -66.712  -16.951 0.4000000060
6619  -43.548  -68.078  -18.827 0.3000000119
8115  -48.163  -65.447  -15.476 0.4000000060
7331  -46.798  -66.484  -16.727 0.4000000060
7348  -45.584  -66.822  -17.593 0.3000000119
6607  -43.814  -67.935  -18.106 0.4000000060
9715  -47.509  -63.803  -14.667 0.4000000060
6621  -44.822  -67.199  -18.437 0.3000000119
9714  -46.556  -63.700  -14.864 0.4000000060
8901  -48.575  -64.697  -15.826 0.4000000060
7332  -47.956  -66.006  -16.318 0.4000000060
7349  -46.311  -66.611  -17.679 0.4000000060
8899  -47.269  -64.052  -15.458 0.4000000060
7350  -47.498  -66.276  -17.617 0.4000000060
7361  -46.606  -66.565  -18.683 0.3000000119
8898  -46.138  -64.160  -15.613 0.4000000060
8923  -48.725  -64.750  -16.320 0.4000000060
7351  -48.463  -65.703  -16.993 0.4000000060
8921  -47.956  -64.269  -16.225 0.4000000060
8936  -48.514  -64.567  -17.000 0.4000000060
8148  -48.846  -65.145  -17.337 0.4000000060
8920  -46.876  -64.456  -16.361 0.4000000060
8964  -48.894  -64.770  -17.717 0.4000000060
8147  -48.195  -65.529  -17.965 0.4000000060
7362  -47.528  -66.041  -18.931 0.3000000119
7387  -46.692  -66.382  -19.739 0.2000000030
8897  -44.961  -64.252  -15.735 0.3000000119
8919  -45.636  -64.548  -16.460 0.4000000060
8935  -47.604  -64.556  -17.233 0.4000000060
8963  -48.355  -64.581  -18.039 0.4000000060
8166  -48.790  -65.039  -18.292 0.4000000060
8191  -47.955  -65.570  -19.585 0.2000000030
7417  -46.815  -66.120  -20.562 0.3000000119
9729  -43.544  -63.848  -16.701 0.3000000119
8918  -44.472  -64.311  -16.432 0.3000000119
8933  -45.108  -64.621  -17.404 0.3000000119
8192  -48.515  -65.090  -19.157 0.3000000119
8216  -48.512  -65.176  -20.156 0.2000000030
7418  -47.196  -65.888  -20.523 0.2000000030
7440  -46.598  -66.012  -21.372 0.2000000030
9728  -43.099  -63.306  -16.144 0.3000000119
8932  -44.089  -64.245  -17.487 0.3000000119
8987  -48.936  -64.385  -19.143 0.1000000015
9742  -42.806  -63.295  -17.056 0.3000000119
8959  -43.846  -63.952  -18.270 0.3000000119
9768  -46.140  -64.147  -18.780 0.2000000030
8986  -48.227  -64.154  -18.887 0.2000000030
8235  -47.833  -65.430  -21.182 0.1000000015
7456  -46.799  -65.807  -22.031 0.2000000030
9786  -44.995  -63.356  -19.419 0.2000000030
9788  -47.850  -63.484  -19.525 0.1000000015
8236  -48.536  -64.993  -21.263 0.1000000015
7457  -47.238  -65.690  -21.817 0.1000000015
10545  -41.720  -62.065  -16.455 0.2000000030
9743  -43.344  -63.645  -17.682 0.3000000119
12141  -40.650  -60.246  -15.913 0.2000000030
11407  -41.564  -61.434  -16.834 0.1000000015
10561  -42.321  -62.674  -17.420 0.3000000119
9785  -44.072  -62.939  -19.233 0.2000000030
9787  -46.434  -63.593  -19.452 0.1000000015
8988  -49.530  -63.955  -20.116 0.1000000015
9033  -48.906  -64.375  -21.419 0.1000000015
8258  -47.849  -65.009  -22.209 0.1000000015
10576  -42.414  -62.368  -18.236 0.2000000030
10577  -42.937  -62.431  -18.860 0.2000000030
10596  -48.035  -63.147  -19.777 0.1000000015
10598  -49.420  -62.871  -19.666 0.1000000015
9009  -49.434  -64.102  -20.793 0.1000000015
9060  -48.433  -64.295  -22.303 0.1000000015
9082  -46.917  -64.529  -23.244 0.1000000015
11416  -42.154  -61.445  -18.506 0.1000000015
9784  -43.443  -62.545  -19.117 0.2000000030
10594  -44.615  -62.576  -19.661 0.1000000015
10616  -46.216  -62.623  -20.243 0.1000000015
10618  -48.852  -62.487  -20.101 0.1000000015
9817  -50.209  -62.859  -20.419 0.1000000015
9847  -50.145  -62.955  -21.101 0.1000000015
9084  -48.103  -64.245  -22.743 0.1000000015
9888  -46.821  -63.568  -23.451 0.1000000015
10615  -45.024  -62.160  -20.137 0.1000000015
11437  -48.174  -61.929  -20.737 0.1000000015
11438  -49.321  -61.865  -20.657 0.1000000015
9891  -49.040  -63.001  -23.041 0.1000000015
10690  -48.254  -62.674  -23.709 0.1000000015
11440  -50.470  -61.688  -20.898 0.1000000015
27177  -55.308  -44.431  -0.874 0.2000000030
13760  -39.735  -58.485  -15.115 0.2000000030
12922  -40.785  -59.703  -16.580 0.1000000015
12162  -41.465  -60.712  -17.233 0.1000000015
12935  -41.346  -59.835  -17.438 0.1000000015
11424  -43.399  -61.295  -19.632 0.1000000015
12172  -42.198  -60.610  -18.759 0.1000000015
11434  -44.214  -61.283  -20.211 0.1000000015
11436  -46.876  -61.873  -20.864 0.1000000015
9890  -48.450  -63.565  -23.032 0.1000000015
9867  -48.821  -63.666  -22.313 0.1000000015
10620  -50.208  -62.358  -20.408 0.1000000015
8113  -46.429  -66.000  -15.239 0.4000000060
5853  -43.344  -68.890  -16.677 0.3000000119
6587  -44.663  -67.539  -16.910 0.3000000119
6562  -45.261  -67.105  -16.536 0.3000000119
7308  -47.700  -65.822  -15.726 0.4000000060
6609  -45.049  -67.140  -17.730 0.3000000119
8900  -48.060  -64.234  -15.140 0.4000000060
8165  -48.195  -65.427  -18.781 0.2000000030
7388  -47.257  -65.917  -19.978 0.2000000030
8961  -45.762  -64.447  -18.232 0.3000000119
7441  -47.202  -65.830  -21.016 0.2000000030
8962  -47.063  -64.492  -18.476 0.4000000060
9767  -45.358  -63.979  -18.890 0.2000000030
8985  -47.424  -64.009  -19.136 0.2000000030
9789  -48.941  -63.493  -19.299 0.1000000015
8257  -46.952  -65.317  -22.606 0.1000000015
9008  -49.100  -64.541  -20.458 0.1000000015
9765  -43.347  -63.128  -18.566 0.3000000119
9814  -46.850  -63.119  -19.941 0.1000000015
9790  -49.801  -63.305  -19.757 0.1000000015
9034  -49.360  -63.872  -21.300 0.1000000015
9059  -47.989  -64.537  -22.586 0.1000000015
12923  -41.160  -60.208  -16.941 0.1000000015
11423  -42.647  -61.326  -19.118 0.1000000015
10595  -45.441  -62.875  -19.802 0.1000000015
10617  -47.630  -62.829  -20.117 0.1000000015
10599  -49.992  -62.744  -19.911 0.1000000015
9889  -47.580  -63.628  -23.401 0.1000000015
11435  -45.486  -61.445  -20.808 0.1000000015
12182  -42.706  -60.594  -19.358 0.1000000015
7236  -43.938  -67.029  -11.550 0.3000000119
7253  -43.713  -67.399  -12.032 0.2000000030
5790  -43.372  -68.762  -11.889 0.3000000119
6533  -43.469  -68.034  -12.673 0.2000000030
8017  -45.791  -65.691  -9.963 0.4000000060
7237  -44.434  -66.590  -11.013 0.2000000030
8035  -45.563  -65.543  -11.310 0.4000000060
7254  -44.247  -66.586  -12.226 0.3000000119
5810  -43.083  -69.120  -12.976 0.2000000030
7271  -43.746  -67.139  -12.829 0.2000000030
6545  -43.491  -68.316  -13.577 0.2000000030
5084  -42.834  -70.415  -13.366 0.1000000015
5815  -43.363  -69.141  -14.211 0.2000000030
5089  -42.664  -70.490  -14.484 0.1000000015
7272  -44.354  -66.575  -13.611 0.3000000119
4373  -42.303  -71.195  -13.317 0.1000000015
4380  -42.037  -71.183  -14.421 0.1000000015
5102  -42.175  -70.700  -15.150 0.1000000015
5103  -42.633  -70.073  -15.514 0.1000000015
4391  -40.607  -70.642  -15.897 0.1000000015
4393  -41.471  -70.996  -15.628 0.1000000015
4420  -41.418  -70.815  -16.592 0.1000000015
4418  -40.517  -70.611  -16.442 0.1000000015
4419  -40.898  -71.028  -16.551 0.1000000015
6546  -44.012  -67.734  -14.397 0.2000000030
5816  -43.819  -68.353  -15.110 0.2000000030
5828  -43.355  -69.152  -15.500 0.2000000030
4442  -41.203  -70.760  -17.439 0.1000000015
5150  -40.251  -70.090  -17.077 0.1000000015
8073  -45.989  -65.278  -13.599 0.2000000030
8072  -45.153  -65.821  -13.783 0.3000000119
5127  -42.825  -69.596  -16.202 0.2000000030
4443  -41.625  -70.561  -17.013 0.1000000015
5149  -39.901  -69.806  -17.724 0.1000000015
4441  -40.531  -70.443  -17.546 0.1000000015
8093  -45.654  -65.862  -14.546 0.3000000119
5829  -43.919  -68.288  -15.642 0.3000000119
8054  -47.099  -64.629  -12.664 0.2000000030
5153  -42.671  -69.541  -17.081 0.1000000015
4440  -40.083  -70.009  -18.213 0.1000000015
4459  -40.928  -70.458  -18.356 0.1000000015
5152  -41.855  -70.063  -17.661 0.1000000015
5169  -39.979  -69.829  -18.952 0.1000000015
5171  -41.626  -69.575  -18.586 0.1000000015
5887  -42.306  -69.176  -18.304 0.1000000015
5201  -40.036  -69.602  -19.935 0.1000000015
5188  -41.021  -69.790  -19.034 0.1000000015
8074  -47.033  -64.939  -13.375 0.2000000030
5888  -42.770  -68.504  -18.843 0.1000000015
5904  -41.961  -68.809  -19.086 0.1000000015
6639  -43.127  -68.020  -19.561 0.1000000015
5943  -38.685  -68.690  -20.894 0.1000000015
5902  -40.625  -69.288  -19.814 0.1000000015
5903  -41.253  -69.100  -19.459 0.1000000015
5905  -42.556  -68.353  -19.284 0.1000000015
6620  -44.253  -67.561  -18.719 0.3000000119
7384  -40.900  -68.134  -19.880 0.1000000015
8053  -46.307  -65.113  -12.537 0.3000000119
8034  -44.759  -65.990  -11.799 0.3000000119
7286  -44.862  -66.682  -14.814 0.3000000119
5151  -41.302  -70.498  -17.998 0.1000000015
4477  -40.681  -69.943  -18.818 0.1000000015
6534  -43.733  -67.529  -13.462 0.2000000030
8092  -44.956  -66.184  -14.242 0.3000000119
5126  -42.135  -70.407  -16.366 0.1000000015
5200  -39.724  -69.543  -20.003 0.1000000015
5919  -39.337  -69.120  -20.578 0.1000000015
6637  -41.533  -68.351  -19.613 0.1000000015
5918  -38.541  -68.758  -20.532 0.1000000015
6636  -40.901  -68.729  -19.882 0.1000000015
7413  -42.967  -66.810  -20.540 0.1000000015
8213  -42.297  -65.949  -20.341 0.1000000015
9005  -41.663  -64.945  -20.244 0.1000000015
6669  -43.612  -67.356  -20.222 0.2000000030
7414  -44.130  -66.465  -20.801 0.1000000015
8214  -43.243  -65.850  -20.752 0.2000000030
6640  -44.022  -67.587  -19.554 0.2000000030
6670  -44.547  -67.107  -20.225 0.1000000015
9006  -42.683  -64.972  -20.616 0.1000000015
8231  -43.931  -65.588  -21.168 0.1000000015
6641  -44.910  -67.139  -19.340 0.2000000030
7415  -45.136  -66.609  -20.792 0.1000000015
7437  -44.463  -65.897  -21.201 0.1000000015
6671  -45.311  -66.903  -20.151 0.1000000015
7438  -44.966  -66.102  -21.346 0.1000000015
7360  -45.579  -66.859  -18.449 0.2000000030
7386  -45.872  -66.793  -19.527 0.2000000030
7439  -45.774  -66.133  -21.356 0.1000000015
8232  -44.663  -65.289  -21.618 0.1000000015
6668  -42.696  -67.565  -19.991 0.1000000015
7238  -45.148  -66.072  -10.417 0.2000000030
10420  -48.348  -62.017  -7.753 0.1000000015
17494  -53.889  -54.640  -7.856 0.1000000015
14638  -50.171  -58.226  -8.506 0.1000000015
13679  -49.491  -59.072  -9.028 0.1000000015
15670  -52.615  -56.232  -9.195 0.1000000015
13680  -49.960  -58.613  -9.141 0.1000000015
16582  -53.354  -55.475  -6.799 0.2000000030
16594  -53.493  -55.517  -7.729 0.1000000015
14622  -50.053  -57.713  -7.875 0.1000000015
18399  -53.758  -53.764  -7.519 0.2000000030
16616  -53.516  -55.384  -8.514 0.1000000015
15621  -53.183  -56.028  -8.168 0.1000000015
14641  -52.335  -56.931  -8.129 0.1000000015
14640  -51.702  -57.343  -8.687 0.1000000015
14639  -50.711  -57.980  -8.492 0.1000000015
7997  -46.062  -65.771  -9.483 0.2000000030
13681  -50.896  -58.012  -9.201 0.1000000015
15640  -52.138  -56.928  -8.980 0.1000000015
16615  -53.109  -55.891  -9.062 0.1000000015
18385  -53.188  -54.096  -7.038 0.2000000030
11329  -48.345  -61.681  -8.065 0.1000000015
13670  -49.284  -58.755  -8.509 0.1000000015
15641  -52.604  -56.551  -8.746 0.1000000015
15607  -53.250  -56.060  -7.287 0.1000000015
7221  -45.304  -66.219  -9.809 0.1000000015
6497  -44.074  -67.152  -10.717 0.1000000015
22099  -52.618  -49.870  -4.495 0.1000000015
21133  -51.805  -50.257  -4.916 0.1000000015
21146  -51.437  -50.873  -5.419 0.1000000015
20189  -51.963  -51.591  -6.007 0.1000000015
19291  -51.269  -52.949  -6.281 0.1000000015
21147  -52.550  -50.561  -5.478 0.1000000015
20190  -52.586  -51.206  -6.043 0.1000000015
21132  -50.967  -50.339  -4.803 0.1000000015
21145  -50.493  -50.986  -5.312 0.1000000015
19273  -49.587  -52.752  -5.632 0.1000000015
22098  -51.518  -49.791  -4.234 0.1000000015
20188  -50.977  -51.714  -5.687 0.1000000015
19274  -50.578  -52.676  -5.913 0.1000000015
18372  -50.158  -53.621  -5.647 0.1000000015
22081  -52.122  -49.658  -3.388 0.1000000015
20186  -48.938  -51.832  -5.400 0.1000000015
22097  -50.545  -49.769  -4.150 0.1000000015
21131  -50.073  -50.430  -4.695 0.1000000015
21144  -49.599  -51.051  -5.212 0.1000000015
20187  -50.017  -51.815  -5.586 0.1000000015
19272  -48.665  -52.942  -5.343 0.1000000015
22082  -53.074  -49.787  -3.450 0.1000000015
22061  -52.731  -49.932  -2.325 0.1000000015
22095  -48.709  -49.961  -4.229 0.1000000015
21130  -49.224  -50.489  -4.697 0.1000000015
21143  -48.921  -51.027  -5.127 0.1000000015
22079  -50.069  -49.560  -3.273 0.1000000015
22080  -51.086  -49.567  -3.320 0.1000000015
22060  -51.633  -49.687  -2.422 0.1000000015
21098  -53.497  -50.343  -2.018 0.1000000015
27176  -54.229  -44.694  -1.345 0.1000000015
28175  -53.473  -44.133  -1.594 0.1000000015
30276  -53.698  -42.337  -1.723 0.1000000015
22040  -51.999  -50.031  -1.668 0.1000000015
28199  -52.171  -44.228  -2.410 0.1000000015
29253  -52.346  -43.123  -2.408 0.1000000015
28177  -55.314  -43.303  -0.887 0.1000000015
30302  -54.704  -41.264  -2.372 0.1000000015
29254  -53.079  -42.514  -2.115 0.1000000015
30301  -53.520  -41.830  -2.344 0.1000000015
22096  -49.603  -49.832  -4.138 0.1000000015
21129  -48.429  -50.753  -4.725 0.1000000015
20171  -48.551  -51.318  -5.108 0.1000000015
29283  -52.177  -42.463  -2.962 0.1000000015
18383  -51.681  -53.622  -6.405 0.1000000015
29231  -53.365  -43.161  -1.665 0.1000000015
19275  -51.355  -52.279  -6.076 0.1000000015
18382  -50.908  -53.658  -6.083 0.1000000015
29232  -54.414  -42.763  -1.335 0.1000000015
30329  -52.752  -41.892  -3.156 0.1000000015
14720  -39.804  -57.154  -14.087 0.1000000015
15727  -40.341  -56.677  -14.196 0.1000000015
15711  -40.037  -56.380  -13.484 0.1000000015
5737  -43.239  -69.101  -9.595 0.1000000015
5031  -43.005  -69.706  -9.967 0.1000000015
5755  -43.340  -69.421  -10.090 0.1000000015
6453  -43.502  -67.727  -9.425 0.1000000015
5736  -42.728  -68.862  -9.553 0.1000000015
5030  -42.444  -69.705  -10.468 0.1000000015
6476  -43.691  -68.341  -9.929 0.1000000015
7201  -43.500  -66.865  -9.258 0.1000000015
6428  -44.177  -67.056  -8.979 0.1000000015
6454  -44.237  -67.136  -9.209 0.1000000015
6451  -42.005  -67.561  -10.061 0.1000000015
7200  -42.815  -66.911  -9.512 0.1000000015
7180  -44.118  -66.598  -8.803 0.1000000015
7995  -42.294  -65.883  -9.691 0.1000000015
10358  -40.584  -62.556  -4.187 0.1000000015
10359  -40.957  -61.942  -4.009 0.1000000015
9569  -39.245  -63.396  -6.788 0.1000000015
9582  -38.684  -63.727  -7.761 0.1000000015
10433  -39.421  -63.208  -8.524 0.1000000015
9598  -38.478  -64.081  -8.491 0.1000000015
7199  -41.855  -66.854  -9.969 0.1000000015
5067  -42.731  -70.015  -12.089 0.1000000015
8777  -38.571  -64.276  -9.112 0.1000000015
8795  -39.198  -64.547  -9.648 0.1000000015
8796  -40.209  -64.757  -9.984 0.1000000015
8016  -41.179  -65.822  -10.249 0.1000000015
8797  -41.403  -64.946  -10.002 0.1000000015
8798  -42.608  -64.679  -9.206 0.1000000015
7974  -43.748  -65.630  -8.737 0.1000000015
5083  -42.498  -70.773  -12.805 0.1000000015
8794  -38.387  -64.604  -9.863 0.1000000015
7993  -39.607  -65.094  -10.189 0.1000000015
9619  -42.309  -63.978  -9.193 0.1000000015
10373  -40.001  -62.485  -5.172 0.1000000015
10372  -39.545  -62.235  -6.072 0.1000000015
6429  -44.769  -66.805  -8.454 0.1000000015
6455  -45.219  -66.723  -8.730 0.1000000015
10392  -39.486  -62.479  -6.789 0.1000000015
10413  -39.509  -62.574  -7.810 0.1000000015
11307  -39.630  -62.027  -7.282 0.1000000015
5771  -43.394  -69.176  -10.878 0.1000000015
9616  -39.727  -64.063  -9.477 0.1000000015
9617  -40.579  -63.803  -9.514 0.1000000015
8779  -43.537  -64.575  -8.455 0.1000000015
10449  -40.960  -63.247  -9.323 0.1000000015
9618  -41.695  -63.696  -9.299 0.1000000015
8778  -42.916  -64.291  -8.878 0.1000000015
11259  -40.931  -61.261  -4.211 0.1000000015
12013  -41.836  -60.460  -3.781 0.1000000015
12015  -43.064  -60.178  -3.207 0.1000000015
6430  -45.416  -66.625  -8.139 0.1000000015
11258  -40.363  -61.594  -4.686 0.1000000015
12043  -40.137  -60.865  -5.613 0.1000000015
7181  -44.814  -66.442  -8.005 0.1000000015
7182  -45.943  -66.335  -8.445 0.1000000015
11272  -39.714  -61.618  -5.843 0.1000000015
7975  -44.326  -65.683  -8.245 0.1000000015
7202  -44.918  -66.664  -9.466 0.1000000015
11290  -39.714  -61.681  -6.727 0.1000000015
10414  -40.021  -62.180  -8.232 0.1000000015
10434  -40.381  -62.750  -8.839 0.1000000015
9600  -39.784  -63.467  -9.129 0.1000000015
9601  -41.958  -63.390  -9.020 0.1000000015
9602  -42.517  -63.686  -8.881 0.1000000015
10450  -41.181  -63.045  -9.183 0.1000000015
10435  -41.619  -62.880  -8.819 0.1000000015
12769  -42.429  -59.462  -3.868 0.1000000015
7161  -45.426  -66.281  -7.747 0.1000000015
12029  -41.225  -60.610  -4.216 0.1000000015
12768  -42.007  -59.914  -3.881 0.1000000015
12770  -43.340  -59.335  -3.231 0.1000000015
12749  -44.281  -59.137  -2.690 0.1000000015
7959  -45.062  -65.576  -7.616 0.1000000015
7162  -46.010  -66.241  -7.843 0.1000000015
12804  -40.770  -60.057  -5.190 0.1000000015
12787  -41.520  -59.618  -4.497 0.1000000015
8780  -44.380  -65.004  -7.920 0.1000000015
6477  -44.181  -67.142  -10.153 0.1000000015
12042  -39.899  -61.216  -6.353 0.1000000015
9603  -43.180  -63.319  -8.225 0.1000000015
8760  -44.148  -64.507  -7.843 0.1000000015
12058  -39.997  -61.281  -6.732 0.1000000015
10416  -42.510  -62.239  -7.866 0.1000000015
11308  -40.163  -61.675  -7.664 0.1000000015
11323  -40.338  -62.121  -8.302 0.1000000015
11324  -40.861  -62.062  -8.387 0.1000000015
13608  -42.880  -58.733  -3.757 0.1000000015
12788  -42.024  -59.163  -4.380 0.1000000015
8761  -44.726  -64.590  -7.515 0.1000000015
7203  -45.875  -66.131  -9.217 0.1000000015
10437  -42.904  -62.703  -8.049 0.1000000015
10418  -44.349  -62.883  -7.180 0.1000000015
11309  -41.066  -61.512  -7.911 0.1000000015
12059  -40.400  -60.929  -6.873 0.1000000015
11291  -40.048  -61.367  -7.003 0.1000000015
12076  -40.691  -61.240  -7.505 0.1000000015
9584  -44.966  -63.821  -7.079 0.1000000015
8752  -46.571  -64.198  -6.537 0.1000000015
13625  -41.884  -58.998  -4.657 0.1000000015
11311  -42.785  -61.584  -7.491 0.1000000015
10417  -43.379  -62.617  -7.677 0.1000000015
10393  -44.676  -62.117  -6.849 0.1000000015
12805  -41.298  -59.441  -5.640 0.1000000015
11310  -41.867  -61.569  -7.678 0.1000000015
12821  -40.763  -60.076  -6.185 0.1000000015
12060  -41.275  -60.333  -7.006 0.1000000015
12078  -41.980  -60.866  -7.369 0.1000000015
9571  -46.180  -63.244  -6.504 0.1000000015
10395  -46.653  -62.462  -6.458 0.1000000015
11293  -44.054  -61.187  -6.965 0.1000000015
13626  -42.330  -58.628  -4.484 0.1000000015
12062  -43.184  -60.322  -6.915 0.1000000015
12079  -42.678  -60.788  -7.239 0.1000000015
11292  -43.306  -61.141  -7.215 0.1000000015
11296  -47.059  -61.621  -6.575 0.1000000015
11295  -46.036  -61.469  -6.427 0.1000000015
12063  -44.277  -60.353  -6.748 0.1000000015
11294  -45.009  -61.327  -6.665 0.1000000015
14541  -42.903  -57.959  -4.012 0.1000000015
12061  -42.160  -60.176  -6.980 0.1000000015
12066  -47.386  -60.797  -6.910 0.1000000015
13643  -41.879  -58.791  -5.263 0.1000000015
13592  -45.631  -58.327  -1.638 0.1000000015
13591  -44.773  -58.394  -2.441 0.1000000015
12750  -45.228  -59.184  -2.000 0.1000000015
9552  -39.617  -63.095  -5.964 0.1000000015
9599  -39.031  -63.819  -8.934 0.1000000015
8818  -40.839  -65.289  -10.265 0.1000000015
8819  -41.140  -65.346  -10.222 0.1000000015
7219  -41.017  -66.680  -10.411 0.1000000015
11273  -39.954  -61.596  -5.295 0.1000000015
9583  -44.036  -63.767  -7.679 0.1000000015
12028  -40.647  -60.720  -4.708 0.1000000015
10415  -41.724  -62.166  -8.147 0.1000000015
9585  -45.746  -63.830  -6.692 0.1000000015
10394  -45.622  -62.291  -6.508 0.1000000015
11312  -43.771  -61.916  -7.246 0.1000000015
3867  -35.271  -71.405  -23.705 0.1000000015
3866  -34.247  -71.237  -23.482 0.1000000015
3871  -39.520  -72.327  -23.847 0.1000000015
3267  -38.673  -72.734  -23.576 0.1000000015
3886  -38.828  -71.495  -23.920 0.1000000015
3885  -37.638  -71.770  -24.004 0.1000000015
3264  -35.571  -72.438  -23.551 0.1000000015
3888  -40.031  -72.041  -24.467 0.1000000015
3904  -40.204  -71.575  -25.334 0.1000000015
3925  -39.960  -71.351  -26.145 0.1000000015
4541  -34.886  -70.379  -23.747 0.1000000015
4540  -33.889  -70.088  -23.368 0.1000000015
4542  -35.976  -70.491  -24.063 0.1000000015
3884  -36.891  -71.280  -24.133 0.1000000015
3868  -36.444  -71.653  -23.751 0.1000000015
3865  -33.406  -71.149  -23.054 0.1000000015
3887  -39.617  -71.623  -24.035 0.1000000015
3265  -36.584  -72.695  -23.395 0.1000000015
3869  -37.077  -72.198  -23.472 0.1000000015
4559  -40.227  -70.910  -24.568 0.1000000015
4560  -40.815  -70.798  -25.035 0.1000000015
4572  -40.962  -70.752  -25.643 0.1000000015
4573  -41.424  -70.255  -26.090 0.1000000015
7408  -34.864  -66.489  -20.720 0.1000000015
6692  -32.695  -67.833  -21.093 0.1000000015
6661  -34.217  -66.778  -21.162 0.1000000015
5253  -34.653  -69.327  -23.794 0.1000000015
5236  -33.267  -69.218  -22.985 0.1000000015
5962  -32.602  -68.766  -22.172 0.1000000015
5938  -32.450  -68.642  -21.701 0.1000000015
5939  -32.837  -68.039  -21.802 0.1000000015
5254  -35.323  -69.723  -24.046 0.1000000015
5235  -32.562  -69.329  -22.276 0.1000000015
4523  -33.054  -70.244  -22.707 0.1000000015
4556  -37.013  -70.590  -24.507 0.1000000015
4543  -36.564  -71.009  -24.125 0.1000000015
7409  -35.602  -66.847  -20.678 0.1000000015
6728  -33.840  -67.898  -22.995 0.1000000015
5963  -32.963  -68.377  -22.416 0.1000000015
5252  -33.908  -69.041  -23.512 0.1000000015
4557  -38.287  -70.714  -24.498 0.1000000015
4558  -39.381  -70.745  -24.381 0.1000000015
5270  -39.998  -69.893  -24.730 0.1000000015
4555  -36.399  -69.970  -24.499 0.1000000015
6660  -33.239  -66.863  -20.700 0.1000000015
6693  -33.581  -67.497  -21.771 0.1000000015
5267  -36.821  -69.407  -24.672 0.1000000015
5992  -34.981  -68.616  -23.970 0.1000000015
5265  -35.247  -69.067  -24.181 0.1000000015
7405  -32.921  -66.523  -19.909 0.1000000015
6743  -37.051  -67.482  -24.681 0.1000000015
7497  -36.624  -66.556  -24.347 0.1000000015
8281  -38.185  -64.907  -23.753 0.1000000015
5979  -33.700  -68.296  -23.110 0.1000000015
5980  -34.465  -68.344  -23.582 0.1000000015
5993  -35.526  -68.315  -24.384 0.1000000015
7476  -35.599  -66.543  -23.425 0.1000000015
6742  -36.136  -67.463  -24.476 0.1000000015
6730  -34.909  -67.488  -23.513 0.1000000015
6714  -34.488  -67.240  -22.440 0.1000000015
7475  -34.818  -67.059  -22.971 0.1000000015
8278  -35.928  -66.012  -23.283 0.1000000015
5981  -35.037  -68.020  -23.927 0.1000000015
7498  -37.642  -66.570  -24.451 0.1000000015
7496  -35.940  -66.786  -24.114 0.1000000015
3269  -39.659  -72.618  -24.287 0.1000000015
3870  -39.122  -72.034  -23.610 0.1000000015
3872  -39.690  -72.451  -24.058 0.1000000015
4374  -42.622  -70.978  -13.771 0.1000000015
4381  -42.442  -71.123  -13.961 0.1000000015
4392  -40.774  -71.024  -15.716 0.1000000015
4457  -40.016  -69.913  -18.600 0.1000000015
4458  -40.409  -70.013  -18.601 0.1000000015
4476  -40.484  -69.873  -18.952 0.1000000015
5011  -42.588  -69.351  -9.855 0.1000000015
5012  -42.825  -69.446  -9.771 0.1000000015
5088  -42.290  -70.856  -14.668 0.1000000015
5186  -39.624  -69.545  -19.391 0.1000000015
5187  -40.266  -69.703  -19.404 0.1000000015
5189  -41.441  -69.336  -19.052 0.1000000015
5199  -39.040  -69.328  -19.983 0.1000000015
5266  -35.912  -69.349  -24.470 0.1000000015
5875  -39.886  -69.425  -17.182 0.1000000015
5920  -40.056  -69.444  -20.185 0.1000000015
6410  -45.172  -66.691  -7.940 0.1000000015
6411  -45.467  -66.502  -7.916 0.1000000015
6513  -43.542  -68.006  -11.889 0.2000000030
6608  -44.420  -67.564  -17.860 0.3000000119
6638  -42.340  -68.163  -19.575 0.1000000015
6713  -33.751  -67.808  -22.672 0.1000000015
6729  -34.217  -67.680  -23.088 0.1000000015
6741  -35.472  -67.403  -24.029 0.1000000015
7183  -46.386  -65.877  -8.788 0.1000000015
7220  -44.749  -66.497  -10.130 0.1000000015
7333  -48.465  -65.540  -16.425 0.4000000060
7385  -41.408  -67.699  -19.791 0.1000000015
7477  -36.167  -66.221  -23.920 0.1000000015
7948  -47.517  -64.916  -7.146 0.1000000015
7949  -47.701  -64.700  -7.388 0.1000000015
7962  -47.648  -64.990  -7.666 0.1000000015
7994  -41.701  -65.881  -10.035 0.1000000015
7996  -43.252  -65.983  -9.210 0.1000000015
8116  -48.615  -65.025  -15.607 0.4000000060
8136  -48.449  -65.397  -16.034 0.4000000060
8137  -48.764  -65.105  -16.399 0.4000000060
8215  -47.646  -65.654  -20.427 0.2000000030
8253  -35.865  -66.027  -22.943 0.1000000015
8259  -48.435  -64.711  -21.846 0.1000000015
8283  -47.380  -64.923  -22.688 0.1000000015
8799  -43.293  -65.222  -8.892 0.1000000015
8864  -47.666  -64.474  -13.284 0.3000000119
8865  -47.975  -64.058  -13.208 0.5000000000
8880  -48.370  -64.678  -15.181 0.4000000060
8922  -48.540  -64.539  -16.214 0.4000000060
8934  -46.347  -64.714  -17.382 0.3000000119
8937  -48.793  -64.802  -16.811 0.4000000060
8960  -44.680  -64.305  -18.271 0.2000000030
9007  -43.313  -65.160  -21.064 0.1000000015
9083  -47.650  -64.440  -22.888 0.1000000015
9570  -45.221  -63.057  -6.665 0.1000000015
9586  -47.802  -63.743  -7.590 0.1000000015
9652  -47.687  -63.912  -12.622 0.3000000119
9712  -43.952  -63.691  -15.473 0.4000000060
9764  -42.779  -63.079  -17.829 0.3000000119
9766  -44.309  -63.723  -18.889 0.3000000119
9791  -50.188  -62.810  -20.007 0.1000000015
9815  -47.184  -63.281  -19.777 0.1000000015
9816  -49.837  -63.522  -20.701 0.1000000015
9845  -48.931  -63.877  -21.802 0.1000000015
9846  -49.479  -63.315  -21.761 0.1000000015
9868  -49.050  -63.268  -22.588 0.2000000030
10436  -42.433  -62.795  -8.353 0.1000000015
10442  -48.195  -62.143  -7.644 0.1000000015
10453  -45.200  -63.253  -9.355 0.4000000060
10473  -44.436  -62.797  -12.760 0.6000000238
10546  -42.295  -62.726  -16.488 0.4000000060
10560  -41.835  -62.180  -17.125 0.1000000015
10575  -42.007  -62.251  -17.670 0.3000000119
10591  -42.564  -61.960  -18.886 0.2000000030
10592  -43.090  -61.988  -19.269 0.1000000015
10593  -43.857  -62.132  -19.493 0.1000000015
10597  -48.528  -63.039  -19.661 0.1000000015
10614  -44.350  -61.951  -19.824 0.1000000015
10619  -49.742  -62.382  -20.183 0.1000000015
10639  -50.004  -62.586  -21.712 0.2000000030
10712  -48.141  -61.964  -24.123 0.1000000015
11371  -42.719  -61.919  -13.439 0.4000000060
11384  -41.876  -61.665  -14.454 0.4000000060
11415  -41.754  -61.620  -17.720 0.2000000030
11425  -43.966  -61.662  -19.770 0.1000000015
11439  -50.155  -61.793  -20.691 0.1000000015
11453  -46.350  -60.944  -21.500 0.1000000015
11497  -49.812  -61.710  -23.809 0.1000000015
11519  -49.641  -61.368  -24.494 0.2000000030
11520  -50.058  -61.320  -24.069 0.2000000030
11540  -49.563  -60.864  -24.988 0.1000000015
12014  -42.439  -60.272  -3.545 0.1000000015
12077  -41.189  -60.990  -7.482 0.1000000015
12129  -40.910  -60.412  -12.658 0.4000000060
12149  -40.818  -60.188  -16.330 0.2000000030
12171  -41.728  -60.679  -18.032 0.1000000015
12232  -47.881  -59.875  -22.553 0.1000000015
12272  -46.301  -59.963  -24.815 0.1000000015
12275  -48.769  -60.244  -25.056 0.1000000015
12276  -49.892  -60.778  -24.911 0.1000000015
12296  -45.507  -59.862  -25.445 0.1000000015
12298  -49.739  -60.271  -25.140 0.1000000015
12339  -44.845  -60.191  -29.605 0.1000000015
12786  -40.985  -60.209  -4.626 0.1000000015
12863  -49.076  -59.346  -9.682 0.2000000030
12864  -49.442  -59.118  -9.496 0.2000000030
12869  -40.598  -58.772  -11.059 0.5000000000
12870  -41.101  -59.279  -10.769 0.5000000000
12876  -40.454  -59.054  -11.427 0.5000000000
12896  -39.959  -59.531  -13.568 0.4000000060
12911  -40.140  -59.502  -15.485 0.2000000030
12996  -45.858  -59.158  -21.548 0.1000000015
13017  -50.982  -59.277  -22.706 0.2000000030
13018  -51.256  -58.955  -23.093 0.1000000015
13032  -48.864  -58.962  -23.203 0.1000000015
13033  -49.369  -58.675  -23.175 0.1000000015
13036  -51.231  -59.002  -23.512 0.1000000015
13053  -46.852  -59.594  -25.295 0.1000000015
13072  -47.182  -59.160  -25.947 0.1000000015
13092  -47.484  -58.743  -26.452 0.1000000015
13094  -49.327  -58.729  -25.984 0.1000000015
13106  -46.113  -59.333  -28.176 0.1000000015
13117  -44.689  -59.069  -29.231 0.1000000015
13119  -46.332  -58.868  -28.350 0.1000000015
13122  -45.216  -59.286  -29.212 0.1000000015
13671  -49.868  -58.347  -8.527 0.1000000015
13682  -51.246  -57.666  -9.213 0.1000000015
13697  -50.495  -58.280  -9.937 0.2000000030
13710  -49.613  -58.497  -10.269 0.2000000030
13711  -50.008  -58.423  -10.330 0.2000000030
13720  -39.841  -58.055  -11.517 0.4000000060
13721  -40.180  -58.270  -11.277 0.5000000000
13749  -47.873  -58.781  -15.170 0.1000000015
13763  -46.395  -58.453  -16.097 0.1000000015
13766  -48.838  -58.736  -15.347 0.1000000015
13857  -45.335  -58.144  -20.408 0.1000000015
13879  -43.692  -57.763  -21.837 0.1000000015
13882  -46.604  -58.204  -21.644 0.1000000015
13907  -50.509  -58.335  -23.195 0.1000000015
13908  -50.932  -58.568  -22.997 0.1000000015
13928  -49.202  -57.815  -23.198 0.1000000015
13931  -51.133  -58.283  -23.563 0.1000000015
13949  -50.784  -58.702  -24.723 0.1000000015
13968  -48.145  -58.539  -26.380 0.1000000015
13971  -50.920  -57.994  -25.107 0.1000000015
13986  -47.598  -58.410  -27.092 0.1000000015
13988  -49.435  -58.138  -26.235 0.1000000015
13998  -44.756  -58.151  -27.956 0.1000000015
13999  -45.438  -57.786  -28.039 0.1000000015
14000  -47.251  -58.464  -27.915 0.1000000015
14015  -47.137  -57.682  -28.311 0.1000000015
14017  -45.247  -59.042  -29.142 0.1000000015
14675  -39.770  -56.791  -10.698 0.3000000119
14678  -42.187  -57.703  -9.736 0.5000000000
14680  -50.062  -58.076  -10.377 0.2000000030
14681  -50.411  -57.945  -10.186 0.3000000119
14714  -48.611  -58.078  -14.294 0.1000000015
14721  -40.257  -57.130  -14.697 0.1000000015
14729  -50.152  -57.808  -15.225 0.1000000015
14751  -50.696  -57.077  -15.730 0.1000000015
14766  -46.383  -57.710  -16.501 0.1000000015
14789  -45.971  -57.720  -18.957 0.1000000015
14834  -43.073  -57.177  -20.654 0.1000000015
14836  -46.724  -57.579  -20.558 0.1000000015
14856  -48.506  -56.920  -21.696 0.1000000015
14871  -44.737  -57.563  -22.220 0.1000000015
14874  -48.245  -57.233  -22.049 0.1000000015
14876  -49.559  -56.644  -22.711 0.1000000015
14894  -48.224  -56.364  -24.073 0.1000000015
14895  -49.241  -57.160  -22.894 0.1000000015
14916  -49.043  -56.460  -25.300 0.1000000015
14917  -51.448  -57.283  -24.243 0.1000000015
14935  -50.834  -57.379  -25.506 0.1000000015
14945  -46.008  -57.549  -27.822 0.1000000015
14946  -46.795  -57.379  -27.530 0.1000000015
14950  -50.256  -57.591  -25.924 0.1000000015
14956  -45.882  -57.759  -28.332 0.1000000015
14970  -45.599  -58.109  -28.570 0.1000000015
14971  -46.238  -57.902  -28.501 0.1000000015
14973  -47.103  -57.421  -28.328 0.1000000015
15642  -53.165  -55.995  -8.707 0.1000000015
15658  -41.003  -56.089  -9.516 0.4000000060
15735  -46.706  -55.889  -15.216 0.1000000015
15736  -50.001  -57.450  -14.606 0.1000000015
15739  -51.325  -56.255  -15.899 0.1000000015
15752  -45.442  -56.108  -15.979 0.1000000015
15758  -51.377  -56.076  -16.083 0.1000000015
15769  -45.621  -56.430  -16.409 0.1000000015
15770  -46.064  -57.079  -16.229 0.1000000015
15772  -51.466  -55.890  -16.140 0.1000000015
15859  -44.212  -56.693  -21.051 0.1000000015
15860  -44.858  -56.573  -21.222 0.1000000015
15863  -48.441  -56.744  -21.293 0.1000000015
15864  -48.994  -56.340  -21.441 0.1000000015
15876  -46.396  -56.397  -22.027 0.1000000015
15878  -47.815  -55.487  -22.622 0.1000000015
15881  -50.769  -56.191  -23.285 0.1000000015
15897  -48.321  -55.849  -23.371 0.1000000015
15901  -51.407  -56.682  -23.876 0.1000000015
15918  -49.858  -55.841  -25.124 0.1000000015
15919  -51.131  -56.294  -24.895 0.1000000015
15933  -50.230  -56.154  -25.469 0.1000000015
15935  -51.392  -56.862  -25.001 0.1000000015
15947  -49.203  -56.872  -25.956 0.1000000015
15948  -49.610  -56.822  -25.934 0.1000000015
15949  -50.297  -56.926  -25.848 0.1000000015
16613  -50.348  -55.407  -9.090 0.3000000119
16614  -50.884  -55.303  -9.179 0.3000000119
16628  -41.452  -55.468  -9.262 0.4000000060
16631  -50.274  -55.938  -9.459 0.3000000119
16634  -52.598  -55.664  -9.267 0.1000000015
16635  -53.402  -55.050  -9.029 0.1000000015
16645  -39.970  -55.205  -10.138 0.3000000119
16659  -39.701  -55.287  -12.244 0.3000000119
16660  -40.209  -55.116  -12.783 0.2000000030
16689  -47.235  -55.568  -15.052 0.1000000015
16691  -50.300  -56.273  -14.484 0.1000000015
16693  -51.452  -55.876  -15.571 0.1000000015
16701  -44.813  -54.919  -16.268 0.1000000015
16703  -45.996  -55.539  -15.376 0.1000000015
16708  -51.775  -55.665  -15.965 0.1000000015
16709  -52.115  -55.455  -15.964 0.1000000015
16721  -44.885  -55.078  -16.950 0.1000000015
16722  -45.149  -55.747  -16.542 0.1000000015
16723  -51.352  -55.472  -16.315 0.1000000015
16724  -51.626  -55.593  -16.174 0.1000000015
16725  -51.963  -55.417  -16.158 0.1000000015
16739  -44.898  -54.827  -17.346 0.1000000015
16740  -45.383  -55.476  -17.541 0.1000000015
16741  -45.901  -56.089  -17.820 0.1000000015
16760  -46.269  -55.348  -18.336 0.1000000015
16779  -48.072  -54.604  -19.466 0.1000000015
16795  -43.680  -55.575  -20.006 0.1000000015
16796  -44.365  -55.328  -20.201 0.1000000015
16800  -49.395  -54.762  -21.248 0.1000000015
16813  -46.241  -55.490  -21.088 0.1000000015
16815  -47.923  -54.610  -21.715 0.1000000015
16816  -49.780  -54.882  -21.700 0.1000000015
16831  -50.615  -55.793  -23.191 0.1000000015
16843  -49.052  -55.251  -23.243 0.1000000015
16847  -51.259  -56.357  -23.760 0.1000000015
16861  -50.349  -55.668  -24.743 0.1000000015
16862  -51.030  -55.923  -24.379 0.1000000015
16863  -51.341  -56.230  -23.991 0.1000000015
16874  -50.686  -56.020  -25.043 0.1000000015
17518  -54.022  -54.471  -8.736 0.2000000030
17519  -54.452  -53.966  -8.863 0.2000000030
17539  -41.927  -54.857  -8.906 0.4000000060
17564  -39.728  -54.158  -11.253 0.2000000030
17578  -40.200  -54.390  -12.476 0.2000000030
17611  -45.711  -54.394  -15.049 0.1000000015
17613  -47.122  -54.614  -14.786 0.1000000015
17614  -47.772  -54.572  -15.053 0.1000000015
17627  -43.707  -53.945  -16.413 0.1000000015
17630  -47.706  -55.123  -15.096 0.1000000015
17632  -49.361  -54.912  -15.705 0.1000000015
17651  -43.670  -53.850  -16.827 0.1000000015
17652  -44.289  -54.367  -16.995 0.1000000015
17655  -52.109  -55.110  -16.311 0.1000000015
17676  -45.406  -54.854  -18.022 0.1000000015
17698  -45.203  -54.252  -18.378 0.1000000015
17723  -46.333  -53.908  -19.443 0.1000000015
17724  -47.599  -53.937  -19.840 0.1000000015
17725  -48.188  -54.099  -20.486 0.1000000015
17743  -45.942  -54.434  -20.122 0.1000000015
17746  -48.655  -54.207  -20.990 0.1000000015
17747  -49.161  -54.395  -21.281 0.1000000015
17764  -49.501  -54.520  -21.635 0.1000000015
17772  -49.049  -54.303  -22.138 0.1000000015
17773  -49.537  -54.503  -22.089 0.1000000015
18422  -54.524  -53.441  -8.617 0.2000000030
18442  -41.164  -53.436  -9.095 0.3000000119
18444  -52.138  -54.052  -9.090 0.2000000030
18462  -40.129  -53.840  -10.246 0.3000000119
18474  -39.949  -53.432  -11.581 0.1000000015
18475  -40.255  -52.891  -11.839 0.1000000015
18522  -46.728  -53.629  -14.791 0.1000000015
18523  -47.635  -53.894  -14.962 0.1000000015
18537  -47.873  -53.328  -15.145 0.1000000015
18540  -50.341  -53.851  -16.096 0.1000000015
18563  -53.405  -53.299  -16.993 0.1000000015
18583  -43.269  -53.533  -17.759 0.1000000015
18584  -44.177  -53.900  -17.904 0.1000000015
18603  -43.898  -53.663  -18.595 0.1000000015
18605  -45.933  -53.802  -18.888 0.1000000015
18606  -46.291  -53.726  -19.046 0.1000000015
18626  -42.894  -53.956  -19.066 0.1000000015
18630  -46.058  -53.719  -19.134 0.1000000015
19311  -45.844  -52.368  -7.419 0.5000000000
19342  -53.094  -52.690  -9.286 0.2000000030
19343  -53.727  -52.231  -9.260 0.3000000119
19344  -54.579  -52.654  -8.796 0.3000000119
19368  -54.418  -52.693  -9.113 0.3000000119
19406  -40.564  -52.384  -12.012 0.1000000015
19429  -46.350  -52.567  -14.819 0.1000000015
19434  -53.648  -52.549  -15.685 0.1000000015
19447  -53.937  -52.636  -16.427 0.1000000015
19448  -54.401  -52.029  -16.603 0.1000000015
19465  -50.511  -52.491  -16.422 0.1000000015
19466  -51.126  -53.133  -16.517 0.1000000015
19468  -52.860  -53.445  -17.282 0.1000000015
19470  -54.349  -52.203  -17.039 0.1000000015
19488  -52.497  -52.505  -17.573 0.1000000015
19490  -53.745  -52.599  -17.754 0.1000000015
19491  -54.173  -52.238  -17.660 0.1000000015
19504  -53.748  -52.235  -18.166 0.1000000015
20137  -54.279  -51.027  -0.741 0.1000000015
20170  -47.996  -51.698  -5.057 0.1000000015
20230  -54.175  -52.092  -7.484 0.3000000119
20241  -41.397  -51.228  -8.233 0.3000000119
20244  -51.196  -51.859  -7.942 0.3000000119
20249  -55.393  -51.084  -8.370 0.3000000119
20334  -46.472  -51.871  -15.075 0.1000000015
20349  -46.640  -51.331  -15.476 0.1000000015
20353  -54.022  -52.017  -15.713 0.1000000015
20374  -55.167  -51.085  -17.098 0.1000000015
20392  -52.576  -52.031  -17.992 0.1000000015
20405  -53.062  -51.896  -18.412 0.1000000015
20425  -54.026  -51.167  -19.021 0.1000000015
20426  -54.420  -50.877  -19.178 0.1000000015
21097  -53.008  -50.283  -1.857 0.1000000015
21158  -46.580  -49.796  -6.672 0.4000000060
21160  -48.697  -49.775  -6.686 0.4000000060
21165  -55.222  -50.240  -7.107 0.3000000119
21176  -41.435  -50.371  -7.877 0.3000000119
21188  -54.042  -50.234  -8.540 0.3000000119
21204  -40.814  -50.447  -8.835 0.2000000030
21205  -41.125  -50.514  -8.267 0.2000000030
21210  -55.379  -50.825  -8.420 0.3000000119
21229  -54.536  -51.411  -9.194 0.3000000119
21230  -54.734  -51.258  -9.157 0.3000000119
21316  -54.706  -51.133  -16.191 0.1000000015
21330  -48.544  -50.558  -16.702 0.1000000015
21337  -55.146  -50.858  -17.301 0.1000000015
21351  -51.058  -50.651  -17.623 0.1000000015
21354  -55.106  -50.154  -17.415 0.1000000015
21355  -55.181  -50.435  -17.797 0.1000000015
21362  -51.099  -50.137  -18.321 0.1000000015
21367  -55.235  -50.266  -18.777 0.1000000015
21381  -53.957  -50.529  -19.706 0.1000000015
21382  -54.789  -50.245  -19.700 0.1000000015
21396  -54.311  -50.031  -20.125 0.1000000015
22022  -53.556  -49.403  0.411 0.1000000015
22083  -53.658  -50.179  -3.444 0.2000000030
22108  -53.270  -49.999  -4.757 0.2000000030
22123  -50.696  -49.055  -6.942 0.3000000119
22136  -40.901  -48.736  -7.697 0.2000000030
22143  -47.780  -49.797  -6.669 0.4000000060
22149  -53.941  -49.762  -8.040 0.3000000119
22150  -54.643  -49.767  -7.973 0.3000000119
22169  -55.273  -50.562  -8.336 0.3000000119
22196  -41.363  -49.044  -11.192 0.1000000015
22324  -50.389  -49.688  -18.187 0.1000000015
22341  -51.918  -49.395  -19.084 0.1000000015
22343  -53.533  -49.770  -19.924 0.1000000015
22344  -55.046  -49.883  -19.986 0.1000000015
22365  -54.099  -49.778  -20.279 0.1000000015
23105  -50.506  -48.197  -5.342 0.3000000119
23117  -49.797  -48.238  -5.916 0.4000000060
23132  -41.517  -47.552  -7.005 0.2000000030
23146  -55.144  -49.379  -7.018 0.3000000119
23178  -40.435  -48.281  -8.951 0.1000000015
23221  -41.947  -48.488  -11.373 0.1000000015
23327  -54.787  -49.091  -18.015 0.1000000015
23343  -54.672  -47.968  -18.338 0.1000000015
23368  -55.778  -48.435  -20.222 0.1000000015
23369  -56.118  -47.948  -20.141 0.1000000015
23389  -55.096  -48.549  -20.960 0.1000000015
23390  -55.724  -48.033  -20.833 0.1000000015
23391  -56.077  -47.802  -20.570 0.1000000015
23405  -55.190  -48.030  -21.219 0.1000000015
23406  -55.542  -47.835  -21.191 0.1000000015
24083  -56.233  -46.737  0.150 0.1000000015
24162  -56.030  -47.572  -2.754 0.2000000030
24182  -45.346  -46.654  -5.896 0.3000000119
24205  -49.520  -48.205  -5.919 0.4000000060
24214  -40.716  -47.028  -7.931 0.1000000015
24243  -40.689  -47.451  -9.773 0.1000000015
24393  -56.183  -47.585  -19.794 0.1000000015
24415  -50.635  -47.562  -19.038 0.1000000015
24418  -56.385  -46.925  -19.856 0.1000000015
24436  -53.406  -47.848  -20.290 0.1000000015
24437  -54.070  -48.027  -20.743 0.1000000015
24439  -55.973  -47.566  -21.238 0.1000000015
24454  -55.307  -47.546  -21.381 0.1000000015
24455  -55.888  -47.343  -21.507 0.1000000015
24456  -56.190  -47.274  -21.414 0.1000000015
25233  -41.948  -46.104  -6.884 0.2000000030
25290  -41.201  -46.467  -10.172 0.1000000015
25429  -54.537  -46.477  -18.681 0.1000000015
25454  -56.536  -46.221  -19.901 0.1000000015
25467  -52.750  -46.836  -20.199 0.1000000015
25468  -53.858  -47.156  -20.739 0.1000000015
25480  -54.110  -46.598  -20.925 0.1000000015
25482  -55.616  -46.853  -21.755 0.1000000015
26178  -53.424  -45.408  -1.899 0.2000000030
26203  -52.103  -45.836  -2.615 0.3000000119
26220  -49.245  -45.381  -3.882 0.1000000015
26228  -48.111  -45.063  -4.570 0.1000000015
26245  -45.433  -45.224  -5.942 0.1000000015
26259  -42.108  -44.939  -7.095 0.1000000015
26271  -41.173  -45.032  -8.160 0.1000000015
26280  -40.983  -45.419  -9.292 0.1000000015
26281  -41.344  -45.108  -9.817 0.1000000015
26413  -52.211  -45.299  -17.832 0.1000000015
26431  -55.609  -46.086  -19.341 0.1000000015
26455  -55.494  -45.054  -19.457 0.1000000015
26457  -56.815  -45.594  -20.283 0.1000000015
26472  -52.556  -45.795  -20.335 0.1000000015
26483  -54.273  -46.094  -21.132 0.1000000015
26485  -56.082  -45.930  -22.112 0.1000000015
26501  -56.716  -44.985  -22.171 0.1000000015
27175  -53.473  -44.888  -1.703 0.2000000030
27261  -41.093  -44.770  -8.880 0.1000000015
27426  -54.461  -44.976  -18.810 0.1000000015
27447  -54.023  -43.826  -19.249 0.1000000015
27450  -56.499  -45.078  -20.089 0.1000000015
27468  -56.814  -44.575  -20.703 0.1000000015
27483  -56.093  -45.295  -22.243 0.1000000015
27484  -57.199  -44.339  -21.690 0.1000000015
27485  -57.460  -43.721  -21.893 0.1000000015
27501  -56.159  -44.628  -22.288 0.1000000015
27502  -56.991  -44.362  -22.216 0.1000000015
27503  -57.346  -43.858  -22.065 0.1000000015
28243  -43.095  -43.258  -6.985 0.1000000015
28247  -46.205  -43.252  -5.907 0.1000000015
28249  -42.042  -42.712  -7.942 0.1000000015
28441  -52.822  -42.719  -19.186 0.1000000015
28444  -55.318  -44.013  -19.840 0.1000000015
28461  -55.226  -43.051  -20.380 0.1000000015
28485  -57.410  -43.432  -21.881 0.1000000015
28509  -57.167  -43.407  -22.303 0.1000000015
29308  -47.011  -42.738  -5.863 0.1000000015
29316  -43.874  -42.512  -6.943 0.1000000015
29317  -44.476  -42.390  -6.845 0.1000000015
29324  -42.142  -42.187  -8.044 0.1000000015
29326  -43.408  -42.374  -7.189 0.1000000015
29327  -43.995  -42.222  -7.058 0.1000000015
29330  -41.959  -42.144  -8.500 0.1000000015
29331  -42.213  -41.927  -8.135 0.1000000015
29341  -41.736  -42.374  -9.299 0.1000000015
29355  -42.788  -42.559  -10.730 0.1000000015
29498  -50.901  -41.972  -18.212 0.1000000015
29519  -54.162  -42.820  -19.962 0.1000000015
29539  -53.046  -41.571  -20.315 0.1000000015
29542  -55.770  -42.829  -20.717 0.1000000015
29543  -56.244  -43.191  -20.735 0.1000000015
29567  -56.691  -42.725  -21.204 0.1000000015
29568  -57.306  -42.750  -21.749 0.1000000015
30300  -52.725  -42.320  -2.581 0.1000000015
30395  -42.741  -41.306  -7.871 0.1000000015
30399  -45.661  -41.357  -6.947 0.1000000015
30411  -42.159  -41.736  -8.811 0.1000000015
30427  -42.391  -41.510  -9.327 0.1000000015
30440  -42.295  -41.821  -9.924 0.1000000015
30576  -52.263  -41.872  -19.324 0.1000000015
30596  -51.797  -41.101  -19.724 0.1000000015
30597  -52.203  -41.542  -19.591 0.1000000015
30617  -51.825  -40.816  -20.077 0.1000000015
30619  -53.418  -41.062  -20.845 0.1000000015
30620  -54.098  -41.595  -20.761 0.1000000015
30635  -54.648  -41.151  -21.286 0.1000000015
30638  -57.162  -42.250  -21.685 0.1000000015
30652  -57.416  -42.013  -22.094 0.1000000015
31432  -42.737  -41.023  -8.105 0.1000000015
31437  -46.671  -40.091  -7.171 0.1000000015
31448  -42.867  -40.833  -8.460 0.1000000015
31461  -43.051  -40.558  -9.113 0.1000000015
31472  -43.363  -40.498  -9.878 0.1000000015
31495  -43.876  -41.040  -10.951 0.1000000015
31592  -50.422  -40.956  -18.498 0.1000000015
31627  -50.987  -40.412  -19.661 0.1000000015
31628  -51.454  -40.619  -19.900 0.1000000015
31648  -53.270  -40.256  -21.189 0.1000000015
31659  -52.946  -39.798  -21.260 0.1000000015
31663  -56.207  -41.015  -21.753 0.1000000015
32483  -44.411  -40.199  -8.053 0.1000000015
32498  -43.600  -40.032  -8.901 0.1000000015
32652  -48.684  -39.003  -18.434 0.1000000015
32653  -49.444  -39.607  -18.756 0.1000000015
32654  -50.150  -40.111  -19.081 0.1000000015
32666  -50.455  -39.641  -19.685 0.1000000015
32700  -52.234  -39.262  -21.301 0.1000000015
32701  -52.769  -39.287  -21.613 0.1000000015
33506  -53.778  -38.796  -7.117 0.1000000015
33520  -45.717  -38.681  -8.844 0.1000000015
33522  -47.731  -38.302  -8.403 0.1000000015
33532  -44.728  -39.142  -9.151 0.1000000015
33541  -45.352  -39.114  -10.001 0.1000000015
33542  -45.781  -38.989  -10.012 0.1000000015
33679  -47.901  -38.141  -18.246 0.1000000015
33680  -48.481  -38.245  -18.696 0.1000000015
33695  -50.074  -38.494  -19.837 0.1000000015
33707  -50.861  -38.661  -20.595 0.1000000015
33708  -51.476  -39.101  -20.756 0.1000000015
33743  -52.216  -38.937  -21.789 0.1000000015
34586  -47.909  -38.084  -8.896 0.1000000015
34603  -48.093  -38.039  -9.069 0.1000000015
34730  -47.471  -37.785  -18.074 0.1000000015
34744  -47.714  -37.515  -18.658 0.1000000015
34745  -48.317  -37.665  -19.085 0.1000000015
34758  -49.510  -37.787  -20.057 0.1000000015
35788  -45.718  -36.356  -18.129 0.1000000015
36815  -44.865  -35.675  -17.562 0.1000000015
36835  -45.982  -36.023  -19.269 0.1000000015
