#!ascii label  , from subject sub001 vox2ras=TkReg
307
79129  -27.326  0.421  -32.757 0.0000000000
81654  -24.965  2.728  -36.513 0.0000000000
97551  -21.919  16.217  -40.102 0.0000000000
91781  -23.552  11.213  -38.004 0.0000000000
89540  -26.379  8.629  -36.058 0.0000000000
85147  -28.421  5.417  -32.929 0.0000000000
99798  -21.660  18.340  -40.699 0.0000000000
90580  -24.279  9.982  -37.473 0.0000000000
87487  -24.319  7.285  -37.706 0.0000000000
80421  -26.246  1.776  -34.691 0.0000000000
84020  -26.819  4.155  -34.203 0.0000000000
82770  -28.099  3.009  -32.833 0.0000000000
73174  -25.943  -4.906  -30.990 0.0000000000
77865  -26.097  -0.687  -33.424 0.0000000000
104146  -20.400  22.733  -41.842 0.0000000000
104131  -22.124  22.092  -40.945 0.0000000000
103104  -22.923  21.256  -40.222 0.0000000000
100919  -23.505  19.356  -38.833 0.0000000000
97516  -25.014  17.018  -37.664 0.0000000000
95300  -22.435  14.050  -38.866 0.0000000000
95267  -25.055  14.784  -37.315 0.0000000000
92940  -26.428  12.618  -37.093 0.0000000000
91759  -27.005  10.937  -36.857 0.0000000000
90545  -27.809  9.547  -34.765 0.0000000000
85203  -25.256  5.604  -36.899 0.0000000000
87469  -27.066  7.438  -34.952 0.0000000000
88527  -23.713  8.182  -38.293 0.0000000000
86388  -23.821  6.483  -38.865 0.0000000000
79148  -27.213  1.141  -33.301 0.0000000000
81602  -27.451  2.485  -33.289 0.0000000000
80381  -27.759  1.615  -32.672 0.0000000000
68179  -26.114  -8.549  -27.978 0.0000000000
69322  -26.430  -7.550  -28.360 0.0000000000
70618  -26.822  -6.313  -28.801 0.0000000000
77880  -25.500  -0.767  -34.940 0.0000000000
76639  -25.339  -1.736  -34.837 0.0000000000
104132  -22.782  22.028  -40.411 0.0000000000
98652  -21.650  17.367  -40.310 0.0000000000
99781  -22.321  18.402  -40.040 0.0000000000
98631  -23.009  17.702  -38.808 0.0000000000
98611  -23.700  17.779  -38.192 0.0000000000
97514  -23.090  16.780  -38.549 0.0000000000
92953  -22.721  12.499  -38.796 0.0000000000
95286  -23.923  14.011  -37.211 0.0000000000
94120  -23.753  12.881  -37.389 0.0000000000
94122  -26.099  13.469  -37.467 0.0000000000
92939  -25.303  12.393  -36.937 0.0000000000
90571  -25.552  9.522  -36.686 0.0000000000
90582  -26.374  10.930  -36.949 0.0000000000
89551  -26.622  9.740  -36.203 0.0000000000
90573  -27.268  10.456  -36.116 0.0000000000
89541  -26.845  9.175  -35.743 0.0000000000
82858  -24.771  3.661  -37.401 0.0000000000
84062  -24.765  4.668  -37.890 0.0000000000
84053  -25.524  4.355  -36.257 0.0000000000
85146  -27.713  5.094  -33.548 0.0000000000
86342  -26.918  6.037  -34.628 0.0000000000
86327  -27.833  6.204  -33.514 0.0000000000
88481  -27.620  7.698  -34.098 0.0000000000
87421  -28.821  7.091  -32.748 0.0000000000
73176  -27.016  -4.442  -30.360 0.0000000000
74340  -25.603  -3.887  -31.980 0.0000000000
74342  -26.703  -3.299  -31.235 0.0000000000
75428  -27.042  -2.600  -31.214 0.0000000000
90589  -23.329  10.107  -38.500 0.0000000000
91782  -23.849  10.964  -37.604 0.0000000000
89569  -23.658  9.725  -38.044 0.0000000000
88528  -24.075  8.215  -37.601 0.0000000000
88518  -25.401  8.107  -36.594 0.0000000000
81641  -26.076  2.651  -35.156 0.0000000000
82825  -26.133  3.440  -35.205 0.0000000000
82806  -26.511  3.402  -34.678 0.0000000000
82790  -27.748  3.480  -33.320 0.0000000000
84006  -28.199  4.272  -33.161 0.0000000000
71912  -26.635  -5.458  -29.717 0.0000000000
80450  -25.122  1.615  -36.824 0.0000000000
80420  -25.948  0.996  -35.123 0.0000000000
79146  -26.097  0.084  -34.096 0.0000000000
79128  -26.712  0.064  -32.898 0.0000000000
106182  -20.428  23.931  -42.033 0.0000000000
104137  -20.578  22.291  -40.430 0.0000000000
104147  -20.604  22.717  -42.452 0.0000000000
106184  -22.751  23.322  -40.756 0.0000000000
105162  -24.039  22.780  -40.157 0.0000000000
103106  -24.824  21.421  -39.739 0.0000000000
100933  -22.306  19.353  -40.395 0.0000000000
102036  -23.465  20.093  -39.134 0.0000000000
102052  -24.871  20.671  -39.002 0.0000000000
102039  -25.530  19.718  -38.554 0.0000000000
99767  -25.393  18.402  -38.303 0.0000000000
98613  -25.701  17.497  -38.156 0.0000000000
95299  -22.266  14.490  -39.534 0.0000000000
96405  -23.546  16.082  -38.004 0.0000000000
96406  -24.261  15.848  -37.713 0.0000000000
96407  -26.546  15.887  -38.432 0.0000000000
96388  -26.443  14.883  -38.170 0.0000000000
94124  -27.488  13.721  -37.194 0.0000000000
91772  -25.840  11.537  -36.893 0.0000000000
91773  -26.864  11.821  -36.920 0.0000000000
85216  -24.416  5.680  -38.185 0.0000000000
86379  -25.082  6.376  -36.953 0.0000000000
87478  -25.511  7.272  -36.492 0.0000000000
85181  -25.816  4.949  -35.645 0.0000000000
86369  -26.087  6.787  -35.642 0.0000000000
87468  -26.582  7.448  -35.482 0.0000000000
88496  -27.556  8.205  -34.509 0.0000000000
89514  -28.400  9.160  -33.729 0.0000000000
76602  -25.964  -1.992  -33.249 0.0000000000
76604  -27.067  -1.105  -32.050 0.0000000000
76587  -27.825  -1.070  -31.283 0.0000000000
79130  -28.284  0.671  -32.086 0.0000000000
80382  -28.339  1.560  -32.131 0.0000000000
67002  -27.359  -9.241  -26.864 0.0000000000
68180  -26.633  -8.342  -27.736 0.0000000000
68181  -27.542  -8.592  -27.069 0.0000000000
98630  -22.383  17.491  -39.608 0.0000000000
97534  -22.608  16.744  -39.044 0.0000000000
97535  -23.213  17.183  -38.531 0.0000000000
91780  -23.118  11.729  -38.628 0.0000000000
92954  -23.286  12.270  -37.936 0.0000000000
92938  -24.100  12.093  -37.311 0.0000000000
89550  -26.090  9.036  -36.391 0.0000000000
81667  -24.635  3.098  -37.087 0.0000000000
82842  -25.069  3.647  -36.704 0.0000000000
85164  -27.326  5.638  -34.091 0.0000000000
86328  -28.434  6.403  -32.941 0.0000000000
86312  -29.107  6.135  -32.496 0.0000000000
74324  -26.659  -4.131  -30.854 0.0000000000
89568  -23.407  9.080  -38.706 0.0000000000
87486  -23.872  7.611  -38.123 0.0000000000
88529  -24.730  8.136  -37.060 0.0000000000
81621  -26.602  2.570  -34.344 0.0000000000
82789  -27.019  3.344  -33.867 0.0000000000
82791  -28.224  3.595  -32.995 0.0000000000
82771  -28.713  3.625  -32.527 0.0000000000
81584  -29.060  3.104  -32.022 0.0000000000
67015  -25.370  -9.632  -27.921 0.0000000000
65769  -25.318  -10.188  -27.610 0.0000000000
70639  -26.313  -6.205  -29.317 0.0000000000
71913  -27.486  -5.289  -29.286 0.0000000000
80435  -25.564  1.148  -35.966 0.0000000000
77864  -25.887  -0.336  -34.081 0.0000000000
79164  -25.932  0.227  -34.549 0.0000000000
79147  -26.489  0.341  -33.639 0.0000000000
105166  -20.410  23.196  -41.304 0.0000000000
106168  -20.671  23.982  -40.798 0.0000000000
105174  -20.171  23.238  -42.476 0.0000000000
106191  -20.070  23.861  -43.046 0.0000000000
104155  -20.110  22.868  -42.720 0.0000000000
103116  -21.006  21.235  -40.727 0.0000000000
104138  -20.781  22.129  -41.204 0.0000000000
104139  -21.343  22.332  -41.604 0.0000000000
104148  -21.148  22.726  -42.514 0.0000000000
105167  -22.265  23.119  -41.306 0.0000000000
105160  -22.685  22.761  -40.656 0.0000000000
104133  -23.676  22.067  -40.174 0.0000000000
104134  -24.342  21.878  -40.134 0.0000000000
103105  -23.752  21.440  -39.808 0.0000000000
100934  -22.859  19.383  -39.542 0.0000000000
102051  -23.894  20.946  -39.089 0.0000000000
102037  -24.145  20.177  -38.617 0.0000000000
102038  -25.021  20.011  -38.426 0.0000000000
100920  -24.305  19.323  -38.400 0.0000000000
98612  -24.636  17.681  -37.894 0.0000000000
94151  -22.297  13.328  -39.357 0.0000000000
96422  -22.743  15.198  -38.736 0.0000000000
96386  -25.292  15.560  -37.509 0.0000000000
97496  -25.276  16.080  -37.579 0.0000000000
96387  -26.077  15.367  -37.870 0.0000000000
95268  -25.946  14.394  -37.648 0.0000000000
94123  -26.947  13.609  -37.562 0.0000000000
91771  -24.410  11.152  -37.236 0.0000000000
90581  -25.349  10.362  -36.876 0.0000000000
91774  -27.370  12.389  -36.758 0.0000000000
91760  -27.469  11.671  -36.458 0.0000000000
90561  -27.609  9.865  -35.229 0.0000000000
90546  -28.360  10.044  -34.434 0.0000000000
85215  -24.055  5.543  -38.767 0.0000000000
85202  -24.817  5.417  -37.636 0.0000000000
86368  -25.620  6.390  -36.265 0.0000000000
84038  -26.242  4.278  -35.118 0.0000000000
84037  -25.790  4.257  -35.704 0.0000000000
86361  -27.069  6.796  -34.680 0.0000000000
86360  -26.565  6.586  -35.147 0.0000000000
88509  -27.063  8.237  -35.305 0.0000000000
88482  -27.956  8.066  -33.638 0.0000000000
88497  -27.932  8.659  -34.068 0.0000000000
89497  -28.544  8.483  -33.092 0.0000000000
76564  -27.551  -1.885  -30.748 0.0000000000
76585  -26.729  -1.955  -31.964 0.0000000000
76586  -27.250  -1.594  -31.461 0.0000000000
76605  -27.455  -1.039  -31.689 0.0000000000
88536  -23.505  8.233  -38.905 0.0000000000
87494  -23.660  7.422  -38.819 0.0000000000
87495  -23.959  7.028  -38.366 0.0000000000
80398  -26.827  1.701  -33.848 0.0000000000
80399  -27.303  1.741  -33.269 0.0000000000
81582  -27.917  2.399  -32.694 0.0000000000
81583  -28.556  2.382  -32.204 0.0000000000
80359  -28.845  1.538  -31.678 0.0000000000
67000  -26.065  -9.108  -27.706 0.0000000000
70617  -26.092  -6.730  -29.013 0.0000000000
69323  -26.986  -6.920  -28.214 0.0000000000
79178  -25.540  0.164  -35.572 0.0000000000
77891  -25.244  -0.849  -36.080 0.0000000000
76622  -25.627  -1.389  -33.987 0.0000000000
103117  -21.510  21.250  -40.783 0.0000000000
103103  -22.154  21.195  -40.573 0.0000000000
102049  -22.210  20.294  -40.437 0.0000000000
99782  -22.904  18.488  -39.202 0.0000000000
99765  -23.595  18.536  -38.521 0.0000000000
97515  -23.663  17.104  -37.977 0.0000000000
94136  -22.589  13.173  -38.672 0.0000000000
94137  -23.013  13.349  -37.925 0.0000000000
94138  -23.833  13.412  -37.281 0.0000000000
94121  -24.766  13.430  -37.102 0.0000000000
90572  -26.350  10.161  -36.601 0.0000000000
82857  -24.670  4.013  -38.023 0.0000000000
84063  -25.105  4.570  -37.191 0.0000000000
85192  -25.537  5.304  -36.328 0.0000000000
84021  -27.146  4.847  -33.949 0.0000000000
85163  -26.732  5.098  -34.460 0.0000000000
86343  -27.394  6.528  -34.224 0.0000000000
87452  -27.400  7.311  -34.406 0.0000000000
87435  -27.664  7.170  -33.824 0.0000000000
87436  -28.151  7.129  -33.233 0.0000000000
88467  -28.479  7.770  -32.988 0.0000000000
88468  -29.063  8.024  -32.370 0.0000000000
73175  -26.470  -4.691  -30.618 0.0000000000
73189  -26.039  -4.560  -31.086 0.0000000000
74341  -26.235  -3.914  -31.258 0.0000000000
75427  -26.288  -2.902  -31.786 0.0000000000
75407  -27.602  -2.814  -30.714 0.0000000000
90597  -23.082  10.651  -39.040 0.0000000000
90590  -23.788  10.509  -37.770 0.0000000000
89558  -23.591  8.622  -38.460 0.0000000000
89559  -23.800  8.991  -37.876 0.0000000000
89560  -24.649  9.159  -37.068 0.0000000000
89549  -25.285  8.803  -36.725 0.0000000000
81640  -25.469  2.209  -35.906 0.0000000000
82824  -25.584  3.449  -35.775 0.0000000000
81601  -26.964  2.530  -33.831 0.0000000000
84005  -27.371  4.161  -33.684 0.0000000000
83986  -28.783  4.587  -32.643 0.0000000000
85129  -29.114  5.199  -32.499 0.0000000000
81563  -29.365  2.393  -31.541 0.0000000000
64483  -25.514  -10.868  -27.037 0.0000000000
71936  -25.688  -5.596  -30.697 0.0000000000
71911  -26.024  -5.640  -30.074 0.0000000000
71937  -26.212  -5.337  -30.279 0.0000000000
73155  -26.883  -4.764  -30.150 0.0000000000
73156  -27.381  -4.514  -29.909 0.0000000000
80436  -25.836  1.747  -35.359 0.0000000000
79165  -26.392  0.980  -34.437 0.0000000000
105176  -21.699  23.326  -42.651 0.0000000000
105161  -23.314  22.723  -40.220 0.0000000000
106172  -24.309  23.243  -40.218 0.0000000000
105169  -24.643  22.901  -40.293 0.0000000000
104141  -24.944  22.197  -40.278 0.0000000000
103118  -25.313  21.737  -40.192 0.0000000000
102050  -23.037  20.420  -39.826 0.0000000000
103107  -25.344  20.875  -39.487 0.0000000000
102053  -25.805  20.240  -39.080 0.0000000000
100922  -25.970  19.272  -38.563 0.0000000000
99766  -24.450  18.490  -38.195 0.0000000000
96434  -21.896  14.881  -40.272 0.0000000000
96421  -22.394  15.623  -39.424 0.0000000000
96404  -22.919  16.237  -38.562 0.0000000000
95285  -23.200  14.706  -38.002 0.0000000000
97517  -26.091  16.440  -37.945 0.0000000000
95269  -26.808  14.510  -38.138 0.0000000000
95270  -27.596  14.610  -37.945 0.0000000000
91770  -23.954  11.463  -37.446 0.0000000000
92941  -27.138  12.854  -37.079 0.0000000000
90574  -27.886  11.363  -35.840 0.0000000000
86389  -24.207  6.394  -38.270 0.0000000000
86378  -24.601  6.388  -37.611 0.0000000000
87488  -24.889  7.252  -37.005 0.0000000000
88519  -26.025  8.105  -36.243 0.0000000000
85182  -26.348  5.495  -35.093 0.0000000000
86359  -25.925  5.942  -35.640 0.0000000000
87479  -26.024  7.390  -35.949 0.0000000000
88508  -26.515  8.170  -35.816 0.0000000000
89529  -27.479  9.034  -35.017 0.0000000000
89530  -27.897  9.132  -34.411 0.0000000000
76623  -26.031  -1.328  -33.351 0.0000000000
75443  -26.228  -2.258  -32.517 0.0000000000
76603  -26.394  -1.237  -32.718 0.0000000000
77848  -26.909  -0.414  -32.529 0.0000000000
77849  -27.712  -0.449  -32.026 0.0000000000
65755  -25.179  -10.624  -27.373 0.0000000000
65756  -25.905  -10.181  -27.164 0.0000000000
68195  -26.201  -8.248  -28.127 0.0000000000
69305  -26.740  -7.780  -27.905 0.0000000000
77847  -26.426  -0.329  -32.960 0.0000000000
84004  -27.023  3.900  -33.871 0.0000000000
84073  -24.083  5.006  -38.871 0.0000000000
91790  -23.188  11.266  -38.831 0.0000000000
94152  -22.545  13.498  -38.693 0.0000000000
97497  -25.738  15.829  -37.643 0.0000000000
100921  -25.127  19.204  -38.394 0.0000000000
104140  -24.360  22.358  -40.213 0.0000000000
104156  -20.152  22.871  -43.050 0.0000000000
105175  -20.983  22.909  -42.849 0.0000000000
106170  -23.071  23.300  -40.406 0.0000000000
106171  -23.746  23.397  -40.202 0.0000000000
106201  -20.094  23.669  -43.449 0.0000000000
