#!ascii label  , from subject sub001 vox2ras=TkReg
1585
48814  10.213  -25.424  46.561 0.0000000000
74469  44.262  -5.902  20.535 0.0000000000
55563  28.221  -21.351  37.942 0.0000000000
56836  36.405  -19.834  41.925 0.0000000000
60655  20.092  -17.155  38.359 0.0000000000
56751  16.090  -19.366  47.936 0.0000000000
81791  54.383  -0.193  13.827 0.0000000000
78136  54.998  -2.863  24.597 0.0000000000
67118  38.008  -11.179  32.710 0.0000000000
85334  57.428  4.285  5.334 0.0000000000
55475  26.271  -20.405  43.538 0.0000000000
54016  12.701  -21.895  46.831 0.0000000000
79332  55.353  -1.389  19.116 0.0000000000
78248  49.977  -2.970  18.141 0.0000000000
73131  43.675  -7.054  26.893 0.0000000000
75660  47.446  -4.570  27.084 0.0000000000
69632  39.625  -9.690  25.925 0.0000000000
58224  35.417  -18.856  35.379 0.0000000000
52760  33.173  -22.463  38.819 0.0000000000
58114  23.246  -18.510  43.905 0.0000000000
59292  20.715  -17.917  48.498 0.0000000000
59371  17.644  -17.568  42.858 0.0000000000
56840  14.464  -19.040  41.898 0.0000000000
58194  24.506  -18.107  38.374 0.0000000000
84118  60.020  2.538  14.315 0.0000000000
81728  60.342  0.906  19.677 0.0000000000
76991  48.705  -3.337  22.619 0.0000000000
70704  39.879  -8.499  34.106 0.0000000000
60667  39.888  -16.354  37.621 0.0000000000
84194  55.645  1.734  9.524 0.0000000000
83038  61.162  2.549  9.217 0.0000000000
83097  62.628  2.181  5.609 0.0000000000
55445  26.546  -20.536  46.090 0.0000000000
51207  11.588  -23.754  47.322 0.0000000000
49912  11.974  -24.452  50.475 0.0000000000
48776  10.936  -26.147  49.881 0.0000000000
79384  50.129  -2.218  15.453 0.0000000000
73080  43.303  -6.752  29.572 0.0000000000
74322  45.038  -5.470  30.413 0.0000000000
49918  5.715  -25.249  48.924 0.0000000000
69688  39.980  -9.447  22.674 0.0000000000
55627  29.190  -20.343  35.534 0.0000000000
56908  31.582  -20.347  36.289 0.0000000000
54147  30.424  -22.007  38.156 0.0000000000
59405  21.951  -17.824  41.528 0.0000000000
59368  20.299  -17.679  43.475 0.0000000000
59425  19.485  -17.355  40.443 0.0000000000
59459  22.631  -17.337  38.464 0.0000000000
58165  24.034  -18.208  40.705 0.0000000000
58055  18.085  -18.253  48.424 0.0000000000
81788  57.549  0.869  13.965 0.0000000000
81769  60.377  1.789  17.413 0.0000000000
80524  58.466  -0.219  16.867 0.0000000000
78197  55.704  -2.019  21.985 0.0000000000
79296  57.875  -1.260  21.952 0.0000000000
77038  44.291  -3.955  19.642 0.0000000000
77036  46.356  -3.536  19.767 0.0000000000
77009  46.002  -4.023  21.631 0.0000000000
70744  35.151  -9.005  30.110 0.0000000000
70754  37.024  -8.530  29.621 0.0000000000
70694  38.045  -9.420  33.876 0.0000000000
56878  36.091  -19.531  38.433 0.0000000000
59482  38.166  -18.234  36.919 0.0000000000
58161  38.236  -18.285  40.389 0.0000000000
81843  52.500  0.526  11.507 0.0000000000
84197  52.917  2.128  9.025 0.0000000000
83001  54.784  1.622  11.920 0.0000000000
84147  57.017  2.486  11.979 0.0000000000
84290  61.965  3.248  3.712 0.0000000000
84263  60.605  2.386  4.916 0.0000000000
84244  61.965  2.514  6.677 0.0000000000
83081  58.852  1.882  6.544 0.0000000000
55509  27.034  -20.965  41.042 0.0000000000
52728  29.402  -23.047  40.489 0.0000000000
52678  29.003  -22.782  43.230 0.0000000000
55428  14.040  -20.980  47.933 0.0000000000
55366  14.671  -20.721  51.304 0.0000000000
52580  13.203  -23.202  51.636 0.0000000000
80587  51.921  -0.765  13.426 0.0000000000
79379  55.142  -1.273  16.482 0.0000000000
79365  52.842  -1.664  16.547 0.0000000000
78245  52.317  -2.245  18.869 0.0000000000
78200  52.978  -2.695  21.539 0.0000000000
73172  43.882  -6.594  23.282 0.0000000000
74419  45.841  -5.214  24.206 0.0000000000
74376  45.542  -5.769  27.194 0.0000000000
64703  38.419  -13.272  31.558 0.0000000000
59325  37.800  -17.961  44.785 0.0000000000
48828  7.980  -25.221  45.944 0.0000000000
47687  8.602  -27.139  49.524 0.0000000000
48784  7.002  -26.119  49.535 0.0000000000
71996  42.028  -7.644  20.651 0.0000000000
70839  41.700  -8.426  23.372 0.0000000000
70775  41.908  -8.360  26.862 0.0000000000
71889  41.724  -7.891  29.281 0.0000000000
58241  33.017  -19.021  34.308 0.0000000000
56892  34.293  -20.281  37.666 0.0000000000
55527  36.005  -20.978  40.402 0.0000000000
50040  32.357  -24.445  41.127 0.0000000000
50036  35.503  -24.273  41.128 0.0000000000
58072  24.336  -18.920  45.987 0.0000000000
58037  23.415  -18.544  49.253 0.0000000000
59326  22.104  -18.105  46.389 0.0000000000
59315  19.532  -17.722  46.270 0.0000000000
58090  16.891  -18.159  45.120 0.0000000000
59428  16.861  -17.552  40.091 0.0000000000
58132  16.382  -18.066  42.480 0.0000000000
56799  15.368  -19.402  45.024 0.0000000000
55468  13.687  -20.453  44.565 0.0000000000
54048  11.867  -21.974  44.892 0.0000000000
52686  10.377  -22.832  43.515 0.0000000000
55630  26.635  -20.014  35.501 0.0000000000
58232  24.611  -18.018  35.790 0.0000000000
56870  26.273  -19.779  38.711 0.0000000000
56856  25.616  -19.393  40.554 0.0000000000
56811  24.952  -19.167  43.643 0.0000000000
80511  61.384  0.050  18.604 0.0000000000
80500  57.474  -0.798  19.796 0.0000000000
78276  46.560  -3.365  17.271 0.0000000000
77018  49.305  -3.276  20.163 0.0000000000
76969  52.307  -3.298  24.125 0.0000000000
76954  48.713  -3.168  24.762 0.0000000000
78120  51.493  -2.449  25.846 0.0000000000
69616  37.172  -9.493  26.419 0.0000000000
70739  39.987  -8.293  30.123 0.0000000000
71851  41.677  -7.771  33.462 0.0000000000
60731  38.517  -15.944  34.449 0.0000000000
64650  39.656  -13.541  35.981 0.0000000000
60595  39.090  -16.303  42.130 0.0000000000
64594  40.443  -13.713  39.402 0.0000000000
67044  39.482  -11.057  36.269 0.0000000000
70660  39.766  -9.332  37.474 0.0000000000
71809  41.202  -7.843  37.300 0.0000000000
84225  56.849  2.488  7.106 0.0000000000
83041  58.102  1.644  9.297 0.0000000000
85280  59.451  3.267  11.328 0.0000000000
55418  26.944  -21.207  47.278 0.0000000000
49941  10.844  -24.831  46.932 0.0000000000
49917  11.050  -25.061  48.490 0.0000000000
47707  10.440  -25.897  47.959 0.0000000000
73045  43.557  -6.169  31.796 0.0000000000
74308  43.879  -5.764  31.249 0.0000000000
51197  5.758  -23.573  48.764 0.0000000000
55608  28.327  -20.701  36.258 0.0000000000
55584  29.401  -21.133  36.977 0.0000000000
54148  29.578  -22.041  38.120 0.0000000000
59442  21.038  -17.458  39.271 0.0000000000
59424  20.452  -17.408  40.405 0.0000000000
59443  19.924  -17.326  39.400 0.0000000000
60700  21.867  -16.469  36.694 0.0000000000
60630  21.748  -17.378  38.606 0.0000000000
59441  22.108  -17.398  39.159 0.0000000000
58065  16.820  -18.914  47.773 0.0000000000
56727  16.398  -19.293  49.739 0.0000000000
81789  56.409  0.294  14.274 0.0000000000
80548  58.221  0.098  15.330 0.0000000000
80550  56.628  -0.357  15.243 0.0000000000
78156  55.242  -2.652  23.565 0.0000000000
78154  57.190  -1.799  23.396 0.0000000000
75810  44.453  -4.727  19.904 0.0000000000
77022  45.238  -4.071  20.612 0.0000000000
74467  45.290  -4.816  21.314 0.0000000000
67144  36.960  -10.876  30.701 0.0000000000
68308  36.955  -10.289  31.586 0.0000000000
69536  37.034  -9.584  31.912 0.0000000000
68274  37.614  -10.361  33.077 0.0000000000
56853  36.302  -19.753  40.644 0.0000000000
58178  37.535  -18.925  39.469 0.0000000000
58144  37.245  -18.507  41.661 0.0000000000
81821  53.428  0.401  12.283 0.0000000000
83012  53.703  1.148  11.289 0.0000000000
82986  54.799  1.149  12.515 0.0000000000
82984  56.265  1.535  12.797 0.0000000000
85345  59.341  3.496  4.071 0.0000000000
84265  58.295  3.120  5.380 0.0000000000
84245  59.229  2.028  6.029 0.0000000000
84246  58.496  2.363  6.161 0.0000000000
55491  26.673  -20.718  42.212 0.0000000000
54074  27.922  -22.199  41.933 0.0000000000
54039  27.708  -21.782  44.285 0.0000000000
54003  13.350  -21.422  47.411 0.0000000000
53976  14.226  -21.407  49.803 0.0000000000
52616  13.126  -22.045  48.777 0.0000000000
48768  11.671  -26.044  51.593 0.0000000000
48767  12.386  -25.557  51.721 0.0000000000
80588  50.971  -1.053  13.245 0.0000000000
79400  52.475  -1.123  14.651 0.0000000000
79402  50.662  -1.509  14.284 0.0000000000
78292  50.266  -2.539  16.771 0.0000000000
79352  51.451  -2.259  16.895 0.0000000000
78246  51.439  -2.444  18.627 0.0000000000
78229  52.377  -2.398  19.792 0.0000000000
78231  50.783  -2.779  19.176 0.0000000000
73152  43.736  -6.771  25.099 0.0000000000
73151  44.384  -6.308  24.827 0.0000000000
73130  44.270  -6.620  26.683 0.0000000000
80610  51.483  -0.462  12.605 0.0000000000
48804  7.604  -25.873  47.856 0.0000000000
49929  6.791  -25.353  48.491 0.0000000000
71998  40.347  -8.021  20.059 0.0000000000
71988  42.169  -7.953  21.672 0.0000000000
70861  40.302  -8.991  21.689 0.0000000000
69663  39.390  -9.794  24.137 0.0000000000
70827  40.905  -9.152  24.866 0.0000000000
70796  40.792  -9.125  26.611 0.0000000000
71901  41.724  -8.124  28.336 0.0000000000
70763  41.102  -8.585  27.932 0.0000000000
58243  31.274  -19.272  33.969 0.0000000000
54163  32.663  -21.466  37.844 0.0000000000
56906  33.337  -20.202  36.686 0.0000000000
55561  33.934  -20.987  38.336 0.0000000000
55560  34.726  -20.860  38.677 0.0000000000
54127  34.555  -21.969  38.983 0.0000000000
51279  30.235  -23.662  42.459 0.0000000000
51313  30.814  -23.625  40.774 0.0000000000
50010  31.900  -24.644  42.365 0.0000000000
48879  34.636  -25.353  42.151 0.0000000000
51292  36.312  -23.977  41.833 0.0000000000
58087  23.636  -18.705  45.438 0.0000000000
58073  23.575  -18.688  46.420 0.0000000000
59346  22.180  -18.072  45.342 0.0000000000
59369  19.326  -17.648  43.257 0.0000000000
59349  19.444  -17.702  44.263 0.0000000000
59350  18.553  -17.669  44.011 0.0000000000
59317  18.086  -17.767  45.418 0.0000000000
59332  17.186  -17.786  44.218 0.0000000000
60658  17.421  -17.175  38.280 0.0000000000
58167  14.807  -18.385  40.833 0.0000000000
59412  15.738  -18.083  41.417 0.0000000000
58134  14.882  -18.713  42.100 0.0000000000
58102  15.692  -18.769  44.288 0.0000000000
56812  14.578  -19.415  43.390 0.0000000000
55467  14.389  -19.984  44.781 0.0000000000
56825  13.834  -19.847  42.802 0.0000000000
52685  11.095  -22.556  43.899 0.0000000000
56951  27.476  -19.767  34.283 0.0000000000
58247  26.006  -19.115  34.621 0.0000000000
59473  23.437  -17.411  37.125 0.0000000000
58206  24.509  -18.159  37.378 0.0000000000
58216  25.056  -18.702  36.810 0.0000000000
58205  25.062  -18.658  37.880 0.0000000000
56871  25.676  -19.235  39.405 0.0000000000
58180  24.911  -18.792  40.025 0.0000000000
58130  23.546  -18.384  42.850 0.0000000000
58147  24.328  -18.545  41.972 0.0000000000
58113  24.045  -18.636  43.744 0.0000000000
56778  24.984  -19.278  45.506 0.0000000000
58053  22.211  -18.354  49.069 0.0000000000
47671  7.258  -27.206  50.799 0.0000000000
46618  8.894  -27.612  51.273 0.0000000000
85227  61.343  3.200  15.786 0.0000000000
82927  60.647  1.386  18.846 0.0000000000
84066  61.813  2.215  18.485 0.0000000000
81726  61.072  0.753  19.749 0.0000000000
80498  60.898  -0.141  19.963 0.0000000000
80527  55.675  -1.244  17.874 0.0000000000
80526  56.534  -0.865  17.641 0.0000000000
80501  56.615  -1.160  19.578 0.0000000000
80452  59.336  -1.092  22.230 0.0000000000
77007  47.900  -3.446  21.589 0.0000000000
77019  48.188  -3.441  20.465 0.0000000000
77006  49.031  -3.326  21.396 0.0000000000
76989  51.263  -3.235  22.353 0.0000000000
76971  50.565  -3.257  23.632 0.0000000000
75706  46.790  -4.710  25.173 0.0000000000
75705  47.443  -4.111  24.698 0.0000000000
75682  48.305  -3.937  26.243 0.0000000000
70798  35.634  -9.188  26.446 0.0000000000
70717  38.441  -8.631  32.549 0.0000000000
70753  38.151  -8.456  29.536 0.0000000000
70716  39.794  -8.442  32.647 0.0000000000
71873  40.637  -8.190  31.792 0.0000000000
71852  40.767  -8.123  33.663 0.0000000000
58255  34.432  -18.626  33.853 0.0000000000
59503  35.747  -18.208  34.319 0.0000000000
59481  39.039  -17.355  36.705 0.0000000000
60714  38.047  -16.684  34.971 0.0000000000
60712  39.542  -15.797  36.073 0.0000000000
61977  39.118  -15.168  34.994 0.0000000000
61957  39.809  -15.243  36.510 0.0000000000
60585  38.432  -16.814  43.350 0.0000000000
65814  40.379  -12.596  39.349 0.0000000000
65836  40.246  -12.473  38.293 0.0000000000
67013  39.839  -10.997  38.328 0.0000000000
69465  39.330  -10.187  37.038 0.0000000000
69432  39.968  -9.891  39.048 0.0000000000
84196  53.895  1.965  9.275 0.0000000000
83068  55.783  1.747  8.094 0.0000000000
83058  56.823  1.554  8.506 0.0000000000
83043  56.394  1.608  9.194 0.0000000000
84134  58.069  2.567  12.821 0.0000000000
84157  58.370  3.151  11.745 0.0000000000
84144  59.273  3.133  12.764 0.0000000000
86369  61.117  4.127  12.441 0.0000000000
84273  62.302  2.674  4.220 0.0000000000
83053  61.645  2.693  8.485 0.0000000000
84206  62.161  3.170  8.803 0.0000000000
84188  61.475  3.129  9.715 0.0000000000
55459  26.244  -20.406  44.893 0.0000000000
54022  27.632  -21.528  45.451 0.0000000000
54009  27.588  -21.482  46.463 0.0000000000
52631  11.948  -23.185  47.194 0.0000000000
51182  12.237  -23.392  49.231 0.0000000000
51195  11.723  -23.934  48.598 0.0000000000
48775  11.282  -25.555  50.281 0.0000000000
47667  11.224  -26.309  51.266 0.0000000000
79386  48.366  -2.341  15.145 0.0000000000
78294  48.749  -3.061  16.497 0.0000000000
73116  43.582  -7.007  27.779 0.0000000000
73097  44.113  -6.579  28.232 0.0000000000
74344  43.861  -6.245  30.001 0.0000000000
74307  44.626  -5.360  31.420 0.0000000000
49943  6.242  -24.114  48.238 0.0000000000
49930  6.015  -24.635  48.659 0.0000000000
49919  5.182  -24.533  48.794 0.0000000000
70862  39.041  -9.338  21.327 0.0000000000
69650  38.643  -9.926  24.834 0.0000000000
58229  30.702  -19.428  34.363 0.0000000000
55626  30.180  -20.436  35.708 0.0000000000
55582  31.023  -20.967  37.163 0.0000000000
52761  32.302  -22.507  38.711 0.0000000000
59386  22.394  -18.089  42.753 0.0000000000
59367  21.318  -17.884  43.728 0.0000000000
59387  21.165  -17.748  42.568 0.0000000000
59388  20.104  -17.568  42.417 0.0000000000
59408  18.880  -17.318  41.312 0.0000000000
56842  13.244  -20.013  42.071 0.0000000000
56860  12.879  -19.619  40.961 0.0000000000
60675  22.775  -17.186  37.196 0.0000000000
59458  23.213  -17.424  38.049 0.0000000000
58181  24.382  -18.141  39.417 0.0000000000
59440  23.114  -17.386  39.125 0.0000000000
59404  22.841  -18.140  41.602 0.0000000000
59284  19.346  -18.016  48.616 0.0000000000
82968  58.287  1.789  13.651 0.0000000000
82957  60.389  2.516  15.699 0.0000000000
81786  59.278  1.219  15.048 0.0000000000
81771  59.184  0.359  16.350 0.0000000000
81743  59.359  0.585  18.629 0.0000000000
79309  54.996  -1.785  20.749 0.0000000000
79307  56.711  -1.345  21.104 0.0000000000
79279  56.722  -1.576  22.300 0.0000000000
79258  58.460  -1.536  23.563 0.0000000000
77083  45.282  -3.388  18.419 0.0000000000
77037  45.372  -3.686  19.757 0.0000000000
77021  46.155  -3.784  20.686 0.0000000000
76992  47.677  -3.384  22.617 0.0000000000
76911  48.964  -3.901  27.361 0.0000000000
70769  35.090  -8.750  28.623 0.0000000000
70768  36.212  -8.599  28.603 0.0000000000
70742  36.800  -8.628  30.615 0.0000000000
70718  37.656  -8.934  32.415 0.0000000000
70693  38.627  -9.071  34.146 0.0000000000
58204  35.960  -19.083  36.681 0.0000000000
58222  37.042  -18.358  35.813 0.0000000000
58202  37.491  -18.773  37.512 0.0000000000
58190  38.227  -18.647  38.791 0.0000000000
59437  39.640  -17.529  39.619 0.0000000000
83027  51.813  1.060  10.423 0.0000000000
84198  51.849  2.444  9.053 0.0000000000
83026  52.970  1.288  10.388 0.0000000000
83025  53.879  1.615  10.283 0.0000000000
84161  55.224  2.094  11.154 0.0000000000
84175  55.795  2.091  10.505 0.0000000000
84149  55.565  2.193  11.737 0.0000000000
82983  57.358  1.987  13.021 0.0000000000
85356  59.832  3.857  3.458 0.0000000000
84275  60.835  2.886  3.907 0.0000000000
84262  61.656  2.439  5.428 0.0000000000
84260  62.766  2.478  6.343 0.0000000000
83098  61.323  2.025  6.343 0.0000000000
83079  60.604  1.651  6.809 0.0000000000
83055  60.022  1.437  8.542 0.0000000000
55546  27.393  -21.051  39.179 0.0000000000
54128  28.471  -22.046  39.356 0.0000000000
54095  28.054  -22.129  41.057 0.0000000000
52694  28.898  -22.773  42.202 0.0000000000
52677  29.836  -23.316  43.482 0.0000000000
56741  15.037  -19.951  47.866 0.0000000000
55396  15.430  -20.093  49.876 0.0000000000
55398  14.368  -20.894  49.446 0.0000000000
53947  13.909  -21.834  51.672 0.0000000000
51176  12.327  -23.773  50.427 0.0000000000
51169  13.220  -24.088  52.048 0.0000000000
80585  53.401  -0.486  13.815 0.0000000000
80566  54.834  -0.525  14.631 0.0000000000
80553  53.307  -1.066  14.995 0.0000000000
79381  53.536  -1.360  15.870 0.0000000000
79349  54.045  -1.505  17.911 0.0000000000
79383  51.331  -1.776  15.382 0.0000000000
79351  52.200  -2.102  17.293 0.0000000000
79333  54.341  -1.614  18.889 0.0000000000
79310  54.253  -1.987  20.385 0.0000000000
78199  53.935  -2.435  21.691 0.0000000000
78183  53.458  -2.819  22.552 0.0000000000
73181  43.854  -6.448  22.234 0.0000000000
74446  45.117  -5.284  22.712 0.0000000000
74433  45.137  -5.659  23.586 0.0000000000
74404  45.666  -5.541  25.203 0.0000000000
75661  46.729  -4.945  27.356 0.0000000000
74361  45.449  -5.815  28.264 0.0000000000
74341  46.170  -5.608  28.911 0.0000000000
75617  47.500  -4.986  28.898 0.0000000000
65953  38.082  -11.979  32.350 0.0000000000
56808  36.696  -19.032  43.627 0.0000000000
83028  50.418  1.472  10.390 0.0000000000
81844  51.454  0.531  11.137 0.0000000000
80609  52.492  -0.395  12.805 0.0000000000
87502  58.210  6.081  4.626 0.0000000000
86429  57.167  5.315  5.292 0.0000000000
48827  8.808  -25.440  45.780 0.0000000000
47721  9.519  -26.276  47.158 0.0000000000
48803  8.441  -26.339  47.427 0.0000000000
47688  7.672  -26.716  49.599 0.0000000000
47680  6.870  -26.804  50.321 0.0000000000
48785  6.262  -25.785  49.326 0.0000000000
74480  43.093  -5.670  19.259 0.0000000000
73204  42.352  -6.496  19.353 0.0000000000
73190  43.100  -6.867  20.656 0.0000000000
71987  43.000  -7.423  22.139 0.0000000000
71977  42.862  -7.612  23.035 0.0000000000
71956  42.680  -7.770  24.731 0.0000000000
70852  40.766  -9.024  22.874 0.0000000000
70810  42.201  -8.377  25.026 0.0000000000
71932  42.522  -7.881  26.594 0.0000000000
71915  42.345  -7.887  27.649 0.0000000000
71888  42.632  -7.236  29.770 0.0000000000
71871  42.611  -7.403  31.911 0.0000000000
58225  34.441  -19.082  35.196 0.0000000000
56926  32.772  -19.750  35.724 0.0000000000
56925  33.892  -19.490  35.889 0.0000000000
56924  34.868  -19.292  35.887 0.0000000000
56891  35.531  -19.528  37.454 0.0000000000
56869  35.954  -20.405  39.898 0.0000000000
56854  36.127  -20.325  41.009 0.0000000000
52746  29.692  -22.847  39.510 0.0000000000
52744  31.515  -22.979  39.317 0.0000000000
51325  32.551  -23.603  39.909 0.0000000000
48881  33.407  -25.205  42.371 0.0000000000
50038  34.059  -24.502  41.046 0.0000000000
51323  34.473  -23.481  39.894 0.0000000000
52727  35.767  -22.853  40.490 0.0000000000
54092  36.386  -21.704  41.818 0.0000000000
54073  36.531  -21.422  42.892 0.0000000000
56746  24.999  -19.296  47.692 0.0000000000
58050  24.218  -18.930  48.035 0.0000000000
58062  22.761  -18.456  47.815 0.0000000000
59301  21.411  -17.940  47.911 0.0000000000
59347  21.325  -17.902  44.880 0.0000000000
59314  20.437  -17.870  46.600 0.0000000000
59303  19.648  -17.802  47.249 0.0000000000
59304  18.714  -17.824  46.907 0.0000000000
58064  17.787  -18.360  47.148 0.0000000000
58078  16.130  -19.114  46.884 0.0000000000
60633  18.916  -17.422  39.164 0.0000000000
60614  17.869  -17.457  39.715 0.0000000000
59391  17.448  -17.500  41.997 0.0000000000
59429  16.068  -17.558  40.151 0.0000000000
59411  16.307  -17.763  41.014 0.0000000000
59372  16.976  -17.731  42.648 0.0000000000
58101  16.588  -18.148  43.914 0.0000000000
58091  16.032  -19.117  45.680 0.0000000000
56767  15.461  -19.472  46.450 0.0000000000
56768  14.845  -19.786  46.041 0.0000000000
55452  13.761  -20.663  45.809 0.0000000000
54015  13.238  -21.303  46.291 0.0000000000
55499  12.838  -20.451  42.763 0.0000000000
54047  12.639  -21.340  44.416 0.0000000000
54029  12.450  -21.776  45.642 0.0000000000
52657  11.586  -22.726  45.509 0.0000000000
52658  11.107  -23.201  45.278 0.0000000000
51247  10.042  -23.761  44.259 0.0000000000
49981  9.467  -24.356  44.636 0.0000000000
49983  8.145  -24.284  44.833 0.0000000000
56950  28.466  -19.610  34.151 0.0000000000
55628  28.193  -20.374  35.481 0.0000000000
55586  27.506  -20.691  37.096 0.0000000000
56933  25.856  -19.203  35.639 0.0000000000
56894  26.195  -19.705  36.748 0.0000000000
55565  26.871  -20.279  37.939 0.0000000000
55547  26.866  -20.419  38.974 0.0000000000
56838  26.316  -20.104  41.120 0.0000000000
56821  25.991  -19.990  42.401 0.0000000000
58164  24.904  -18.908  41.215 0.0000000000
56822  25.461  -19.414  42.747 0.0000000000
56809  25.795  -19.878  43.113 0.0000000000
56794  25.571  -19.778  44.976 0.0000000000
56777  25.597  -19.731  46.088 0.0000000000
46632  9.904  -27.237  49.945 0.0000000000
47663  9.642  -27.423  51.425 0.0000000000
84097  61.157  2.878  16.790 0.0000000000
80539  56.563  -0.750  16.490 0.0000000000
80512  58.424  -0.028  18.017 0.0000000000
81729  59.540  0.534  19.623 0.0000000000
80485  57.975  -0.845  20.904 0.0000000000
80484  58.925  -0.148  20.504 0.0000000000
80483  59.917  -0.115  20.604 0.0000000000
78296  46.822  -3.306  16.712 0.0000000000
77079  48.434  -3.320  17.180 0.0000000000
77053  46.608  -3.518  18.811 0.0000000000
77034  48.474  -3.422  19.321 0.0000000000
77033  49.601  -3.230  18.954 0.0000000000
78202  51.269  -2.949  20.853 0.0000000000
78184  52.394  -2.942  22.399 0.0000000000
78137  53.849  -3.040  24.635 0.0000000000
75749  46.186  -4.347  22.804 0.0000000000
76956  47.185  -3.798  23.685 0.0000000000
76973  48.605  -3.171  23.924 0.0000000000
76939  49.421  -3.165  26.091 0.0000000000
78122  49.645  -2.798  25.639 0.0000000000
78161  49.511  -2.935  24.444 0.0000000000
78139  51.738  -2.767  24.968 0.0000000000
78118  53.676  -2.777  25.717 0.0000000000
69652  36.754  -9.895  24.550 0.0000000000
69615  38.177  -9.436  26.389 0.0000000000
70767  37.416  -8.590  28.592 0.0000000000
70766  38.517  -8.571  28.597 0.0000000000
70778  39.740  -9.017  27.776 0.0000000000
70738  40.952  -8.340  29.759 0.0000000000
71872  41.667  -7.893  31.587 0.0000000000
73029  42.887  -7.092  34.270 0.0000000000
59501  37.566  -17.153  34.806 0.0000000000
63389  38.507  -14.368  32.468 0.0000000000
64677  38.810  -13.352  33.125 0.0000000000
65932  38.704  -12.209  33.565 0.0000000000
59384  37.730  -17.674  42.501 0.0000000000
59418  39.281  -17.333  40.853 0.0000000000
60622  40.046  -16.689  40.109 0.0000000000
61904  40.385  -15.297  40.200 0.0000000000
63324  40.382  -14.928  38.449 0.0000000000
64636  39.866  -13.345  36.759 0.0000000000
65879  39.596  -12.067  36.329 0.0000000000
67079  38.980  -10.971  34.739 0.0000000000
68244  38.567  -10.274  35.192 0.0000000000
70668  38.956  -9.314  36.008 0.0000000000
70678  39.256  -8.892  35.680 0.0000000000
70632  40.071  -9.261  39.511 0.0000000000
71810  40.602  -8.401  37.645 0.0000000000
71829  40.601  -8.153  35.756 0.0000000000
71828  41.389  -7.854  35.322 0.0000000000
85335  56.738  4.785  5.669 0.0000000000
84248  56.834  3.127  6.438 0.0000000000
84224  57.884  2.236  6.912 0.0000000000
83056  58.887  1.466  8.414 0.0000000000
83040  59.187  1.781  9.352 0.0000000000
84173  57.562  2.552  10.776 0.0000000000
84191  58.364  2.319  10.061 0.0000000000
84170  60.907  3.233  10.382 0.0000000000
85268  61.651  3.624  11.801 0.0000000000
55420  26.108  -20.553  48.250 0.0000000000
49954  10.447  -24.667  46.026 0.0000000000
48801  10.498  -25.592  47.433 0.0000000000
73037  43.724  -6.200  32.784 0.0000000000
55585  28.400  -21.091  37.142 0.0000000000
54168  28.806  -21.422  37.574 0.0000000000
59461  20.605  -17.394  38.829 0.0000000000
60654  21.128  -17.385  38.357 0.0000000000
60631  21.541  -17.419  38.848 0.0000000000
56739  16.261  -19.303  48.708 0.0000000000
81790  55.326  0.063  13.926 0.0000000000
80564  56.293  -0.152  14.724 0.0000000000
80565  55.817  -0.293  14.739 0.0000000000
78135  56.085  -2.625  24.534 0.0000000000
74479  44.152  -5.595  19.906 0.0000000000
74478  44.663  -5.066  20.243 0.0000000000
74468  44.857  -5.339  20.937 0.0000000000
67131  37.806  -11.254  31.896 0.0000000000
67132  37.385  -10.834  31.410 0.0000000000
68307  37.449  -10.578  31.926 0.0000000000
68292  37.253  -10.197  32.389 0.0000000000
58145  36.750  -19.106  41.239 0.0000000000
58127  36.628  -18.859  42.325 0.0000000000
81806  53.822  -0.026  13.351 0.0000000000
81805  54.635  0.614  13.069 0.0000000000
81804  55.780  0.813  13.343 0.0000000000
85333  57.925  3.720  5.238 0.0000000000
84266  57.648  3.485  5.619 0.0000000000
55474  27.128  -21.296  43.249 0.0000000000
54004  12.811  -21.911  47.928 0.0000000000
53991  12.999  -21.980  48.484 0.0000000000
52617  12.740  -22.534  48.652 0.0000000000
79417  50.347  -1.271  13.506 0.0000000000
80570  51.564  -1.147  13.942 0.0000000000
78274  49.814  -2.823  17.382 0.0000000000
78273  50.485  -2.652  17.556 0.0000000000
78247  50.711  -2.703  18.328 0.0000000000
78230  51.602  -2.504  19.498 0.0000000000
78232  50.270  -2.957  18.747 0.0000000000
73142  43.765  -6.984  25.999 0.0000000000
73141  44.331  -6.448  25.759 0.0000000000
49955  7.317  -24.402  46.571 0.0000000000
72014  39.576  -7.719  19.552 0.0000000000
70871  40.679  -8.354  20.704 0.0000000000
70872  39.583  -8.619  20.525 0.0000000000
69649  39.514  -9.807  25.058 0.0000000000
69648  40.278  -9.570  25.374 0.0000000000
69631  40.298  -9.476  26.213 0.0000000000
69591  40.236  -9.211  27.161 0.0000000000
54144  33.110  -21.865  38.191 0.0000000000
55562  33.206  -21.128  37.930 0.0000000000
54143  33.893  -21.854  38.623 0.0000000000
55545  34.510  -21.369  38.746 0.0000000000
52759  33.875  -22.416  38.982 0.0000000000
51257  31.069  -24.203  43.039 0.0000000000
51278  30.866  -24.001  42.420 0.0000000000
51256  31.490  -24.509  42.866 0.0000000000
58099  23.757  -18.710  44.534 0.0000000000
58100  23.001  -18.440  44.860 0.0000000000
59370  18.435  -17.580  43.055 0.0000000000
59331  17.788  -17.694  44.718 0.0000000000
59351  17.758  -17.625  43.743 0.0000000000
58150  14.468  -18.753  41.351 0.0000000000
58149  15.150  -18.360  41.427 0.0000000000
58117  15.176  -18.820  43.082 0.0000000000
56824  14.510  -19.242  42.485 0.0000000000
59457  24.004  -17.619  37.786 0.0000000000
59472  24.049  -17.696  36.869 0.0000000000
58193  25.121  -18.581  38.925 0.0000000000
58131  22.873  -18.333  43.396 0.0000000000
59291  21.607  -18.171  48.858 0.0000000000
46620  7.004  -27.773  51.085 0.0000000000
46619  8.106  -27.754  51.243 0.0000000000
84131  60.407  3.303  13.851 0.0000000000
85238  61.171  3.549  14.803 0.0000000000
84117  60.674  3.263  14.597 0.0000000000
82909  60.529  1.151  19.309 0.0000000000
82908  60.832  1.225  19.326 0.0000000000
81727  60.836  0.976  19.821 0.0000000000
80481  60.961  0.301  19.982 0.0000000000
81714  60.801  0.553  19.954 0.0000000000
79348  54.968  -1.421  18.245 0.0000000000
80515  55.588  -1.314  18.503 0.0000000000
79331  56.070  -1.294  19.542 0.0000000000
76990  49.875  -3.345  22.447 0.0000000000
76972  49.493  -3.190  23.558 0.0000000000
75683  47.732  -4.242  25.912 0.0000000000
75659  48.267  -4.190  26.814 0.0000000000
70782  35.344  -8.782  27.573 0.0000000000
70705  38.983  -8.718  33.597 0.0000000000
70728  38.734  -8.511  31.512 0.0000000000
58239  35.056  -18.641  34.495 0.0000000000
58238  35.863  -18.389  34.812 0.0000000000
59480  39.549  -16.810  37.153 0.0000000000
60691  39.143  -16.795  36.183 0.0000000000
60690  39.559  -16.285  36.625 0.0000000000
61976  39.531  -15.201  35.756 0.0000000000
61942  40.114  -15.406  37.415 0.0000000000
65794  40.371  -12.628  40.596 0.0000000000
67012  40.184  -11.389  38.719 0.0000000000
68187  40.175  -10.558  39.584 0.0000000000
68196  39.876  -10.592  38.422 0.0000000000
84195  54.758  1.792  9.330 0.0000000000
84208  54.553  2.055  8.323 0.0000000000
84207  55.325  1.736  8.543 0.0000000000
83059  56.028  1.641  8.620 0.0000000000
84133  58.709  2.645  13.158 0.0000000000
84132  59.706  3.025  13.404 0.0000000000
85250  60.419  3.580  13.266 0.0000000000
83119  62.490  2.300  4.884 0.0000000000
83118  62.725  1.672  4.748 0.0000000000
83037  61.609  3.007  9.012 0.0000000000
85289  62.047  3.382  9.487 0.0000000000
55444  27.048  -20.963  45.686 0.0000000000
55433  27.039  -21.095  46.673 0.0000000000
51206  12.052  -23.262  47.480 0.0000000000
48783  10.963  -25.627  49.203 0.0000000000
48782  11.220  -25.093  49.679 0.0000000000
47675  11.309  -26.010  50.843 0.0000000000
47676  10.707  -26.539  50.549 0.0000000000
78322  47.944  -2.448  15.153 0.0000000000
78311  48.372  -2.669  15.677 0.0000000000
78312  47.337  -2.814  15.569 0.0000000000
73098  43.523  -6.896  28.687 0.0000000000
73079  43.979  -6.386  29.152 0.0000000000
49931  5.517  -23.961  48.729 0.0000000000
56929  28.913  -19.870  34.880 0.0000000000
56928  30.191  -19.815  34.837 0.0000000000
54166  30.323  -21.587  37.560 0.0000000000
55583  30.244  -21.152  36.976 0.0000000000
54165  31.146  -21.493  37.645 0.0000000000
54146  31.269  -21.977  38.183 0.0000000000
59406  20.845  -17.608  41.454 0.0000000000
59407  19.823  -17.388  41.406 0.0000000000
59389  19.142  -17.353  42.292 0.0000000000
60676  22.219  -16.901  37.301 0.0000000000
60652  22.569  -17.291  37.812 0.0000000000
59423  21.562  -17.554  40.382 0.0000000000
59422  22.856  -17.749  40.416 0.0000000000
58054  18.864  -18.091  48.585 0.0000000000
58043  18.023  -18.347  49.836 0.0000000000
82969  57.615  1.498  13.504 0.0000000000
81787  58.551  1.036  14.493 0.0000000000
80537  58.396  -0.165  15.849 0.0000000000
81759  59.337  0.462  17.482 0.0000000000
79299  55.536  -1.834  21.393 0.0000000000
79298  56.248  -1.633  21.725 0.0000000000
78153  57.887  -1.655  23.644 0.0000000000
77056  43.597  -3.585  18.731 0.0000000000
77055  44.692  -3.472  18.738 0.0000000000
77010  45.567  -4.294  21.228 0.0000000000
77008  46.917  -3.634  21.633 0.0000000000
76993  46.835  -3.662  22.447 0.0000000000
70756  34.937  -8.864  29.609 0.0000000000
70755  35.902  -8.574  29.649 0.0000000000
70743  35.833  -8.946  30.477 0.0000000000
70707  37.666  -9.382  33.064 0.0000000000
70719  37.362  -9.378  32.287 0.0000000000
70706  38.155  -8.910  33.324 0.0000000000
56890  36.231  -19.353  37.775 0.0000000000
58203  36.512  -18.983  37.197 0.0000000000
58192  36.775  -19.206  38.055 0.0000000000
58177  38.251  -18.488  39.770 0.0000000000
59456  38.985  -18.202  39.139 0.0000000000
59438  38.848  -18.059  40.159 0.0000000000
83014  52.149  0.661  10.998 0.0000000000
83013  52.745  0.835  11.011 0.0000000000
83011  54.503  1.694  10.913 0.0000000000
83024  54.443  1.719  10.366 0.0000000000
81803  56.776  1.117  13.444 0.0000000000
81802  57.311  1.369  13.466 0.0000000000
84276  59.867  2.894  4.418 0.0000000000
83099  60.674  1.875  5.899 0.0000000000
83080  59.655  1.681  6.525 0.0000000000
83063  60.767  1.615  7.695 0.0000000000
83064  59.749  1.418  7.540 0.0000000000
55528  27.417  -21.286  40.088 0.0000000000
54114  27.917  -21.867  40.123 0.0000000000
55508  27.533  -21.582  40.846 0.0000000000
52679  28.492  -22.549  42.772 0.0000000000
52695  28.342  -22.446  42.123 0.0000000000
52693  29.523  -23.244  42.398 0.0000000000
55427  14.510  -20.418  47.400 0.0000000000
55412  14.605  -20.452  48.406 0.0000000000
55413  14.212  -20.926  48.964 0.0000000000
52588  13.524  -22.197  50.690 0.0000000000
53961  14.075  -21.534  50.912 0.0000000000
53940  13.986  -22.108  52.233 0.0000000000
52579  13.543  -22.688  51.857 0.0000000000
51177  11.900  -24.235  50.131 0.0000000000
80586  52.697  -0.623  13.662 0.0000000000
80567  53.828  -0.619  14.404 0.0000000000
80568  52.951  -0.820  14.370 0.0000000000
79382  52.501  -1.437  15.386 0.0000000000
79364  53.800  -1.437  16.900 0.0000000000
78271  51.986  -2.281  18.113 0.0000000000
79335  52.609  -2.088  18.078 0.0000000000
79350  53.137  -1.755  17.556 0.0000000000
79334  53.323  -1.953  18.600 0.0000000000
79321  53.753  -2.053  19.665 0.0000000000
78244  52.983  -2.283  19.363 0.0000000000
78214  52.608  -2.551  20.623 0.0000000000
78213  53.550  -2.320  20.701 0.0000000000
78182  54.524  -2.602  22.604 0.0000000000
73171  44.476  -5.976  22.990 0.0000000000
73161  44.505  -6.246  23.883 0.0000000000
74405  44.959  -5.942  25.502 0.0000000000
74389  45.590  -5.657  26.169 0.0000000000
74375  46.201  -5.291  26.807 0.0000000000
74362  44.642  -6.049  28.700 0.0000000000
74342  45.294  -5.696  29.334 0.0000000000
74320  46.841  -5.350  29.353 0.0000000000
74340  46.801  -5.289  28.527 0.0000000000
64704  38.074  -13.201  30.727 0.0000000000
65973  38.032  -12.233  31.422 0.0000000000
65972  38.383  -12.642  32.063 0.0000000000
83015  50.078  1.160  10.805 0.0000000000
81859  50.793  0.846  10.770 0.0000000000
81845  50.266  0.714  11.080 0.0000000000
80608  53.225  -0.329  13.156 0.0000000000
86440  57.682  5.273  4.790 0.0000000000
47722  8.952  -26.377  47.000 0.0000000000
48816  8.318  -25.904  46.665 0.0000000000
48792  7.204  -26.026  48.951 0.0000000000
47698  7.965  -26.593  48.774 0.0000000000
47679  7.359  -26.914  50.172 0.0000000000
48793  6.528  -25.646  49.009 0.0000000000
75812  42.789  -4.884  18.775 0.0000000000
74481  42.038  -5.704  18.830 0.0000000000
72012  41.700  -7.237  19.727 0.0000000000
73205  41.356  -6.639  19.064 0.0000000000
73191  42.495  -6.967  20.008 0.0000000000
73182  43.345  -6.905  21.474 0.0000000000
71995  42.741  -7.396  21.297 0.0000000000
71978  42.250  -8.002  22.610 0.0000000000
71967  42.346  -7.977  23.277 0.0000000000
71966  42.680  -7.706  23.831 0.0000000000
70838  42.260  -8.107  23.627 0.0000000000
70811  41.516  -8.762  25.372 0.0000000000
70826  41.576  -8.673  24.428 0.0000000000
70794  42.067  -8.370  25.953 0.0000000000
71900  42.386  -7.577  28.716 0.0000000000
71880  42.477  -7.366  30.920 0.0000000000
58240  33.991  -18.903  34.456 0.0000000000
58226  33.403  -19.274  35.080 0.0000000000
56927  31.404  -20.061  35.606 0.0000000000
58228  31.328  -19.351  34.716 0.0000000000
56907  32.199  -20.210  36.320 0.0000000000
56893  33.502  -20.476  37.399 0.0000000000
56905  34.551  -19.644  36.677 0.0000000000
55544  35.235  -21.189  39.368 0.0000000000
56879  35.283  -20.219  38.689 0.0000000000
52729  28.900  -22.672  40.239 0.0000000000
52747  28.981  -22.495  39.439 0.0000000000
51312  31.690  -24.116  40.842 0.0000000000
51327  30.768  -23.312  39.976 0.0000000000
51326  31.589  -23.550  39.940 0.0000000000
52743  32.406  -22.992  39.349 0.0000000000
50023  35.564  -24.800  41.731 0.0000000000
50024  34.420  -24.951  41.616 0.0000000000
50037  35.012  -24.562  40.939 0.0000000000
51310  33.781  -24.050  40.420 0.0000000000
51309  34.683  -24.034  40.429 0.0000000000
51322  35.175  -23.420  40.155 0.0000000000
51308  35.473  -23.778  40.707 0.0000000000
52709  36.280  -22.950  41.668 0.0000000000
58060  24.325  -18.875  47.016 0.0000000000
58074  22.761  -18.558  46.862 0.0000000000
59312  22.090  -18.143  47.356 0.0000000000
59313  21.301  -18.012  46.958 0.0000000000
59348  20.378  -17.774  44.541 0.0000000000
59329  19.492  -17.704  45.269 0.0000000000
59328  20.398  -17.828  45.590 0.0000000000
58089  17.623  -17.896  45.348 0.0000000000
58076  17.818  -18.117  46.062 0.0000000000
58077  16.915  -18.657  46.443 0.0000000000
60635  17.173  -17.344  39.218 0.0000000000
60615  17.405  -17.498  39.853 0.0000000000
59409  17.994  -17.395  41.221 0.0000000000
59410  17.171  -17.552  41.117 0.0000000000
59462  15.414  -17.407  38.923 0.0000000000
59447  15.558  -17.527  39.414 0.0000000000
59393  16.157  -17.974  41.814 0.0000000000
59392  16.738  -17.740  41.862 0.0000000000
58115  16.640  -18.049  43.139 0.0000000000
58116  16.015  -18.372  43.196 0.0000000000
56783  15.296  -19.498  45.693 0.0000000000
56753  14.944  -19.859  46.938 0.0000000000
55451  14.350  -20.188  45.463 0.0000000000
54028  13.194  -21.109  45.214 0.0000000000
56826  13.326  -20.135  42.641 0.0000000000
54065  12.361  -21.108  43.286 0.0000000000
54030  11.975  -22.164  45.436 0.0000000000
52656  12.048  -22.265  45.713 0.0000000000
52670  10.915  -23.048  44.612 0.0000000000
51234  10.762  -23.773  45.417 0.0000000000
51267  9.260  -23.476  43.682 0.0000000000
51248  9.119  -23.946  44.226 0.0000000000
49982  8.796  -24.454  44.654 0.0000000000
51269  8.273  -23.632  44.219 0.0000000000
56931  26.963  -20.095  34.841 0.0000000000
56930  27.908  -20.065  34.806 0.0000000000
55629  27.297  -20.287  35.481 0.0000000000
55609  27.451  -20.465  36.236 0.0000000000
55610  26.707  -20.146  36.152 0.0000000000
59493  24.975  -17.988  34.638 0.0000000000
58248  25.468  -18.492  34.249 0.0000000000
58231  25.276  -18.536  35.504 0.0000000000
56895  25.569  -19.276  37.313 0.0000000000
56910  25.666  -19.204  36.327 0.0000000000
56881  26.231  -19.734  37.691 0.0000000000
55587  26.838  -20.149  36.994 0.0000000000
56855  26.324  -19.863  39.814 0.0000000000
56839  25.608  -19.379  41.730 0.0000000000
58129  24.641  -18.775  43.040 0.0000000000
58146  25.099  -18.873  42.268 0.0000000000
58128  25.093  -19.039  42.800 0.0000000000
56810  25.542  -19.673  43.799 0.0000000000
55460  25.797  -20.008  44.453 0.0000000000
56795  24.897  -19.241  44.428 0.0000000000
56762  25.043  -19.262  46.585 0.0000000000
56761  25.746  -19.961  47.271 0.0000000000
58036  24.148  -18.822  49.004 0.0000000000
55382  14.800  -20.563  50.629 0.0000000000
55381  15.332  -20.190  50.472 0.0000000000
55365  15.211  -20.273  51.421 0.0000000000
47697  8.843  -26.905  48.622 0.0000000000
47696  9.764  -26.687  48.532 0.0000000000
46633  9.255  -27.289  49.866 0.0000000000
46612  8.668  -27.910  51.501 0.0000000000
47669  9.400  -27.333  51.157 0.0000000000
46611  9.501  -27.716  51.522 0.0000000000
47662  10.072  -27.189  51.603 0.0000000000
44840  9.460  -28.641  51.570 0.0000000000
82950  60.396  2.240  16.500 0.0000000000
82940  60.763  2.128  17.746 0.0000000000
82925  61.744  1.820  18.551 0.0000000000
80551  55.446  -0.900  15.717 0.0000000000
80540  55.728  -1.165  16.885 0.0000000000
80513  57.472  -0.561  18.469 0.0000000000
80499  58.552  -0.063  19.202 0.0000000000
79306  57.465  -1.181  21.311 0.0000000000
79317  57.241  -1.131  20.658 0.0000000000
80468  58.013  -1.065  21.436 0.0000000000
80466  59.518  -0.585  21.470 0.0000000000
80465  60.131  -0.753  21.282 0.0000000000
79305  60.434  -1.134  20.956 0.0000000000
78297  45.595  -2.999  16.638 0.0000000000
78313  46.193  -2.776  15.717 0.0000000000
77099  47.752  -3.365  16.940 0.0000000000
77080  47.788  -3.476  17.621 0.0000000000
77054  45.684  -3.517  18.954 0.0000000000
77082  45.887  -3.390  18.183 0.0000000000
77017  50.232  -3.134  19.759 0.0000000000
77005  50.394  -3.200  21.053 0.0000000000
76970  51.742  -3.294  23.619 0.0000000000
78159  52.045  -3.162  22.982 0.0000000000
78158  52.831  -3.199  23.560 0.0000000000
74432  45.572  -5.104  23.348 0.0000000000
74445  45.511  -4.934  22.905 0.0000000000
75729  45.966  -4.871  23.631 0.0000000000
75727  47.256  -3.919  24.093 0.0000000000
76955  47.835  -3.552  24.206 0.0000000000
76974  47.467  -3.511  23.313 0.0000000000
78103  51.405  -2.476  26.796 0.0000000000
78121  50.477  -2.458  25.818 0.0000000000
78141  49.664  -2.660  25.082 0.0000000000
78140  50.539  -2.750  24.821 0.0000000000
69617  36.405  -9.528  26.114 0.0000000000
69635  36.968  -9.788  25.484 0.0000000000
69634  37.908  -9.711  25.575 0.0000000000
69595  37.699  -9.156  27.029 0.0000000000
70740  38.945  -8.350  30.402 0.0000000000
70752  39.200  -8.332  29.372 0.0000000000
70779  38.907  -8.899  27.840 0.0000000000
70765  39.473  -8.622  28.503 0.0000000000
70751  40.153  -8.408  29.136 0.0000000000
71864  41.075  -7.940  32.632 0.0000000000
71863  42.068  -7.665  32.618 0.0000000000
71838  42.146  -7.545  34.076 0.0000000000
58213  37.277  -18.491  36.545 0.0000000000
59492  37.066  -18.180  35.252 0.0000000000
59491  37.940  -17.643  35.628 0.0000000000
60732  37.621  -16.657  34.170 0.0000000000
60743  38.098  -16.015  33.701 0.0000000000
62020  38.046  -15.587  33.248 0.0000000000
62034  38.313  -15.003  33.130 0.0000000000
63364  39.118  -14.170  34.625 0.0000000000
64663  39.014  -13.208  34.136 0.0000000000
64651  39.377  -12.983  35.345 0.0000000000
58097  36.972  -18.476  43.905 0.0000000000
58110  37.055  -18.194  43.155 0.0000000000
59364  37.371  -17.843  43.282 0.0000000000
60596  38.559  -16.734  42.676 0.0000000000
59402  38.451  -17.228  41.929 0.0000000000
59401  39.181  -16.831  41.555 0.0000000000
60607  39.688  -16.307  41.155 0.0000000000
64579  40.442  -13.674  40.435 0.0000000000
63291  40.280  -14.573  40.839 0.0000000000
63303  40.500  -14.520  39.858 0.0000000000
61917  40.430  -15.285  39.392 0.0000000000
63313  40.384  -14.560  38.925 0.0000000000
63325  40.309  -14.435  38.115 0.0000000000
64624  40.149  -13.411  37.717 0.0000000000
67029  39.890  -11.684  37.486 0.0000000000
65857  39.791  -11.989  37.005 0.0000000000
65897  39.352  -11.636  35.463 0.0000000000
67061  39.162  -10.752  35.566 0.0000000000
68259  38.477  -10.531  34.613 0.0000000000
68232  39.028  -10.380  36.214 0.0000000000
69446  39.744  -9.990  37.858 0.0000000000
69481  38.758  -9.767  36.067 0.0000000000
69480  39.065  -9.507  36.374 0.0000000000
70667  39.396  -9.142  36.552 0.0000000000
70616  40.144  -9.177  40.250 0.0000000000
70615  40.444  -8.927  40.769 0.0000000000
71802  40.578  -8.601  38.256 0.0000000000
71819  40.566  -8.201  36.727 0.0000000000
71818  41.278  -7.796  36.296 0.0000000000
86430  56.695  5.443  5.611 0.0000000000
85309  56.219  2.975  6.789 0.0000000000
83042  57.135  1.590  9.263 0.0000000000
83057  57.791  1.499  8.425 0.0000000000
84159  56.831  2.496  11.390 0.0000000000
84174  56.648  2.259  10.687 0.0000000000
85281  58.852  3.231  11.476 0.0000000000
84172  58.671  2.949  10.949 0.0000000000
84171  59.947  2.959  10.718 0.0000000000
85279  60.436  3.479  11.097 0.0000000000
86368  61.417  4.012  12.563 0.0000000000
85366  61.621  3.981  2.867 0.0000000000
85365  61.995  4.052  3.009 0.0000000000
85354  62.002  3.677  3.333 0.0000000000
84243  62.722  2.851  6.852 0.0000000000
55419  26.698  -21.256  47.928 0.0000000000
51208  11.177  -24.293  47.030 0.0000000000
49927  11.392  -24.525  48.112 0.0000000000
49928  10.968  -25.015  47.764 0.0000000000
48791  10.749  -25.567  48.217 0.0000000000
73054  43.442  -6.305  30.962 0.0000000000
74324  43.745  -6.084  30.618 0.0000000000
55607  29.284  -20.785  36.301 0.0000000000
54167  29.488  -21.570  37.551 0.0000000000
59444  19.235  -17.379  39.822 0.0000000000
60677  21.511  -16.898  37.359 0.0000000000
60653  22.016  -17.289  38.125 0.0000000000
58056  17.074  -18.732  49.151 0.0000000000
58044  17.150  -18.857  50.307 0.0000000000
56716  16.460  -19.341  50.738 0.0000000000
81779  58.006  0.379  14.832 0.0000000000
81780  57.228  0.206  14.734 0.0000000000
80549  57.687  -0.164  15.313 0.0000000000
80538  57.561  -0.494  16.161 0.0000000000
78181  55.508  -2.375  22.626 0.0000000000
78180  56.338  -1.913  22.599 0.0000000000
78155  56.265  -2.364  23.499 0.0000000000
78134  57.114  -2.279  24.443 0.0000000000
75811  43.724  -4.839  19.337 0.0000000000
75801  44.895  -4.646  20.465 0.0000000000
75800  45.321  -4.607  21.013 0.0000000000
75788  45.514  -4.469  21.704 0.0000000000
68325  36.359  -10.152  30.903 0.0000000000
69560  36.106  -9.564  30.630 0.0000000000
70731  36.378  -9.263  30.997 0.0000000000
69537  37.002  -9.955  32.138 0.0000000000
69522  37.260  -9.869  32.697 0.0000000000
69509  37.612  -9.839  33.650 0.0000000000
56868  36.146  -19.726  39.481 0.0000000000
58179  36.823  -19.345  39.001 0.0000000000
58163  36.829  -19.267  40.097 0.0000000000
58162  37.585  -18.603  40.621 0.0000000000
81842  53.103  0.711  11.516 0.0000000000
81820  54.418  0.907  12.328 0.0000000000
82985  55.317  1.320  12.657 0.0000000000
84277  58.954  3.092  4.654 0.0000000000
84264  59.311  2.485  5.289 0.0000000000
83100  59.907  1.989  5.697 0.0000000000
84223  58.429  2.006  6.742 0.0000000000
55490  27.379  -21.632  41.904 0.0000000000
54057  27.850  -22.241  42.977 0.0000000000
54056  28.445  -22.502  43.285 0.0000000000
53990  13.481  -21.576  48.591 0.0000000000
52601  13.352  -22.131  49.399 0.0000000000
48771  11.768  -25.508  51.219 0.0000000000
49909  12.255  -24.587  51.154 0.0000000000
80569  52.242  -0.925  14.144 0.0000000000
79401  51.816  -1.328  14.630 0.0000000000
78309  49.939  -2.567  16.194 0.0000000000
79368  50.337  -2.425  16.168 0.0000000000
78291  50.878  -2.431  17.035 0.0000000000
78272  51.323  -2.468  17.684 0.0000000000
78215  51.787  -2.649  20.377 0.0000000000
73162  43.819  -6.701  24.188 0.0000000000
74390  44.925  -6.145  26.477 0.0000000000
48829  7.590  -24.857  46.178 0.0000000000
48817  7.552  -25.188  46.801 0.0000000000
72013  40.720  -7.387  19.540 0.0000000000
71997  41.132  -7.815  20.197 0.0000000000
70870  41.298  -8.060  20.680 0.0000000000
70860  41.337  -8.303  21.250 0.0000000000
70851  41.424  -8.468  22.233 0.0000000000
69675  39.287  -9.758  23.201 0.0000000000
69674  40.112  -9.476  23.516 0.0000000000
69662  40.211  -9.544  24.451 0.0000000000
70812  40.888  -9.179  25.778 0.0000000000
70795  41.419  -8.774  26.276 0.0000000000
70776  41.257  -8.744  27.116 0.0000000000
70750  41.005  -8.357  28.794 0.0000000000
58242  32.103  -19.123  34.154 0.0000000000
55581  31.834  -20.939  37.249 0.0000000000
55603  32.371  -20.508  36.885 0.0000000000
55580  32.808  -20.826  37.433 0.0000000000
55579  33.542  -20.699  37.777 0.0000000000
56880  34.587  -20.591  38.320 0.0000000000
51296  30.056  -23.603  41.551 0.0000000000
51314  30.027  -23.419  40.670 0.0000000000
51295  30.797  -23.874  41.640 0.0000000000
51294  31.282  -24.170  41.780 0.0000000000
50027  31.819  -24.442  41.683 0.0000000000
50007  36.079  -25.138  42.505 0.0000000000
51293  35.909  -23.843  41.298 0.0000000000
58088  22.888  -18.379  45.877 0.0000000000
59330  18.649  -17.638  44.955 0.0000000000
59316  18.642  -17.732  45.917 0.0000000000
59445  16.709  -17.405  39.462 0.0000000000
59431  14.765  -18.257  40.356 0.0000000000
59430  15.389  -18.000  40.531 0.0000000000
58133  15.630  -18.320  42.231 0.0000000000
58103  15.077  -19.156  43.772 0.0000000000
56800  14.767  -19.519  44.339 0.0000000000
56784  14.836  -19.731  45.224 0.0000000000
56813  14.113  -19.929  43.815 0.0000000000
54066  11.597  -21.881  43.670 0.0000000000
54067  10.965  -22.347  43.383 0.0000000000
56969  26.447  -19.338  34.122 0.0000000000
56932  26.288  -19.542  35.181 0.0000000000
59483  24.157  -17.684  36.034 0.0000000000
58217  24.564  -18.159  36.405 0.0000000000
56882  25.636  -19.221  38.341 0.0000000000
58148  23.531  -18.320  41.729 0.0000000000
58112  24.569  -18.939  43.819 0.0000000000
58098  24.326  -18.884  44.300 0.0000000000
58086  24.311  -18.989  45.020 0.0000000000
47678  8.589  -27.310  50.367 0.0000000000
47670  8.230  -27.401  50.855 0.0000000000
46613  8.385  -27.851  51.424 0.0000000000
81757  60.463  1.790  17.778 0.0000000000
82926  61.292  1.740  18.585 0.0000000000
82907  61.132  1.217  19.201 0.0000000000
81741  61.336  0.897  19.045 0.0000000000
80497  61.091  0.028  19.545 0.0000000000
79315  60.984  -0.447  19.543 0.0000000000
80514  56.362  -1.125  18.803 0.0000000000
79276  58.963  -1.392  22.819 0.0000000000
80453  58.905  -1.120  22.214 0.0000000000
78277  46.090  -3.272  17.386 0.0000000000
77020  47.134  -3.632  20.642 0.0000000000
77035  47.379  -3.519  19.609 0.0000000000
74418  46.371  -4.888  24.554 0.0000000000
76941  48.187  -3.633  25.142 0.0000000000
78102  52.446  -2.396  26.821 0.0000000000
70813  35.359  -9.334  25.723 0.0000000000
70797  36.444  -9.330  26.642 0.0000000000
70741  37.854  -8.470  30.575 0.0000000000
70727  39.818  -8.324  31.228 0.0000000000
71839  41.489  -7.865  34.363 0.0000000000
59490  38.791  -17.059  35.988 0.0000000000
60713  38.980  -16.339  35.566 0.0000000000
62000  38.911  -15.041  34.235 0.0000000000
63347  39.786  -14.324  36.233 0.0000000000
59363  37.914  -17.368  43.727 0.0000000000
60563  38.507  -17.290  44.383 0.0000000000
60573  38.929  -16.421  43.706 0.0000000000
60584  38.960  -16.225  43.013 0.0000000000
65813  40.412  -13.159  39.431 0.0000000000
67021  40.060  -11.763  37.955 0.0000000000
67022  39.824  -11.196  37.961 0.0000000000
68219  39.454  -10.645  36.870 0.0000000000
68207  39.682  -10.673  37.661 0.0000000000
68206  39.750  -10.392  37.915 0.0000000000
84226  55.596  2.272  7.554 0.0000000000
83067  56.376  1.800  7.869 0.0000000000
84146  57.726  2.663  12.281 0.0000000000
84158  57.659  2.807  11.522 0.0000000000
84145  58.610  3.056  12.414 0.0000000000
85260  59.344  3.373  12.279 0.0000000000
85270  59.882  3.485  11.817 0.0000000000
85269  60.884  3.828  11.936 0.0000000000
85259  60.061  3.488  12.595 0.0000000000
85342  62.294  3.288  3.488 0.0000000000
84272  62.694  2.272  4.002 0.0000000000
84222  62.274  2.739  7.730 0.0000000000
84205  62.673  2.904  8.838 0.0000000000
55458  26.978  -21.081  44.525 0.0000000000
52630  12.323  -22.692  47.387 0.0000000000
51194  12.187  -23.313  48.099 0.0000000000
51183  11.769  -24.065  49.610 0.0000000000
49916  11.326  -24.675  49.120 0.0000000000
49913  11.568  -24.692  50.009 0.0000000000
49910  11.759  -24.949  50.658 0.0000000000
47661  11.234  -26.708  51.679 0.0000000000
79385  48.949  -2.238  15.221 0.0000000000
78310  49.304  -2.637  15.926 0.0000000000
78293  49.555  -2.786  16.679 0.0000000000
78275  49.177  -3.128  17.271 0.0000000000
73115  44.075  -6.702  27.429 0.0000000000
74343  44.476  -5.901  29.690 0.0000000000
74323  44.219  -5.751  30.563 0.0000000000
49942  6.835  -24.617  47.736 0.0000000000
51210  6.449  -23.720  47.934 0.0000000000
48787  4.909  -25.452  48.792 0.0000000000
55625  30.709  -20.475  36.026 0.0000000000
55605  30.980  -20.572  36.487 0.0000000000
55606  30.152  -20.788  36.382 0.0000000000
55604  31.663  -20.533  36.760 0.0000000000
54145  32.140  -22.023  38.136 0.0000000000
59366  22.313  -18.255  44.115 0.0000000000
59390  18.249  -17.354  42.148 0.0000000000
58168  14.247  -18.558  40.460 0.0000000000
58151  13.904  -18.975  40.966 0.0000000000
56841  13.870  -19.362  41.684 0.0000000000
56859  13.516  -19.229  40.988 0.0000000000
59439  23.850  -17.688  38.755 0.0000000000
59421  23.666  -17.805  39.684 0.0000000000
58166  23.322  -18.141  41.092 0.0000000000
59385  23.075  -18.282  42.227 0.0000000000
84119  59.172  2.359  13.786 0.0000000000
84107  60.386  2.680  15.140 0.0000000000
82967  59.210  1.805  14.432 0.0000000000
82958  59.934  1.960  15.386 0.0000000000
82951  59.975  1.637  16.142 0.0000000000
81778  58.773  0.524  15.374 0.0000000000
81777  59.582  1.093  15.832 0.0000000000
81770  59.988  1.199  16.816 0.0000000000
81758  60.171  1.413  18.071 0.0000000000
81742  60.128  1.021  19.089 0.0000000000
79319  55.561  -1.449  20.047 0.0000000000
79308  55.911  -1.565  20.861 0.0000000000
79297  57.019  -1.370  21.840 0.0000000000
79278  57.331  -1.503  22.588 0.0000000000
78179  56.855  -1.649  22.728 0.0000000000
79259  57.787  -1.607  23.175 0.0000000000
79277  58.153  -1.456  22.707 0.0000000000
75638  48.202  -4.604  27.938 0.0000000000
70730  36.855  -9.084  31.522 0.0000000000
70729  37.675  -8.647  31.572 0.0000000000
58215  35.855  -18.927  36.015 0.0000000000
58223  36.337  -18.464  35.424 0.0000000000
58214  36.473  -18.685  36.298 0.0000000000
58191  37.501  -18.996  38.466 0.0000000000
58201  38.096  -18.735  38.009 0.0000000000
59471  38.167  -18.523  37.551 0.0000000000
59470  38.771  -18.103  37.909 0.0000000000
59469  39.596  -17.192  37.753 0.0000000000
60644  40.210  -16.587  38.768 0.0000000000
83046  51.271  1.790  9.706 0.0000000000
83045  52.341  1.680  9.673 0.0000000000
83044  53.211  1.690  9.711 0.0000000000
84177  54.390  1.764  9.922 0.0000000000
84176  54.963  1.856  10.274 0.0000000000
84160  55.993  2.386  11.269 0.0000000000
84148  56.236  2.386  11.870 0.0000000000
83000  55.752  1.967  12.246 0.0000000000
82999  56.614  2.128  12.363 0.0000000000
82998  57.169  2.314  12.402 0.0000000000
82982  58.075  2.282  13.160 0.0000000000
85355  60.910  3.576  3.188 0.0000000000
85344  60.166  3.324  3.806 0.0000000000
84291  61.571  3.215  3.634 0.0000000000
84274  61.754  2.844  4.104 0.0000000000
84261  62.403  2.408  5.764 0.0000000000
83078  61.297  1.984  7.029 0.0000000000
83062  61.522  2.294  7.687 0.0000000000
83054  61.020  1.934  8.560 0.0000000000
54150  27.898  -21.384  38.568 0.0000000000
54129  27.911  -21.607  39.275 0.0000000000
54113  28.442  -22.289  40.147 0.0000000000
54094  28.514  -22.419  40.675 0.0000000000
52713  28.244  -22.347  41.586 0.0000000000
52712  28.707  -22.603  41.230 0.0000000000
52711  29.381  -23.155  41.422 0.0000000000
51258  30.535  -23.809  43.242 0.0000000000
54038  28.491  -22.441  44.112 0.0000000000
52650  28.903  -22.847  45.323 0.0000000000
52662  29.222  -23.067  44.327 0.0000000000
60679  19.639  -16.779  37.488 0.0000000000
56740  15.580  -19.624  48.324 0.0000000000
56728  15.604  -19.772  49.302 0.0000000000
56729  15.127  -20.059  48.690 0.0000000000
55397  14.783  -20.477  49.579 0.0000000000
53960  14.448  -21.043  50.738 0.0000000000
53946  14.355  -21.208  51.548 0.0000000000
52602  12.808  -22.814  49.935 0.0000000000
52589  12.967  -23.026  51.083 0.0000000000
49907  12.800  -24.611  51.773 0.0000000000
51173  12.948  -23.764  51.619 0.0000000000
51172  13.357  -23.315  51.895 0.0000000000
81792  53.842  -0.355  13.839 0.0000000000
80552  54.239  -0.989  15.281 0.0000000000
80554  52.806  -1.115  14.819 0.0000000000
79380  54.504  -1.308  16.216 0.0000000000
79363  54.835  -1.376  17.212 0.0000000000
79366  51.874  -1.897  16.291 0.0000000000
79367  50.907  -2.228  16.275 0.0000000000
79320  54.691  -1.668  19.806 0.0000000000
78212  54.306  -2.114  21.046 0.0000000000
78228  53.053  -2.333  20.021 0.0000000000
78198  54.923  -2.204  21.702 0.0000000000
78157  54.138  -2.886  23.579 0.0000000000
73189  43.989  -6.258  21.117 0.0000000000
73188  44.452  -5.812  21.719 0.0000000000
73180  44.561  -5.748  22.321 0.0000000000
74420  45.102  -5.858  24.533 0.0000000000
74403  46.232  -5.190  24.978 0.0000000000
74388  46.219  -5.197  25.802 0.0000000000
75684  46.807  -4.759  26.384 0.0000000000
74377  44.755  -6.295  27.575 0.0000000000
74360  46.328  -5.445  27.870 0.0000000000
75639  47.157  -4.953  27.974 0.0000000000
75616  48.458  -4.519  29.216 0.0000000000
65990  36.986  -11.412  30.120 0.0000000000
67143  37.581  -11.422  31.120 0.0000000000
55489  36.414  -20.371  43.055 0.0000000000
56820  36.414  -19.361  43.069 0.0000000000
56792  37.156  -19.104  43.893 0.0000000000
81858  51.115  0.919  10.622 0.0000000000
81823  50.931  0.068  11.844 0.0000000000
81822  52.061  0.069  11.993 0.0000000000
85347  57.885  4.642  4.674 0.0000000000
48826  9.691  -25.161  45.830 0.0000000000
48802  10.003  -25.982  47.012 0.0000000000
47709  9.130  -26.587  47.745 0.0000000000
48777  6.802  -26.315  49.856 0.0000000000
47672  6.375  -27.011  50.946 0.0000000000
77039  43.187  -4.119  19.055 0.0000000000
73202  43.779  -6.240  20.366 0.0000000000
73203  43.220  -6.379  19.837 0.0000000000
71986  43.455  -7.128  22.834 0.0000000000
71976  43.373  -7.227  23.593 0.0000000000
71965  43.289  -7.300  24.455 0.0000000000
71955  43.239  -7.386  25.354 0.0000000000
70840  40.905  -9.088  23.895 0.0000000000
70825  42.220  -8.220  24.147 0.0000000000
71945  42.620  -7.838  25.643 0.0000000000
71944  43.184  -7.476  26.275 0.0000000000
71931  43.074  -7.466  27.229 0.0000000000
71914  43.006  -7.355  28.200 0.0000000000
71899  43.020  -7.192  29.093 0.0000000000
73081  43.060  -6.754  30.025 0.0000000000
73066  43.026  -6.801  30.540 0.0000000000
73055  43.063  -6.798  31.387 0.0000000000
73046  43.139  -6.774  32.286 0.0000000000
58227  32.318  -19.309  34.968 0.0000000000
56923  35.413  -19.131  35.902 0.0000000000
56904  35.382  -19.290  36.430 0.0000000000
56837  36.345  -20.415  41.621 0.0000000000
52765  29.011  -22.269  38.759 0.0000000000
52764  29.693  -22.394  38.769 0.0000000000
52763  30.511  -22.489  38.733 0.0000000000
51328  30.070  -23.194  39.957 0.0000000000
52745  30.646  -22.939  39.327 0.0000000000
52762  31.396  -22.521  38.695 0.0000000000
52742  33.315  -22.963  39.359 0.0000000000
50009  32.504  -24.922  42.514 0.0000000000
50026  32.477  -24.712  41.748 0.0000000000
50025  33.340  -24.946  41.881 0.0000000000
50039  33.125  -24.497  41.088 0.0000000000
51324  33.545  -23.519  39.854 0.0000000000
52741  34.334  -22.796  39.338 0.0000000000
54126  35.073  -22.092  39.445 0.0000000000
54112  35.964  -21.931  39.989 0.0000000000
52710  35.926  -23.220  41.032 0.0000000000
54111  36.326  -22.266  40.903 0.0000000000
54093  36.293  -21.485  40.864 0.0000000000
55507  36.264  -20.888  41.334 0.0000000000
55506  36.458  -20.743  42.142 0.0000000000
56745  25.488  -19.932  48.476 0.0000000000
58051  23.472  -18.610  48.369 0.0000000000
58061  23.508  -18.711  47.410 0.0000000000
59300  22.126  -18.183  48.224 0.0000000000
59327  21.287  -17.958  45.958 0.0000000000
59302  20.548  -17.896  47.563 0.0000000000
59293  19.854  -17.963  48.148 0.0000000000
59294  18.968  -18.026  47.920 0.0000000000
59295  18.375  -18.138  47.502 0.0000000000
58075  18.356  -17.947  46.406 0.0000000000
59305  18.297  -18.142  47.076 0.0000000000
58066  16.150  -19.236  47.494 0.0000000000
60632  19.559  -17.312  38.794 0.0000000000
60613  18.350  -17.437  39.540 0.0000000000
59426  18.560  -17.411  40.222 0.0000000000
60637  16.001  -17.334  39.126 0.0000000000
59446  16.286  -17.425  39.549 0.0000000000
59352  17.103  -17.749  43.446 0.0000000000
56752  15.593  -19.488  47.418 0.0000000000
55440  14.418  -20.327  46.411 0.0000000000
55441  13.867  -20.831  46.877 0.0000000000
55483  13.506  -20.295  43.429 0.0000000000
55484  13.071  -20.785  43.777 0.0000000000
54046  13.206  -20.971  44.619 0.0000000000
52644  12.180  -22.417  46.279 0.0000000000
52645  11.788  -23.014  46.656 0.0000000000
51220  11.283  -23.416  46.177 0.0000000000
52669  11.433  -22.449  44.503 0.0000000000
51233  11.176  -23.272  45.595 0.0000000000
51221  10.970  -24.088  46.500 0.0000000000
49966  9.973  -24.481  45.168 0.0000000000
49967  9.211  -24.835  45.175 0.0000000000
49968  8.416  -24.831  45.267 0.0000000000
49984  7.807  -24.045  44.976 0.0000000000
49969  7.700  -24.426  45.556 0.0000000000
56949  29.453  -19.553  34.279 0.0000000000
56967  27.764  -19.498  33.747 0.0000000000
56909  26.181  -19.675  35.924 0.0000000000
55564  27.540  -20.943  38.111 0.0000000000
55529  26.911  -20.579  40.046 0.0000000000
55476  25.917  -20.164  44.161 0.0000000000
56793  25.996  -20.149  45.713 0.0000000000
56776  26.133  -20.211  46.540 0.0000000000
56717  15.844  -19.744  50.202 0.0000000000
56706  15.849  -19.801  51.079 0.0000000000
47708  10.021  -26.235  47.728 0.0000000000
47685  10.413  -26.647  49.485 0.0000000000
46631  10.342  -26.949  50.136 0.0000000000
46625  9.394  -27.275  50.352 0.0000000000
47677  9.747  -27.063  50.811 0.0000000000
47668  10.363  -26.815  51.316 0.0000000000
46610  10.490  -27.562  51.767 0.0000000000
84106  60.770  3.023  15.658 0.0000000000
80525  57.515  -0.554  17.289 0.0000000000
79318  56.513  -1.283  20.215 0.0000000000
80467  58.639  -0.818  21.656 0.0000000000
81716  59.868  0.400  20.138 0.0000000000
81715  60.419  0.486  20.087 0.0000000000
80482  60.524  -0.176  20.290 0.0000000000
78295  47.890  -3.141  16.307 0.0000000000
78249  49.458  -3.107  17.829 0.0000000000
77081  46.815  -3.511  17.714 0.0000000000
77052  47.635  -3.548  18.546 0.0000000000
77051  48.760  -3.330  18.126 0.0000000000
77050  49.455  -3.169  18.257 0.0000000000
77032  50.237  -3.045  19.150 0.0000000000
78216  51.026  -2.919  20.104 0.0000000000
78201  51.910  -2.807  21.372 0.0000000000
77004  51.214  -3.090  21.396 0.0000000000
74458  44.952  -5.249  21.947 0.0000000000
75771  45.551  -4.716  22.444 0.0000000000
75770  45.861  -4.262  22.121 0.0000000000
75728  46.583  -4.437  23.884 0.0000000000
76975  46.778  -3.899  23.063 0.0000000000
76994  46.357  -4.035  22.384 0.0000000000
76927  48.855  -3.635  26.380 0.0000000000
76940  48.936  -3.232  25.536 0.0000000000
78104  50.427  -2.829  26.763 0.0000000000
78123  49.141  -2.858  25.154 0.0000000000
78142  49.106  -2.798  24.912 0.0000000000
78160  50.051  -3.076  24.092 0.0000000000
76953  51.279  -3.118  24.315 0.0000000000
76952  51.994  -3.190  24.362 0.0000000000
78119  52.574  -2.625  25.815 0.0000000000
78138  52.657  -3.072  24.701 0.0000000000
78117  54.799  -2.856  25.658 0.0000000000
78116  55.900  -2.798  25.600 0.0000000000
69651  37.712  -9.983  24.672 0.0000000000
69633  38.809  -9.718  25.711 0.0000000000
69614  39.016  -9.515  26.520 0.0000000000
70781  36.712  -8.980  27.414 0.0000000000
70780  37.954  -8.864  27.773 0.0000000000
69594  38.499  -9.171  27.129 0.0000000000
69593  39.300  -9.260  27.211 0.0000000000
69592  39.964  -9.267  27.203 0.0000000000
70764  40.333  -8.704  28.279 0.0000000000
70726  40.862  -8.384  30.827 0.0000000000
71881  41.746  -7.924  30.360 0.0000000000
71862  42.689  -7.234  32.687 0.0000000000
59502  36.721  -17.753  34.422 0.0000000000
63405  38.605  -13.879  31.852 0.0000000000
63379  38.794  -14.377  33.614 0.0000000000
64690  38.646  -13.347  32.290 0.0000000000
65952  38.494  -12.540  32.740 0.0000000000
65933  38.215  -11.845  33.016 0.0000000000
59403  37.701  -17.913  41.799 0.0000000000
59383  38.036  -17.243  42.921 0.0000000000
59419  38.222  -17.915  40.984 0.0000000000
61884  39.316  -15.474  42.663 0.0000000000
63277  40.121  -14.334  41.639 0.0000000000
63292  40.006  -14.898  41.540 0.0000000000
61905  40.036  -15.414  40.995 0.0000000000
60606  40.208  -15.964  40.447 0.0000000000
60643  40.428  -15.856  39.105 0.0000000000
61931  40.222  -15.825  38.099 0.0000000000
61941  40.349  -15.224  38.124 0.0000000000
63336  39.991  -14.365  37.120 0.0000000000
65856  40.012  -12.427  37.391 0.0000000000
64637  39.604  -12.888  36.237 0.0000000000
65912  39.155  -12.056  34.507 0.0000000000
67099  38.703  -11.434  34.106 0.0000000000
67100  38.274  -11.131  33.544 0.0000000000
67080  38.458  -10.848  34.253 0.0000000000
68260  38.032  -10.336  34.253 0.0000000000
69496  38.028  -9.815  34.413 0.0000000000
70680  38.348  -9.477  34.560 0.0000000000
70679  38.726  -9.288  35.211 0.0000000000
70692  39.188  -8.821  34.681 0.0000000000
70691  39.894  -8.512  35.210 0.0000000000
69423  39.991  -9.709  40.355 0.0000000000
70647  39.994  -9.363  38.481 0.0000000000
70631  40.405  -8.862  39.870 0.0000000000
70646  40.410  -8.813  38.879 0.0000000000
70659  40.185  -8.870  37.988 0.0000000000
70666  39.996  -8.711  37.116 0.0000000000
70677  39.891  -8.544  36.193 0.0000000000
71840  40.691  -8.219  34.745 0.0000000000
71817  42.055  -7.525  35.848 0.0000000000
71827  42.166  -7.548  34.891 0.0000000000
85324  56.498  3.953  6.314 0.0000000000
85323  57.181  3.532  5.984 0.0000000000
84247  57.556  2.858  6.192 0.0000000000
83065  58.566  1.682  7.347 0.0000000000
83066  57.363  1.793  7.677 0.0000000000
83039  60.298  1.990  9.383 0.0000000000
84193  56.472  1.877  9.903 0.0000000000
84192  57.355  2.094  9.998 0.0000000000
84190  59.506  2.401  10.134 0.0000000000
84189  60.595  2.661  9.992 0.0000000000
84169  61.336  3.278  10.223 0.0000000000
85278  61.527  3.460  10.561 0.0000000000
46617  9.377  -27.510  51.356 0.0000000000
46624  10.051  -27.063  50.456 0.0000000000
46626  8.924  -27.325  50.080 0.0000000000
47686  9.487  -27.107  49.300 0.0000000000
47695  10.446  -26.157  48.500 0.0000000000
47710  8.345  -26.538  48.061 0.0000000000
48770  12.327  -25.082  51.525 0.0000000000
48815  9.386  -25.896  46.491 0.0000000000
48864  35.202  -25.608  42.727 0.0000000000
49906  13.382  -24.421  52.140 0.0000000000
49940  11.232  -24.499  47.421 0.0000000000
50008  33.022  -25.174  42.654 0.0000000000
51249  8.468  -23.940  44.376 0.0000000000
51277  31.372  -24.354  42.350 0.0000000000
51311  32.830  -24.047  40.523 0.0000000000
52726  36.112  -22.792  41.014 0.0000000000
52740  35.219  -22.783  39.747 0.0000000000
53975  14.551  -20.847  50.189 0.0000000000
54149  28.614  -21.799  38.351 0.0000000000
54164  31.992  -21.487  37.678 0.0000000000
55354  14.768  -20.729  52.034 0.0000000000
55469  13.190  -20.913  44.327 0.0000000000
55498  13.381  -20.198  42.910 0.0000000000
56801  14.245  -19.976  44.368 0.0000000000
56823  25.139  -19.205  43.192 0.0000000000
56952  26.649  -19.626  34.460 0.0000000000
56968  26.975  -19.527  33.844 0.0000000000
58063  18.213  -18.117  46.716 0.0000000000
58085  38.193  -18.258  44.963 0.0000000000
58111  36.763  -18.516  43.260 0.0000000000
58126  37.193  -18.223  42.593 0.0000000000
58230  25.866  -19.084  35.247 0.0000000000
59290  22.150  -18.295  48.712 0.0000000000
59342  38.596  -17.530  44.707 0.0000000000
59343  38.085  -17.537  44.494 0.0000000000
59344  37.361  -17.867  44.160 0.0000000000
59345  37.005  -18.136  43.643 0.0000000000
59365  37.005  -18.175  43.397 0.0000000000
59420  37.682  -18.234  41.267 0.0000000000
59427  17.656  -17.487  40.390 0.0000000000
59455  39.551  -17.606  38.609 0.0000000000
59460  20.924  -17.448  38.807 0.0000000000
60574  38.443  -17.068  43.998 0.0000000000
60621  40.388  -15.977  39.666 0.0000000000
60636  16.430  -17.291  39.023 0.0000000000
60656  19.231  -17.201  38.243 0.0000000000
61895  39.593  -15.474  41.796 0.0000000000
61930  40.379  -15.477  38.678 0.0000000000
62019  38.482  -15.354  33.700 0.0000000000
63314  40.346  -14.117  38.656 0.0000000000
63348  39.489  -14.231  35.447 0.0000000000
64595  40.379  -13.232  39.203 0.0000000000
64611  40.384  -13.972  38.907 0.0000000000
64612  40.319  -13.487  38.700 0.0000000000
65793  40.471  -13.137  39.837 0.0000000000
65878  39.777  -12.532  36.727 0.0000000000
67030  39.711  -11.300  37.105 0.0000000000
68197  39.805  -10.869  38.145 0.0000000000
68245  38.237  -10.106  34.770 0.0000000000
68275  37.220  -10.106  32.692 0.0000000000
68291  37.657  -10.662  32.408 0.0000000000
68326  35.823  -9.943  30.343 0.0000000000
69422  40.141  -9.282  40.679 0.0000000000
69447  39.657  -10.301  37.621 0.0000000000
69464  39.319  -9.695  36.884 0.0000000000
69495  38.415  -9.775  35.056 0.0000000000
69523  37.078  -10.010  32.519 0.0000000000
69548  36.833  -9.414  31.615 0.0000000000
69549  36.630  -9.664  31.449 0.0000000000
69612  40.263  -9.292  26.876 0.0000000000
69613  39.748  -9.472  26.668 0.0000000000
69636  35.988  -9.591  25.432 0.0000000000
70777  40.474  -9.021  27.382 0.0000000000
71850  42.436  -7.368  33.391 0.0000000000
71887  43.014  -7.062  29.497 0.0000000000
71916  41.685  -8.357  27.585 0.0000000000
73065  43.405  -6.475  30.284 0.0000000000
74294  44.589  -5.230  32.094 0.0000000000
74359  46.760  -5.222  28.064 0.0000000000
74457  45.233  -4.936  21.602 0.0000000000
75570  44.857  -5.123  31.972 0.0000000000
75640  46.743  -5.145  27.827 0.0000000000
75750  45.871  -4.722  23.157 0.0000000000
75772  45.251  -5.014  22.256 0.0000000000
75787  45.762  -4.223  21.822 0.0000000000
75789  45.287  -4.836  22.004 0.0000000000
76928  48.407  -3.725  25.837 0.0000000000
76951  52.317  -3.186  24.376 0.0000000000
77023  44.709  -4.296  20.164 0.0000000000
77098  48.228  -3.256  16.706 0.0000000000
77100  47.290  -3.441  17.240 0.0000000000
78105  49.825  -2.968  26.286 0.0000000000
78162  49.149  -2.880  24.684 0.0000000000
78250  44.550  -3.316  18.233 0.0000000000
78323  47.443  -2.346  14.882 0.0000000000
79295  58.525  -1.238  22.241 0.0000000000
79316  60.828  -0.822  19.859 0.0000000000
81713  61.003  0.576  19.891 0.0000000000
82941  60.733  1.708  18.358 0.0000000000
83002  54.176  0.910  11.871 0.0000000000
85258  60.777  4.052  12.828 0.0000000000
85271  59.034  3.400  11.834 0.0000000000
85294  62.346  3.248  9.208 0.0000000000
85295  62.132  3.348  9.135 0.0000000000
85343  62.212  3.212  3.674 0.0000000000
86362  61.169  4.274  12.969 0.0000000000
86375  61.281  3.945  12.193 0.0000000000
86376  61.062  4.038  12.203 0.0000000000
86447  62.169  3.870  3.083 0.0000000000
