#!ascii label  , from subject sub001 vox2ras=TkReg
1059
107267  48.702  23.811  9.115 0.0000000000
104300  53.058  22.146  0.034 0.0000000000
106385  46.721  23.828  -4.033 0.0000000000
100635  51.261  17.671  -6.767 0.0000000000
103247  46.526  20.693  3.881 0.0000000000
110304  48.836  27.752  1.810 0.0000000000
103337  54.751  20.703  -4.944 0.0000000000
108407  43.996  26.024  -6.556 0.0000000000
107312  55.962  25.019  5.600 0.0000000000
105287  52.195  21.861  5.496 0.0000000000
101485  48.709  17.820  0.122 0.0000000000
112160  45.034  29.620  -5.872 0.0000000000
107491  46.993  24.392  -11.687 0.0000000000
106332  52.228  23.482  -0.587 0.0000000000
108420  53.626  25.184  -8.448 0.0000000000
111262  41.075  28.655  -7.714 0.0000000000
107280  53.698  24.539  8.617 0.0000000000
105258  51.430  22.538  8.925 0.0000000000
101461  47.794  18.136  2.297 0.0000000000
110335  46.312  27.918  -2.265 0.0000000000
113895  46.740  31.125  -3.633 0.0000000000
109369  45.692  26.641  -5.672 0.0000000000
109386  46.423  26.580  -9.131 0.0000000000
107440  47.222  24.329  -7.889 0.0000000000
105321  56.636  23.076  2.171 0.0000000000
106290  53.356  23.722  2.163 0.0000000000
106328  56.636  23.329  -0.273 0.0000000000
102427  54.578  19.748  -7.128 0.0000000000
105391  55.166  22.929  -6.316 0.0000000000
105393  52.796  22.627  -7.056 0.0000000000
105420  50.704  23.541  -9.217 0.0000000000
103354  50.666  20.125  -5.783 0.0000000000
101522  48.191  18.412  -4.122 0.0000000000
105240  46.842  22.211  10.311 0.0000000000
104229  47.627  21.661  7.813 0.0000000000
107358  46.642  25.045  0.511 0.0000000000
103322  51.112  20.037  -2.264 0.0000000000
104339  53.307  21.396  -2.750 0.0000000000
101518  52.791  18.320  -4.926 0.0000000000
100632  55.506  17.813  -7.249 0.0000000000
111121  53.844  28.546  5.078 0.0000000000
110238  56.435  27.660  7.653 0.0000000000
106273  55.834  23.515  6.145 0.0000000000
104249  53.133  21.740  3.311 0.0000000000
104242  49.312  21.946  5.145 0.0000000000
103255  50.273  20.462  2.732 0.0000000000
103291  50.431  20.689  0.216 0.0000000000
99602  49.590  16.701  -2.587 0.0000000000
107271  44.838  23.997  10.046 0.0000000000
115445  44.626  33.089  -6.019 0.0000000000
113113  42.304  30.509  -6.956 0.0000000000
111269  44.275  27.968  -8.164 0.0000000000
108425  44.731  25.513  -9.187 0.0000000000
104428  44.407  21.454  -9.282 0.0000000000
108337  50.709  25.642  4.748 0.0000000000
106293  49.590  23.890  2.085 0.0000000000
106349  49.731  23.310  -1.653 0.0000000000
106376  55.726  23.303  -3.120 0.0000000000
106410  53.065  24.101  -5.336 0.0000000000
107422  50.687  24.670  -6.773 0.0000000000
108434  50.734  25.183  -11.047 0.0000000000
105432  47.799  22.374  -9.706 0.0000000000
111252  40.854  28.991  -7.176 0.0000000000
113119  40.779  29.878  -7.726 0.0000000000
107265  50.978  23.922  8.981 0.0000000000
105253  50.318  22.955  9.804 0.0000000000
107384  45.575  24.940  -2.750 0.0000000000
109357  45.544  26.825  -3.995 0.0000000000
107399  45.654  25.137  -4.723 0.0000000000
107426  46.316  24.860  -6.699 0.0000000000
106416  47.150  23.813  -5.648 0.0000000000
105323  55.317  22.500  1.436 0.0000000000
106312  56.863  23.300  0.979 0.0000000000
105344  55.596  22.598  -0.474 0.0000000000
101538  53.316  18.816  -7.231 0.0000000000
104391  53.457  21.807  -6.658 0.0000000000
102429  52.616  19.509  -6.542 0.0000000000
104393  51.095  21.643  -6.494 0.0000000000
102431  50.797  18.935  -5.877 0.0000000000
101530  49.539  18.445  -5.331 0.0000000000
100636  50.421  17.443  -6.386 0.0000000000
103219  46.112  20.955  8.939 0.0000000000
110316  46.962  27.295  0.482 0.0000000000
109320  47.233  26.556  1.703 0.0000000000
100607  50.888  17.636  -3.601 0.0000000000
102400  51.778  19.177  -3.822 0.0000000000
100615  52.072  17.622  -4.730 0.0000000000
99650  55.408  16.822  -7.146 0.0000000000
99660  55.400  16.451  -8.266 0.0000000000
100654  54.361  17.433  -8.259 0.0000000000
105262  53.429  23.224  8.354 0.0000000000
106261  55.299  23.866  7.649 0.0000000000
105286  53.683  22.451  5.821 0.0000000000
105298  54.888  22.651  4.809 0.0000000000
105300  52.477  21.680  4.578 0.0000000000
105280  46.931  22.287  5.970 0.0000000000
105278  48.377  22.391  6.463 0.0000000000
104255  47.408  21.636  4.397 0.0000000000
101469  48.334  18.238  1.603 0.0000000000
102353  49.138  19.702  2.634 0.0000000000
102373  48.784  18.740  0.937 0.0000000000
103282  50.325  20.659  1.150 0.0000000000
101484  49.034  18.343  -0.178 0.0000000000
101493  49.661  18.527  -1.375 0.0000000000
100590  48.900  16.949  -1.347 0.0000000000
96359  49.940  13.433  -3.023 0.0000000000
113094  46.396  30.045  -4.814 0.0000000000
114670  45.059  32.624  -4.915 0.0000000000
113917  44.139  31.246  -5.135 0.0000000000
114683  43.180  31.957  -6.348 0.0000000000
112161  43.595  29.588  -6.070 0.0000000000
112172  42.916  29.100  -7.076 0.0000000000
111259  44.765  28.574  -7.375 0.0000000000
108448  46.586  25.616  -10.599 0.0000000000
109400  45.228  26.275  -10.264 0.0000000000
108437  45.512  25.190  -10.717 0.0000000000
106453  44.661  23.486  -9.029 0.0000000000
105443  45.491  22.745  -10.953 0.0000000000
108319  53.971  26.129  6.454 0.0000000000
110272  52.037  27.279  5.073 0.0000000000
107314  53.405  25.086  5.694 0.0000000000
106301  52.919  23.651  1.264 0.0000000000
106292  50.758  23.848  2.398 0.0000000000
106318  51.312  23.479  0.345 0.0000000000
106320  48.969  23.483  0.218 0.0000000000
106348  50.789  23.362  -1.570 0.0000000000
104352  54.328  21.430  -3.765 0.0000000000
105360  55.376  22.439  -2.580 0.0000000000
104351  54.895  22.045  -4.176 0.0000000000
107433  54.417  24.379  -7.477 0.0000000000
106409  54.506  24.120  -5.451 0.0000000000
107420  53.073  24.834  -7.142 0.0000000000
106411  51.838  24.004  -5.270 0.0000000000
107421  51.931  24.923  -7.027 0.0000000000
107451  50.982  25.427  -9.559 0.0000000000
108422  52.306  25.417  -9.709 0.0000000000
105397  48.826  22.138  -6.795 0.0000000000
105422  48.701  22.663  -8.942 0.0000000000
105411  47.510  22.320  -7.769 0.0000000000
104408  46.369  21.810  -7.625 0.0000000000
111154  50.938  28.275  2.355 0.0000000000
111250  41.862  28.132  -6.253 0.0000000000
110366  43.211  27.240  -6.754 0.0000000000
109266  53.561  26.925  8.141 0.0000000000
108289  52.304  24.972  8.375 0.0000000000
105257  52.437  23.033  9.034 0.0000000000
105264  51.502  22.439  7.912 0.0000000000
103259  47.220  20.355  3.427 0.0000000000
112142  47.383  29.495  -3.751 0.0000000000
111243  46.293  28.201  -4.708 0.0000000000
111249  46.358  28.619  -5.953 0.0000000000
111267  46.093  28.268  -7.926 0.0000000000
109374  46.196  26.768  -7.113 0.0000000000
108424  46.524  25.698  -8.492 0.0000000000
108447  47.201  24.931  -10.278 0.0000000000
107328  56.618  24.289  3.609 0.0000000000
107330  54.462  24.207  3.822 0.0000000000
106288  55.739  24.197  2.286 0.0000000000
106299  55.362  24.002  1.243 0.0000000000
106330  54.799  23.729  -0.606 0.0000000000
103367  55.142  19.860  -6.429 0.0000000000
105382  55.232  22.415  -5.465 0.0000000000
104390  54.512  21.793  -6.561 0.0000000000
105392  53.963  23.149  -6.805 0.0000000000
106438  53.653  23.953  -8.094 0.0000000000
106450  52.312  24.388  -9.216 0.0000000000
105394  51.622  22.517  -7.130 0.0000000000
104394  50.104  21.656  -6.515 0.0000000000
104395  49.255  21.614  -6.269 0.0000000000
100616  48.379  17.507  -4.580 0.0000000000
106227  47.869  23.067  10.007 0.0000000000
104210  48.748  21.578  10.000 0.0000000000
104211  47.732  21.278  9.780 0.0000000000
104230  46.662  21.596  7.538 0.0000000000
104257  45.586  21.121  4.842 0.0000000000
111214  48.378  28.524  -1.550 0.0000000000
109337  46.079  26.623  -0.509 0.0000000000
107376  46.417  24.239  -2.110 0.0000000000
104326  52.332  21.361  -1.415 0.0000000000
104310  53.854  22.093  -1.550 0.0000000000
103321  52.044  20.482  -2.776 0.0000000000
103330  52.981  20.671  -3.595 0.0000000000
102408  53.896  19.511  -4.680 0.0000000000
100624  53.262  17.434  -5.717 0.0000000000
101526  54.717  18.612  -5.807 0.0000000000
102418  55.097  19.475  -5.931 0.0000000000
102434  55.195  18.824  -7.543 0.0000000000
101546  54.231  18.344  -7.827 0.0000000000
101548  52.418  17.723  -7.463 0.0000000000
99652  50.440  16.853  -6.832 0.0000000000
110249  55.736  28.048  6.941 0.0000000000
108317  56.397  25.740  6.788 0.0000000000
109256  55.197  26.290  8.523 0.0000000000
107293  56.984  24.894  7.655 0.0000000000
107311  56.540  24.528  5.645 0.0000000000
106276  56.536  23.670  4.595 0.0000000000
105314  55.156  22.445  2.427 0.0000000000
104273  53.490  22.060  1.558 0.0000000000
105260  49.960  21.900  8.504 0.0000000000
105276  50.212  22.312  6.784 0.0000000000
105288  50.824  22.032  5.789 0.0000000000
103258  48.265  20.398  3.340 0.0000000000
104263  49.712  20.848  3.731 0.0000000000
104251  51.317  21.313  4.047 0.0000000000
104261  51.510  21.295  3.218 0.0000000000
104288  51.825  21.502  1.442 0.0000000000
104313  51.210  21.189  -0.130 0.0000000000
103313  50.906  20.417  -1.539 0.0000000000
100598  50.477  17.830  -2.923 0.0000000000
99613  50.721  16.742  -3.919 0.0000000000
97476  49.527  15.120  -2.485 0.0000000000
97487  50.271  14.984  -3.652 0.0000000000
107269  46.472  23.734  9.620 0.0000000000
106246  45.693  23.559  10.157 0.0000000000
106232  43.342  23.253  10.601 0.0000000000
115444  45.515  33.692  -6.649 0.0000000000
115474  43.554  32.934  -8.558 0.0000000000
112180  41.767  29.329  -7.801 0.0000000000
110375  42.305  28.238  -7.705 0.0000000000
109388  43.787  26.811  -8.137 0.0000000000
110382  45.518  27.540  -9.091 0.0000000000
109387  44.298  26.435  -8.658 0.0000000000
108416  44.372  25.437  -8.091 0.0000000000
109308  49.570  26.471  3.642 0.0000000000
107332  51.914  24.184  3.958 0.0000000000
107334  49.542  24.927  3.603 0.0000000000
108343  48.602  25.564  3.159 0.0000000000
107346  47.394  24.911  1.455 0.0000000000
106336  48.007  23.652  -0.966 0.0000000000
106367  48.591  23.423  -2.742 0.0000000000
105352  55.566  22.609  -1.474 0.0000000000
106360  56.142  23.347  -2.235 0.0000000000
106362  54.120  23.491  -2.385 0.0000000000
106408  55.312  23.631  -4.734 0.0000000000
106394  54.696  23.771  -4.162 0.0000000000
106363  52.883  23.369  -2.437 0.0000000000
106380  51.418  23.477  -3.421 0.0000000000
106398  50.138  23.657  -4.351 0.0000000000
106400  48.348  23.601  -4.621 0.0000000000
107438  49.502  24.372  -7.536 0.0000000000
107466  48.974  24.452  -9.954 0.0000000000
107489  49.112  24.278  -11.470 0.0000000000
106467  50.939  24.188  -10.988 0.0000000000
105439  49.461  23.393  -11.424 0.0000000000
105452  46.992  22.735  -11.325 0.0000000000
104427  45.289  21.204  -9.449 0.0000000000
101511  47.067  19.136  -3.155 0.0000000000
113928  40.589  30.715  -7.464 0.0000000000
113936  40.839  30.557  -8.034 0.0000000000
107284  49.445  24.067  8.764 0.0000000000
106255  50.238  23.805  9.007 0.0000000000
107266  49.209  23.704  9.257 0.0000000000
107383  46.141  24.282  -3.327 0.0000000000
107391  45.573  25.016  -3.795 0.0000000000
107390  46.085  24.413  -4.318 0.0000000000
106402  46.627  24.006  -4.929 0.0000000000
106401  47.407  23.657  -4.769 0.0000000000
105324  54.439  22.414  1.047 0.0000000000
105335  55.518  22.530  0.485 0.0000000000
105336  54.476  22.357  0.117 0.0000000000
101539  52.122  18.315  -6.925 0.0000000000
102430  51.498  19.254  -6.136 0.0000000000
101540  51.063  18.322  -6.324 0.0000000000
101529  50.325  18.355  -5.848 0.0000000000
111166  49.809  28.273  1.415 0.0000000000
111167  49.014  28.310  1.076 0.0000000000
110314  48.414  27.869  1.115 0.0000000000
110295  48.386  27.091  2.332 0.0000000000
99612  51.161  17.189  -4.090 0.0000000000
100606  51.479  17.646  -4.186 0.0000000000
99625  51.563  16.765  -4.703 0.0000000000
98609  55.550  15.783  -8.185 0.0000000000
98610  54.512  15.860  -8.325 0.0000000000
108398  44.321  24.952  -5.873 0.0000000000
105274  52.537  22.427  6.916 0.0000000000
105273  53.918  22.974  7.218 0.0000000000
104256  46.406  21.395  4.508 0.0000000000
105301  47.660  22.102  4.942 0.0000000000
104266  47.068  21.142  3.877 0.0000000000
100575  48.520  17.334  0.378 0.0000000000
102364  48.693  18.808  1.352 0.0000000000
101476  48.900  18.583  0.424 0.0000000000
102372  49.067  19.105  0.708 0.0000000000
100582  49.104  17.719  -1.062 0.0000000000
100583  48.716  17.300  -0.447 0.0000000000
112153  45.462  29.959  -5.329 0.0000000000
113095  45.447  30.477  -4.824 0.0000000000
113105  45.036  30.102  -5.285 0.0000000000
113106  44.230  30.368  -5.354 0.0000000000
112171  44.197  28.921  -6.590 0.0000000000
112170  45.330  29.020  -6.742 0.0000000000
108456  46.760  25.092  -11.357 0.0000000000
108449  45.911  25.582  -10.977 0.0000000000
107492  46.249  24.669  -11.471 0.0000000000
106470  45.181  23.483  -10.741 0.0000000000
106469  45.794  23.635  -11.299 0.0000000000
107308  54.360  25.431  6.230 0.0000000000
108331  53.386  25.716  6.074 0.0000000000
107313  54.692  24.799  5.657 0.0000000000
106317  52.549  23.556  0.344 0.0000000000
106333  51.026  23.478  -0.617 0.0000000000
106347  51.945  23.389  -1.523 0.0000000000
104365  54.590  21.279  -4.457 0.0000000000
104364  54.930  21.625  -5.071 0.0000000000
107434  54.242  24.892  -7.978 0.0000000000
107419  53.943  24.660  -7.247 0.0000000000
107435  53.676  25.271  -7.823 0.0000000000
108412  53.320  25.398  -8.415 0.0000000000
108413  52.468  25.490  -8.806 0.0000000000
108421  53.029  25.251  -9.182 0.0000000000
105410  48.462  22.435  -7.583 0.0000000000
104406  47.857  22.244  -7.257 0.0000000000
104397  47.106  21.809  -6.508 0.0000000000
111263  40.750  28.950  -7.682 0.0000000000
111251  41.156  28.667  -6.534 0.0000000000
111261  41.511  28.227  -6.978 0.0000000000
110359  42.567  27.502  -5.993 0.0000000000
110367  42.274  27.767  -7.127 0.0000000000
110242  52.040  27.190  7.388 0.0000000000
109268  51.607  26.347  7.585 0.0000000000
105252  51.251  22.912  9.440 0.0000000000
106239  51.608  23.480  9.165 0.0000000000
105251  51.907  23.140  9.265 0.0000000000
105263  52.578  22.714  8.141 0.0000000000
111226  47.533  28.695  -2.706 0.0000000000
112129  48.043  29.441  -3.156 0.0000000000
111227  46.822  28.407  -2.855 0.0000000000
109363  45.610  26.752  -4.919 0.0000000000
111236  46.267  28.214  -4.384 0.0000000000
110349  46.012  27.806  -4.752 0.0000000000
110356  46.306  28.057  -5.472 0.0000000000
110357  45.934  27.368  -5.547 0.0000000000
110364  46.283  27.652  -6.392 0.0000000000
109375  45.906  26.689  -6.328 0.0000000000
107425  46.952  24.253  -7.099 0.0000000000
107441  46.564  24.842  -7.757 0.0000000000
107455  46.831  24.789  -8.678 0.0000000000
107468  47.150  24.704  -9.323 0.0000000000
107454  47.597  24.380  -8.693 0.0000000000
107337  57.034  23.975  3.086 0.0000000000
107339  56.404  24.313  2.876 0.0000000000
106286  56.855  23.741  2.472 0.0000000000
106327  56.881  23.170  0.352 0.0000000000
106313  56.636  23.590  0.665 0.0000000000
106314  56.066  23.910  0.372 0.0000000000
106315  55.069  23.739  0.319 0.0000000000
106329  55.966  23.718  -0.565 0.0000000000
103368  54.759  20.457  -6.483 0.0000000000
103369  54.085  20.710  -6.721 0.0000000000
105405  53.842  23.656  -7.521 0.0000000000
105407  52.235  23.201  -7.824 0.0000000000
103372  50.498  20.940  -6.073 0.0000000000
103373  49.862  21.187  -6.114 0.0000000000
103355  49.602  20.556  -5.670 0.0000000000
102421  49.250  19.503  -5.123 0.0000000000
100626  49.326  17.417  -5.586 0.0000000000
101531  49.183  17.908  -5.140 0.0000000000
106228  47.036  23.007  10.201 0.0000000000
104195  47.750  21.682  10.256 0.0000000000
104225  46.156  21.285  8.007 0.0000000000
104231  45.746  21.448  7.329 0.0000000000
104235  46.462  21.941  6.465 0.0000000000
104236  45.368  21.432  6.341 0.0000000000
109321  46.769  26.590  1.039 0.0000000000
109331  46.456  26.633  0.246 0.0000000000
108367  46.220  25.751  -0.049 0.0000000000
107368  45.766  25.368  -1.168 0.0000000000
107367  46.265  24.830  -0.750 0.0000000000
103312  51.684  20.760  -1.891 0.0000000000
102410  52.393  18.969  -4.378 0.0000000000
102399  52.574  19.678  -4.056 0.0000000000
102409  53.136  19.173  -4.515 0.0000000000
103339  53.312  19.922  -4.247 0.0000000000
101517  53.767  18.781  -5.044 0.0000000000
99638  53.637  16.738  -6.194 0.0000000000
98598  54.166  16.107  -6.455 0.0000000000
99649  55.506  17.359  -7.179 0.0000000000
100634  55.108  17.281  -6.505 0.0000000000
101536  55.202  18.158  -6.379 0.0000000000
101535  55.402  18.572  -6.685 0.0000000000
102417  55.264  19.348  -6.447 0.0000000000
101544  55.423  18.467  -7.453 0.0000000000
100655  53.664  17.143  -8.268 0.0000000000
101553  54.647  17.811  -8.145 0.0000000000
100644  53.633  17.636  -7.987 0.0000000000
101547  53.101  17.995  -7.533 0.0000000000
100645  52.827  17.281  -7.894 0.0000000000
100646  51.731  17.317  -7.384 0.0000000000
111096  55.984  28.547  7.574 0.0000000000
111118  55.647  29.385  6.415 0.0000000000
109279  56.138  27.030  6.959 0.0000000000
110237  56.773  26.890  7.746 0.0000000000
108288  53.330  25.350  8.473 0.0000000000
109257  54.198  26.371  8.378 0.0000000000
108287  54.481  25.434  8.601 0.0000000000
106268  55.491  23.573  6.866 0.0000000000
107294  56.338  24.510  7.881 0.0000000000
106260  56.180  24.186  7.365 0.0000000000
107306  56.954  24.796  6.617 0.0000000000
106266  56.640  24.262  6.017 0.0000000000
106271  56.771  24.076  5.036 0.0000000000
105297  55.783  23.318  5.094 0.0000000000
105309  54.020  22.211  2.990 0.0000000000
105308  54.952  22.546  3.534 0.0000000000
105315  54.288  22.240  1.986 0.0000000000
104259  53.337  21.832  2.463 0.0000000000
104222  48.659  21.429  9.234 0.0000000000
104221  49.712  21.718  9.334 0.0000000000
104228  48.564  21.673  8.322 0.0000000000
105290  48.978  22.359  5.794 0.0000000000
105277  49.249  22.380  6.694 0.0000000000
105289  49.814  22.138  5.872 0.0000000000
104241  50.183  21.674  5.073 0.0000000000
102341  47.777  19.579  2.954 0.0000000000
103256  49.704  20.247  3.092 0.0000000000
102339  49.172  19.970  3.075 0.0000000000
104252  50.421  21.273  4.255 0.0000000000
104262  50.554  20.884  3.406 0.0000000000
104276  50.852  20.988  2.619 0.0000000000
104289  50.928  21.183  1.776 0.0000000000
104302  51.053  21.251  0.838 0.0000000000
103301  50.534  20.465  -0.750 0.0000000000
101501  49.774  17.985  -2.041 0.0000000000
101500  50.215  18.450  -2.215 0.0000000000
100599  49.962  17.487  -2.608 0.0000000000
100608  50.388  17.292  -3.280 0.0000000000
99614  50.048  16.722  -3.234 0.0000000000
97462  49.086  14.886  -1.723 0.0000000000
96370  49.854  14.716  -3.127 0.0000000000
96369  50.233  13.993  -3.712 0.0000000000
107287  46.546  23.991  9.041 0.0000000000
107288  45.327  24.278  9.146 0.0000000000
106230  45.171  23.148  10.503 0.0000000000
107256  44.561  23.561  10.447 0.0000000000
115432  44.882  32.788  -5.287 0.0000000000
115431  45.550  33.145  -5.124 0.0000000000
116234  45.791  34.063  -7.729 0.0000000000
115456  44.239  33.152  -7.559 0.0000000000
115473  44.248  33.248  -8.898 0.0000000000
114694  43.695  32.829  -7.514 0.0000000000
113112  42.616  30.839  -6.575 0.0000000000
113117  41.639  30.324  -7.675 0.0000000000
112173  42.233  29.829  -7.105 0.0000000000
111260  43.787  28.445  -7.297 0.0000000000
111270  42.957  28.320  -7.646 0.0000000000
110374  43.531  27.529  -7.896 0.0000000000
110381  46.172  27.522  -8.616 0.0000000000
111277  45.677  28.044  -8.561 0.0000000000
108438  45.218  25.612  -10.277 0.0000000000
109394  44.838  26.438  -9.668 0.0000000000
107442  44.416  24.403  -7.478 0.0000000000
107456  44.644  24.476  -8.574 0.0000000000
105434  44.487  22.533  -9.383 0.0000000000
111137  53.430  28.550  4.370 0.0000000000
109298  51.377  26.670  4.992 0.0000000000
110284  51.733  27.631  4.376 0.0000000000
110285  51.029  27.053  4.222 0.0000000000
110288  50.755  27.277  3.744 0.0000000000
109305  49.859  26.083  4.156 0.0000000000
106281  53.855  23.807  3.046 0.0000000000
107331  53.199  24.235  3.904 0.0000000000
106282  52.611  23.813  3.101 0.0000000000
107340  50.480  24.132  3.030 0.0000000000
107341  49.869  24.238  2.944 0.0000000000
107335  48.942  25.153  3.232 0.0000000000
107342  48.633  24.687  2.484 0.0000000000
107343  47.818  25.224  2.199 0.0000000000
106294  48.886  23.920  1.803 0.0000000000
106335  48.915  23.404  -0.825 0.0000000000
106321  48.284  23.645  -0.209 0.0000000000
106350  48.746  23.420  -1.782 0.0000000000
106351  47.737  23.593  -1.966 0.0000000000
104324  54.002  21.898  -2.216 0.0000000000
105361  54.648  22.060  -2.376 0.0000000000
105366  55.991  23.018  -2.947 0.0000000000
106361  55.284  23.539  -2.331 0.0000000000
105381  55.537  23.161  -5.284 0.0000000000
105390  55.335  23.492  -5.945 0.0000000000
106395  53.515  23.676  -4.373 0.0000000000
106378  53.818  23.478  -3.340 0.0000000000
106379  52.590  23.417  -3.414 0.0000000000
106364  51.684  23.374  -2.471 0.0000000000
106396  52.255  23.638  -4.386 0.0000000000
107408  51.343  24.522  -5.987 0.0000000000
106412  50.787  24.003  -5.153 0.0000000000
106413  49.937  23.871  -5.144 0.0000000000
106399  49.254  23.631  -4.459 0.0000000000
107410  49.826  24.021  -5.657 0.0000000000
106427  48.832  23.833  -6.433 0.0000000000
107423  49.738  24.193  -6.248 0.0000000000
107464  51.068  25.458  -10.229 0.0000000000
107452  50.014  24.693  -9.103 0.0000000000
107465  50.289  25.090  -10.419 0.0000000000
107479  49.062  24.512  -10.902 0.0000000000
106451  51.354  23.906  -9.339 0.0000000000
106458  51.853  24.472  -10.012 0.0000000000
106452  50.719  23.660  -9.781 0.0000000000
105431  48.814  22.600  -10.221 0.0000000000
105441  47.723  22.404  -10.782 0.0000000000
105451  48.075  23.136  -11.424 0.0000000000
104432  47.108  22.034  -10.721 0.0000000000
104433  46.615  21.874  -10.740 0.0000000000
104426  46.309  21.558  -9.948 0.0000000000
104409  45.327  21.301  -7.368 0.0000000000
104418  45.415  21.209  -8.389 0.0000000000
102412  48.372  19.417  -4.457 0.0000000000
101510  47.512  18.457  -3.441 0.0000000000
112165  40.650  29.400  -6.191 0.0000000000
112175  40.707  29.352  -7.436 0.0000000000
112174  40.696  29.021  -7.996 0.0000000000
108302  50.997  25.417  7.868 0.0000000000
107283  50.626  24.384  8.514 0.0000000000
106240  50.752  23.485  9.270 0.0000000000
104208  50.603  22.598  9.622 0.0000000000
109345  45.460  26.703  -2.031 0.0000000000
110336  45.752  27.494  -2.589 0.0000000000
108385  45.350  25.868  -3.363 0.0000000000
108391  45.368  25.899  -4.338 0.0000000000
108397  45.478  25.914  -5.208 0.0000000000
107427  45.964  25.312  -6.139 0.0000000000
107411  46.152  24.744  -5.887 0.0000000000
106429  46.783  24.155  -6.312 0.0000000000
107424  47.610  24.182  -7.267 0.0000000000
105322  56.084  22.691  1.835 0.0000000000
106296  56.831  23.372  1.650 0.0000000000
105334  56.241  22.729  0.927 0.0000000000
105343  56.566  22.804  0.035 0.0000000000
102428  53.748  19.698  -7.065 0.0000000000
103370  53.007  20.660  -6.515 0.0000000000
104392  52.278  21.672  -6.503 0.0000000000
103371  51.637  20.472  -6.108 0.0000000000
103353  51.193  19.843  -5.855 0.0000000000
102420  50.140  19.348  -5.610 0.0000000000
100625  49.887  17.747  -5.811 0.0000000000
99641  49.380  16.858  -5.977 0.0000000000
104196  46.483  21.248  10.145 0.0000000000
103210  46.048  20.855  9.643 0.0000000000
111198  48.590  28.361  -0.700 0.0000000000
110315  47.761  27.700  0.673 0.0000000000
110306  47.217  27.154  1.180 0.0000000000
108349  46.910  25.803  1.436 0.0000000000
102401  51.214  18.947  -3.241 0.0000000000
102393  51.517  19.608  -3.005 0.0000000000
101508  51.323  18.362  -3.713 0.0000000000
101519  51.913  18.370  -4.347 0.0000000000
98597  54.915  15.974  -6.975 0.0000000000
98608  55.473  15.807  -7.603 0.0000000000
99659  55.620  16.562  -7.908 0.0000000000
99670  55.427  17.106  -7.968 0.0000000000
100642  55.293  17.686  -7.852 0.0000000000
99672  54.948  16.813  -8.407 0.0000000000
99673  54.285  16.703  -8.377 0.0000000000
110239  56.050  28.052  8.202 0.0000000000
106251  53.938  23.886  8.549 0.0000000000
107279  54.836  24.682  8.575 0.0000000000
106262  54.376  23.630  7.898 0.0000000000
105272  54.783  23.299  6.868 0.0000000000
105285  55.008  23.169  6.057 0.0000000000
105299  53.439  22.110  4.294 0.0000000000
105268  47.841  22.129  7.028 0.0000000000
105267  48.525  22.096  7.381 0.0000000000
105279  47.456  22.330  6.313 0.0000000000
105291  48.157  22.341  5.520 0.0000000000
104254  48.463  21.769  4.607 0.0000000000
101460  48.147  18.254  2.048 0.0000000000
102354  48.338  18.978  2.262 0.0000000000
102363  49.086  19.448  1.803 0.0000000000
103272  49.749  19.986  2.327 0.0000000000
103271  50.361  20.462  2.039 0.0000000000
103283  49.704  19.959  1.436 0.0000000000
103292  49.801  20.021  0.453 0.0000000000
102380  49.641  19.351  -0.532 0.0000000000
102379  50.077  19.856  -0.774 0.0000000000
100589  49.409  17.421  -1.885 0.0000000000
96360  49.510  14.166  -2.642 0.0000000000
95253  50.522  13.187  -3.459 0.0000000000
113084  45.862  30.857  -4.316 0.0000000000
113896  46.044  31.226  -4.034 0.0000000000
113906  45.414  31.279  -4.371 0.0000000000
113907  44.759  31.284  -4.705 0.0000000000
114671  44.343  32.217  -5.190 0.0000000000
114682  43.819  32.680  -6.719 0.0000000000
114672  43.745  31.664  -5.541 0.0000000000
113107  42.964  30.411  -6.117 0.0000000000
113108  42.595  30.183  -6.530 0.0000000000
109392  46.419  26.479  -10.033 0.0000000000
110394  46.042  26.859  -10.152 0.0000000000
109398  46.072  26.382  -10.476 0.0000000000
108450  45.491  26.024  -10.530 0.0000000000
107470  44.998  24.511  -9.695 0.0000000000
107482  45.111  24.179  -10.426 0.0000000000
106461  44.808  23.427  -9.973 0.0000000000
105444  44.962  22.381  -10.204 0.0000000000
110251  54.249  27.699  6.277 0.0000000000
110271  52.837  27.856  5.094 0.0000000000
109282  52.975  26.457  5.912 0.0000000000
108332  52.728  25.860  5.796 0.0000000000
107316  51.599  25.325  5.170 0.0000000000
106291  52.092  23.600  2.246 0.0000000000
106302  51.649  23.505  1.325 0.0000000000
106303  50.436  23.598  1.284 0.0000000000
106304  49.349  23.676  1.169 0.0000000000
106319  50.140  23.514  0.296 0.0000000000
106334  49.904  23.388  -0.679 0.0000000000
104353  53.743  21.257  -3.356 0.0000000000
104338  54.402  21.709  -2.883 0.0000000000
104337  54.945  22.071  -3.400 0.0000000000
105367  55.645  22.571  -3.641 0.0000000000
105374  55.946  23.196  -4.063 0.0000000000
106426  54.884  23.684  -7.005 0.0000000000
106425  55.124  23.998  -6.501 0.0000000000
107405  54.394  24.350  -6.581 0.0000000000
107406  53.622  24.471  -6.342 0.0000000000
107407  52.488  24.517  -6.183 0.0000000000
107437  51.241  25.278  -8.209 0.0000000000
108414  51.763  25.498  -9.281 0.0000000000
108433  51.320  25.393  -10.692 0.0000000000
105409  49.623  22.812  -8.036 0.0000000000
105421  49.894  23.257  -9.460 0.0000000000
105423  47.692  22.385  -8.607 0.0000000000
105433  46.916  22.078  -9.321 0.0000000000
105412  46.971  22.193  -7.717 0.0000000000
104398  46.177  21.636  -6.530 0.0000000000
111155  50.202  28.113  2.112 0.0000000000
112164  41.033  28.957  -5.797 0.0000000000
110358  43.294  26.998  -5.684 0.0000000000
109377  43.692  26.513  -6.391 0.0000000000
109267  52.627  26.530  7.850 0.0000000000
108290  51.502  24.873  8.285 0.0000000000
107281  52.683  24.373  8.689 0.0000000000
106252  52.917  23.721  8.863 0.0000000000
105256  53.185  23.433  8.752 0.0000000000
102342  46.700  19.205  3.078 0.0000000000
102356  46.922  18.571  2.787 0.0000000000
100556  48.098  17.683  1.917 0.0000000000
100567  48.308  17.382  1.200 0.0000000000
99564  48.341  16.754  0.664 0.0000000000
99575  48.407  16.481  -0.058 0.0000000000
99584  48.639  16.396  -0.913 0.0000000000
113082  47.588  30.403  -3.527 0.0000000000
110341  46.252  28.067  -3.025 0.0000000000
111235  46.692  28.618  -3.830 0.0000000000
112143  46.828  29.496  -4.594 0.0000000000
112152  46.200  29.567  -5.413 0.0000000000
112159  46.017  29.135  -6.355 0.0000000000
112169  45.916  28.897  -6.870 0.0000000000
111257  46.210  28.473  -6.931 0.0000000000
110372  46.338  27.661  -7.555 0.0000000000
109380  46.325  26.715  -8.099 0.0000000000
108404  46.005  25.882  -6.639 0.0000000000
108415  46.278  25.779  -7.487 0.0000000000
108436  46.763  25.492  -9.602 0.0000000000
108455  47.289  24.977  -10.953 0.0000000000
107319  56.228  24.442  4.551 0.0000000000
107320  55.201  24.408  4.704 0.0000000000
107329  55.708  24.360  3.509 0.0000000000
106280  54.890  24.087  2.948 0.0000000000
106297  56.717  23.729  1.506 0.0000000000
106289  54.576  23.922  2.135 0.0000000000
106300  54.181  23.812  1.225 0.0000000000
106316  53.824  23.720  0.313 0.0000000000
106331  53.493  23.667  -0.598 0.0000000000
103352  55.041  20.408  -5.776 0.0000000000
104376  54.881  21.631  -5.939 0.0000000000
106437  54.307  24.082  -7.577 0.0000000000
106448  53.890  24.522  -8.246 0.0000000000
107449  52.768  24.932  -9.692 0.0000000000
106439  52.796  23.849  -8.356 0.0000000000
106440  51.928  23.725  -8.595 0.0000000000
105408  50.960  23.205  -8.315 0.0000000000
105395  50.466  22.381  -7.204 0.0000000000
105396  49.451  22.241  -7.012 0.0000000000
103356  48.443  20.336  -4.957 0.0000000000
102411  48.937  19.182  -4.734 0.0000000000
101521  48.886  18.399  -4.721 0.0000000000
100617  47.889  17.489  -3.945 0.0000000000
106243  48.074  23.520  9.409 0.0000000000
105237  49.149  22.780  10.164 0.0000000000
105238  48.532  22.658  10.256 0.0000000000
104223  47.720  21.296  8.874 0.0000000000
104212  46.821  21.114  9.382 0.0000000000
104224  46.757  21.268  8.453 0.0000000000
104244  45.935  21.685  5.429 0.0000000000
111225  48.222  28.847  -2.342 0.0000000000
110329  46.453  27.759  -1.460 0.0000000000
111199  47.633  28.181  -0.832 0.0000000000
110322  46.685  27.532  -0.507 0.0000000000
110323  46.064  27.236  -1.035 0.0000000000
108374  45.543  25.895  -1.519 0.0000000000
107377  45.686  25.092  -1.729 0.0000000000
104312  52.218  21.488  -0.482 0.0000000000
105346  53.602  22.223  -0.497 0.0000000000
104325  53.173  21.664  -1.856 0.0000000000
103331  52.179  19.905  -3.431 0.0000000000
103320  52.607  21.047  -2.916 0.0000000000
103329  53.723  21.041  -3.809 0.0000000000
103338  54.054  20.525  -4.315 0.0000000000
102407  54.581  19.765  -5.234 0.0000000000
99639  52.545  16.702  -5.476 0.0000000000
100614  52.590  17.536  -5.264 0.0000000000
101528  53.028  17.884  -5.419 0.0000000000
99651  54.690  16.726  -6.533 0.0000000000
100623  54.325  17.528  -6.089 0.0000000000
101527  53.664  18.081  -5.474 0.0000000000
101516  54.242  19.158  -5.185 0.0000000000
103351  55.186  19.761  -6.158 0.0000000000
102426  55.276  19.384  -7.105 0.0000000000
102435  54.862  19.030  -7.601 0.0000000000
101552  54.831  17.970  -8.074 0.0000000000
102436  54.316  19.223  -7.525 0.0000000000
99663  50.752  16.468  -7.389 0.0000000000
110269  54.712  28.637  5.898 0.0000000000
109280  54.810  27.220  6.637 0.0000000000
108318  55.162  26.117  6.696 0.0000000000
107307  55.346  25.386  6.238 0.0000000000
110240  54.698  27.571  8.005 0.0000000000
109255  56.163  26.391  8.433 0.0000000000
108286  55.587  25.512  8.541 0.0000000000
108285  56.539  25.632  8.335 0.0000000000
109254  56.959  26.348  8.144 0.0000000000
108299  57.059  26.058  7.489 0.0000000000
108329  56.887  25.124  6.441 0.0000000000
108330  56.552  25.120  6.113 0.0000000000
107318  56.801  24.165  4.396 0.0000000000
106275  57.026  23.935  4.142 0.0000000000
105306  56.660  23.495  3.541 0.0000000000
105307  56.083  23.140  3.913 0.0000000000
105313  56.071  22.669  2.836 0.0000000000
104286  53.639  22.257  0.679 0.0000000000
104209  49.679  22.275  10.099 0.0000000000
105259  50.662  22.059  8.719 0.0000000000
105266  49.475  22.121  7.784 0.0000000000
105265  50.516  22.276  7.789 0.0000000000
105275  51.308  22.248  6.782 0.0000000000
104265  47.886  21.167  3.764 0.0000000000
104264  48.848  21.070  3.768 0.0000000000
102340  48.658  19.778  2.998 0.0000000000
103257  49.085  20.342  3.374 0.0000000000
104253  49.515  21.453  4.394 0.0000000000
104240  51.152  21.566  4.885 0.0000000000
104239  51.897  21.541  4.584 0.0000000000
104250  52.314  21.569  3.857 0.0000000000
104260  52.420  21.563  2.885 0.0000000000
104275  51.664  21.407  2.352 0.0000000000
104274  52.589  21.658  1.982 0.0000000000
104287  52.754  21.876  1.057 0.0000000000
102386  50.190  19.472  -1.531 0.0000000000
102394  50.828  19.148  -2.548 0.0000000000
101509  50.808  18.393  -3.042 0.0000000000
99626  51.012  16.343  -4.397 0.0000000000
99591  48.926  16.237  -1.507 0.0000000000
99590  49.238  16.485  -1.970 0.0000000000
98554  49.533  15.916  -2.511 0.0000000000
97488  49.877  15.442  -3.069 0.0000000000
98565  49.818  16.126  -3.033 0.0000000000
98564  50.281  15.907  -3.629 0.0000000000
97501  50.666  15.369  -4.220 0.0000000000
107268  48.114  23.904  9.013 0.0000000000
106256  47.794  23.827  9.085 0.0000000000
106244  47.110  23.524  9.660 0.0000000000
106245  46.386  23.483  9.964 0.0000000000
107300  45.764  24.460  8.216 0.0000000000
107270  45.890  23.925  9.734 0.0000000000
106229  46.149  22.951  10.267 0.0000000000
105241  45.772  22.161  10.368 0.0000000000
107257  43.958  23.827  10.467 0.0000000000
106231  44.267  23.107  10.600 0.0000000000
104198  44.247  21.498  10.351 0.0000000000
114707  42.876  32.756  -9.036 0.0000000000
114695  43.141  32.533  -7.832 0.0000000000
114720  42.545  32.746  -9.283 0.0000000000
113118  41.125  30.045  -7.845 0.0000000000
111272  41.447  28.859  -8.127 0.0000000000
112179  42.366  28.863  -7.692 0.0000000000
111271  42.017  28.744  -7.854 0.0000000000
110376  41.654  28.567  -7.883 0.0000000000
109376  43.981  26.247  -6.969 0.0000000000
111258  45.672  28.659  -7.341 0.0000000000
111268  45.286  28.315  -8.065 0.0000000000
111279  44.596  27.765  -8.634 0.0000000000
110389  45.512  26.964  -9.829 0.0000000000
110383  44.546  27.322  -8.926 0.0000000000
110384  43.875  27.023  -8.540 0.0000000000
109381  44.106  26.243  -7.688 0.0000000000
108406  44.179  25.433  -6.894 0.0000000000
107428  44.334  24.300  -6.473 0.0000000000
110283  52.595  28.143  4.516 0.0000000000
110292  51.084  27.972  3.103 0.0000000000
110293  50.023  27.498  2.969 0.0000000000
109311  49.293  26.931  3.066 0.0000000000
107321  53.901  24.436  4.827 0.0000000000
107322  52.613  24.613  4.787 0.0000000000
107323  51.341  24.890  4.711 0.0000000000
106283  51.434  23.974  3.077 0.0000000000
107333  50.653  24.390  3.634 0.0000000000
107324  50.309  25.068  4.238 0.0000000000
108340  49.598  25.641  3.962 0.0000000000
109309  48.870  26.038  3.464 0.0000000000
109312  48.613  26.472  2.999 0.0000000000
109313  47.785  26.517  2.366 0.0000000000
108348  47.407  25.742  2.066 0.0000000000
107347  46.810  25.354  1.085 0.0000000000
107345  48.336  23.981  1.141 0.0000000000
107357  47.469  24.169  0.078 0.0000000000
107366  47.110  24.006  -1.236 0.0000000000
107375  47.052  23.831  -1.889 0.0000000000
106368  47.712  23.521  -2.930 0.0000000000
105345  54.359  22.341  -0.860 0.0000000000
105351  56.580  22.840  -1.007 0.0000000000
105359  56.375  22.912  -1.999 0.0000000000
106343  56.404  23.298  -1.308 0.0000000000
106344  55.699  23.653  -1.473 0.0000000000
106345  54.463  23.635  -1.494 0.0000000000
106346  53.177  23.511  -1.503 0.0000000000
105375  55.476  22.550  -4.621 0.0000000000
106424  55.289  23.774  -5.590 0.0000000000
106393  55.474  23.574  -3.869 0.0000000000
106377  54.944  23.571  -3.208 0.0000000000
106365  50.573  23.329  -2.521 0.0000000000
106397  51.122  23.695  -4.338 0.0000000000
106381  50.356  23.452  -3.458 0.0000000000
106366  49.553  23.341  -2.608 0.0000000000
106382  49.390  23.488  -3.541 0.0000000000
106383  48.480  23.531  -3.677 0.0000000000
106384  47.577  23.564  -3.839 0.0000000000
106415  48.121  23.749  -5.571 0.0000000000
106441  48.464  24.077  -7.066 0.0000000000
107439  48.153  24.156  -7.762 0.0000000000
107453  48.683  24.376  -8.779 0.0000000000
107467  47.785  24.463  -9.653 0.0000000000
107480  47.964  24.404  -10.554 0.0000000000
107490  47.829  24.288  -11.261 0.0000000000
107450  52.365  24.697  -9.922 0.0000000000
107476  51.777  24.840  -10.998 0.0000000000
107477  50.652  24.600  -11.304 0.0000000000
106460  50.446  23.614  -10.475 0.0000000000
106468  50.130  23.695  -11.189 0.0000000000
107487  50.179  24.243  -11.578 0.0000000000
106478  49.262  23.925  -11.761 0.0000000000
106480  47.483  23.711  -11.611 0.0000000000
106481  46.574  23.656  -11.583 0.0000000000
105453  46.067  22.687  -11.392 0.0000000000
104434  45.740  21.886  -10.576 0.0000000000
104417  46.178  21.571  -8.895 0.0000000000
103392  44.791  20.881  -8.735 0.0000000000
100637  49.743  17.172  -6.066 0.0000000000
98576  50.713  16.038  -4.211 0.0000000000
98623  55.133  16.274  -8.394 0.0000000000
98624  54.766  16.415  -8.421 0.0000000000
99624  52.155  17.158  -5.060 0.0000000000
99658  55.493  17.203  -7.579 0.0000000000
99671  55.313  16.926  -8.186 0.0000000000
100622  55.012  17.832  -6.296 0.0000000000
100633  55.409  17.671  -6.766 0.0000000000
100643  55.045  17.859  -8.036 0.0000000000
100647  50.894  17.150  -6.981 0.0000000000
100652  55.260  17.279  -8.104 0.0000000000
100653  55.011  17.487  -8.239 0.0000000000
101477  48.659  18.278  0.727 0.0000000000
101492  50.008  18.821  -1.709 0.0000000000
101525  55.217  18.998  -6.200 0.0000000000
101537  53.918  19.069  -7.519 0.0000000000
101545  55.030  18.337  -7.851 0.0000000000
102355  47.435  18.746  2.655 0.0000000000
102387  49.791  19.134  -1.156 0.0000000000
102419  50.862  19.500  -5.801 0.0000000000
103213  43.887  21.004  10.196 0.0000000000
103228  46.126  21.138  8.432 0.0000000000
103300  51.421  21.023  -1.053 0.0000000000
103302  50.056  20.097  -0.277 0.0000000000
103311  52.447  21.215  -2.298 0.0000000000
104193  49.015  22.417  10.283 0.0000000000
104194  48.632  22.074  10.384 0.0000000000
104207  50.903  22.734  9.477 0.0000000000
104219  50.948  22.530  9.341 0.0000000000
104220  50.542  22.213  9.419 0.0000000000
104227  49.295  21.702  8.678 0.0000000000
104234  47.199  21.992  7.068 0.0000000000
104243  48.751  22.152  5.246 0.0000000000
104245  45.157  21.093  5.470 0.0000000000
104299  53.752  22.299  0.164 0.0000000000
104301  52.029  21.537  0.485 0.0000000000
104311  53.201  21.943  -0.946 0.0000000000
104396  48.169  21.883  -6.599 0.0000000000
104407  47.292  22.186  -7.189 0.0000000000
104425  47.092  21.935  -10.237 0.0000000000
104435  45.070  21.606  -9.953 0.0000000000
104439  46.741  22.169  -11.115 0.0000000000
104440  46.382  22.163  -11.155 0.0000000000
105239  47.791  22.442  10.340 0.0000000000
105254  49.661  22.958  10.038 0.0000000000
105284  55.772  23.421  5.713 0.0000000000
105292  47.295  22.286  5.520 0.0000000000
105293  46.641  22.100  5.553 0.0000000000
105302  46.951  22.028  4.926 0.0000000000
105303  46.465  21.846  5.084 0.0000000000
105312  56.629  23.316  3.034 0.0000000000
105333  56.676  22.957  1.334 0.0000000000
105337  53.849  22.297  -0.203 0.0000000000
105342  56.776  22.930  0.679 0.0000000000
105353  54.650  22.279  -1.848 0.0000000000
105406  53.228  23.420  -7.565 0.0000000000
105424  46.880  22.148  -8.331 0.0000000000
105430  49.625  23.128  -10.742 0.0000000000
105435  44.032  22.012  -8.953 0.0000000000
105440  48.838  22.783  -11.224 0.0000000000
105442  47.035  22.164  -10.998 0.0000000000
105449  49.366  23.670  -11.668 0.0000000000
105450  48.922  23.425  -11.623 0.0000000000
106225  49.242  23.191  9.912 0.0000000000
106226  48.645  23.142  9.935 0.0000000000
106238  52.211  23.379  9.082 0.0000000000
106241  49.738  23.468  9.522 0.0000000000
106242  48.941  23.486  9.554 0.0000000000
106249  55.842  24.260  7.966 0.0000000000
106250  55.074  24.182  8.206 0.0000000000
106253  52.213  23.781  8.950 0.0000000000
106254  50.648  23.875  8.973 0.0000000000
106257  47.417  23.777  9.180 0.0000000000
106259  56.652  24.449  6.825 0.0000000000
106267  56.301  23.882  6.485 0.0000000000
106269  54.759  23.479  7.312 0.0000000000
106272  56.344  23.702  5.584 0.0000000000
106278  56.941  23.822  3.373 0.0000000000
106279  56.732  23.635  3.900 0.0000000000
106284  50.799  24.093  3.048 0.0000000000
106287  56.567  24.087  2.208 0.0000000000
106298  56.285  24.064  1.320 0.0000000000
106352  47.122  23.721  -2.370 0.0000000000
106369  46.876  23.730  -3.077 0.0000000000
106414  49.184  23.725  -5.461 0.0000000000
106417  46.528  24.242  -5.673 0.0000000000
106428  47.743  24.016  -6.550 0.0000000000
106430  46.425  24.458  -6.138 0.0000000000
106436  54.740  24.126  -7.200 0.0000000000
106442  48.006  24.155  -7.130 0.0000000000
106449  53.186  24.516  -8.686 0.0000000000
106459  51.156  24.100  -10.258 0.0000000000
106466  51.705  24.428  -10.677 0.0000000000
106476  50.368  24.110  -11.428 0.0000000000
106477  49.829  23.893  -11.656 0.0000000000
106479  48.455  23.816  -11.605 0.0000000000
107264  51.236  23.738  9.075 0.0000000000
107277  56.804  25.194  8.174 0.0000000000
107278  56.111  24.764  8.335 0.0000000000
107282  51.640  24.159  8.780 0.0000000000
107285  48.422  24.187  8.638 0.0000000000
107286  47.576  24.076  8.725 0.0000000000
107309  53.740  25.534  6.164 0.0000000000
107315  52.192  25.210  5.320 0.0000000000
107325  49.857  25.280  4.049 0.0000000000
107327  56.988  24.066  3.568 0.0000000000
107338  56.866  24.126  2.952 0.0000000000
107356  48.226  23.774  0.336 0.0000000000
107398  46.114  24.593  -5.166 0.0000000000
107409  50.380  24.285  -5.797 0.0000000000
107412  45.772  25.237  -5.520 0.0000000000
107418  54.477  24.391  -7.181 0.0000000000
107436  52.683  25.392  -7.884 0.0000000000
107448  53.520  24.952  -8.684 0.0000000000
107462  52.333  25.076  -10.565 0.0000000000
107463  52.243  24.760  -10.438 0.0000000000
107469  45.334  24.829  -10.427 0.0000000000
107475  52.119  25.167  -10.831 0.0000000000
107478  50.072  24.775  -11.231 0.0000000000
107481  45.535  24.557  -10.977 0.0000000000
107488  49.855  24.333  -11.635 0.0000000000
108284  57.102  25.576  8.095 0.0000000000
108298  57.281  25.827  7.783 0.0000000000
108300  52.699  25.709  8.163 0.0000000000
108301  51.961  25.609  7.963 0.0000000000
108316  57.130  25.407  7.154 0.0000000000
108320  53.284  26.205  6.100 0.0000000000
108333  51.736  25.872  5.441 0.0000000000
108334  51.081  25.971  5.170 0.0000000000
108336  51.255  25.502  5.085 0.0000000000
108338  50.087  25.674  4.315 0.0000000000
108341  49.122  25.599  3.584 0.0000000000
108344  47.988  25.657  2.697 0.0000000000
108359  46.521  25.843  0.773 0.0000000000
108368  45.790  25.812  -0.798 0.0000000000
108379  45.404  25.860  -2.372 0.0000000000
108399  44.016  25.773  -6.014 0.0000000000
108405  45.693  25.932  -5.948 0.0000000000
108411  53.834  25.285  -8.202 0.0000000000
108423  51.625  25.499  -10.038 0.0000000000
108431  52.446  25.178  -10.117 0.0000000000
108432  52.051  25.398  -10.457 0.0000000000
108435  47.147  24.826  -9.777 0.0000000000
108443  52.181  25.250  -10.666 0.0000000000
108444  51.898  25.267  -10.895 0.0000000000
108445  51.228  25.114  -11.122 0.0000000000
108446  50.684  25.011  -11.275 0.0000000000
108457  46.288  25.183  -11.366 0.0000000000
109258  53.272  26.178  8.217 0.0000000000
109264  57.091  26.506  7.816 0.0000000000
109265  56.739  26.671  7.541 0.0000000000
109281  53.575  27.003  6.065 0.0000000000
109296  53.169  27.442  5.631 0.0000000000
109297  52.488  26.818  5.570 0.0000000000
109299  50.847  26.201  4.885 0.0000000000
109303  51.145  26.942  4.486 0.0000000000
109304  50.506  26.495  4.351 0.0000000000
109307  50.215  26.802  3.832 0.0000000000
109338  45.674  26.635  -1.215 0.0000000000
109351  45.442  26.782  -2.988 0.0000000000
109382  43.690  26.791  -7.347 0.0000000000
109393  45.231  26.639  -10.026 0.0000000000
109399  45.616  26.422  -10.395 0.0000000000
110229  56.818  26.915  7.978 0.0000000000
110230  56.514  27.179  8.195 0.0000000000
110231  55.691  27.122  8.357 0.0000000000
110232  54.960  26.851  8.366 0.0000000000
110250  54.863  28.361  6.430 0.0000000000
110270  53.910  28.113  5.800 0.0000000000
110289  50.100  27.028  3.579 0.0000000000
110294  49.089  27.267  2.582 0.0000000000
110303  49.560  27.815  2.204 0.0000000000
110305  47.874  27.287  1.663 0.0000000000
110321  47.378  27.792  -0.041 0.0000000000
110330  45.842  27.359  -1.722 0.0000000000
110342  45.895  27.743  -3.644 0.0000000000
110348  46.307  28.166  -5.088 0.0000000000
110365  45.906  27.122  -6.005 0.0000000000
110368  41.700  28.283  -7.538 0.0000000000
110373  44.089  27.591  -8.391 0.0000000000
110388  46.124  27.149  -9.593 0.0000000000
110390  45.015  26.889  -9.686 0.0000000000
110395  45.844  26.716  -10.268 0.0000000000
111097  55.382  28.653  7.594 0.0000000000
111104  55.889  28.876  7.094 0.0000000000
111105  55.651  28.847  6.568 0.0000000000
111138  52.605  28.325  4.082 0.0000000000
111183  48.677  28.275  0.303 0.0000000000
111184  47.986  28.100  -0.108 0.0000000000
111200  46.984  28.164  -1.273 0.0000000000
111215  47.604  28.437  -1.789 0.0000000000
111216  46.913  28.292  -2.032 0.0000000000
111234  47.266  28.794  -3.317 0.0000000000
111242  46.512  28.553  -4.961 0.0000000000
111278  44.969  27.932  -8.683 0.0000000000
112130  47.601  29.066  -3.264 0.0000000000
112141  47.847  29.839  -3.566 0.0000000000
112162  42.734  29.813  -6.509 0.0000000000
112163  42.431  30.064  -6.724 0.0000000000
112181  40.986  29.246  -8.226 0.0000000000
112182  40.753  29.314  -7.968 0.0000000000
113081  48.072  30.003  -3.474 0.0000000000
113083  46.586  30.417  -4.190 0.0000000000
113096  44.618  30.829  -4.936 0.0000000000
113918  43.441  31.144  -5.692 0.0000000000
113926  42.853  31.208  -6.368 0.0000000000
113927  42.435  31.220  -7.025 0.0000000000
114647  46.258  31.599  -3.877 0.0000000000
114660  45.623  32.149  -4.305 0.0000000000
114661  44.956  31.747  -4.506 0.0000000000
114708  42.221  32.300  -8.760 0.0000000000
115457  43.620  32.902  -7.889 0.0000000000
116222  46.196  34.194  -6.944 0.0000000000
