#!ascii label  , from subject sub001 vox2ras=TkReg
1084
60781  32.328  -16.143  30.164 0.0000000000
80594  45.051  0.069  13.801 0.0000000000
70864  33.861  -8.558  20.904 0.0000000000
61924  11.877  -15.469  39.614 0.0000000000
63385  26.121  -12.649  33.530 0.0000000000
77041  36.001  -3.338  19.322 0.0000000000
65920  18.217  -12.967  34.561 0.0000000000
60683  15.974  -16.704  37.600 0.0000000000
63371  22.049  -14.519  33.832 0.0000000000
80589  49.984  -0.876  13.037 0.0000000000
65993  31.135  -11.972  30.639 0.0000000000
68388  31.144  -10.991  26.660 0.0000000000
62060  37.116  -15.423  30.526 0.0000000000
85262  47.347  3.592  12.238 0.0000000000
84199  50.700  2.632  9.494 0.0000000000
84102  40.667  2.220  16.431 0.0000000000
78279  43.749  -3.088  17.307 0.0000000000
77085  39.452  -2.764  17.621 0.0000000000
70872  39.583  -8.619  20.525 0.0000000000
58244  30.501  -19.350  33.802 0.0000000000
55519  10.485  -20.412  41.276 0.0000000000
56803  8.519  -20.037  44.421 0.0000000000
55400  8.148  -19.631  48.768 0.0000000000
62066  28.776  -15.440  30.508 0.0000000000
58265  25.529  -18.225  33.343 0.0000000000
73165  28.725  -5.905  23.829 0.0000000000
70799  34.466  -8.776  26.574 0.0000000000
88476  53.653  6.812  7.411 0.0000000000
80592  46.762  -0.669  13.324 0.0000000000
79387  46.649  -2.358  14.926 0.0000000000
62061  33.183  -15.178  29.778 0.0000000000
63451  34.185  -14.651  28.565 0.0000000000
59573  34.919  -16.888  30.567 0.0000000000
84121  44.373  2.524  14.507 0.0000000000
85239  46.126  4.116  14.262 0.0000000000
84152  45.693  1.775  12.966 0.0000000000
81826  48.015  0.891  11.998 0.0000000000
51196  6.110  -23.432  48.543 0.0000000000
80528  39.824  -0.696  16.876 0.0000000000
80531  37.733  -0.264  18.007 0.0000000000
72019  34.924  -6.587  19.879 0.0000000000
73209  36.908  -6.333  18.885 0.0000000000
70874  37.186  -9.034  20.192 0.0000000000
69665  37.542  -10.106  23.689 0.0000000000
61936  13.065  -16.179  38.196 0.0000000000
59448  14.577  -18.058  39.601 0.0000000000
58183  12.936  -18.368  39.559 0.0000000000
55517  12.491  -20.331  41.709 0.0000000000
58171  11.335  -18.416  40.115 0.0000000000
59374  9.584  -18.115  44.085 0.0000000000
56770  8.567  -19.367  46.445 0.0000000000
63414  26.943  -14.288  31.192 0.0000000000
59581  27.053  -17.161  30.786 0.0000000000
62054  24.829  -15.445  31.111 0.0000000000
61965  21.262  -15.986  35.843 0.0000000000
60721  23.258  -16.890  35.861 0.0000000000
67156  36.113  -10.786  29.290 0.0000000000
70785  32.507  -9.115  27.220 0.0000000000
80486  36.814  0.114  20.065 0.0000000000
75790  34.893  -3.373  21.129 0.0000000000
73194  33.173  -6.134  20.777 0.0000000000
61966  19.379  -16.357  36.134 0.0000000000
60681  17.771  -17.038  37.446 0.0000000000
63358  16.398  -14.556  35.378 0.0000000000
63330  14.327  -14.597  36.760 0.0000000000
64605  12.603  -13.595  39.154 0.0000000000
64695  23.694  -13.004  32.523 0.0000000000
67108  22.176  -11.785  33.645 0.0000000000
64671  20.263  -13.594  34.126 0.0000000000
69563  28.830  -10.183  30.836 0.0000000000
69584  27.532  -9.596  28.105 0.0000000000
66052  29.870  -12.177  28.169 0.0000000000
64753  35.905  -13.455  27.776 0.0000000000
87442  50.260  5.676  9.617 0.0000000000
84180  48.713  2.972  10.577 0.0000000000
81845  50.266  0.714  11.080 0.0000000000
81795  42.745  0.726  14.886 0.0000000000
79390  43.927  -1.579  15.154 0.0000000000
79393  41.834  -1.058  16.088 0.0000000000
78254  41.210  -2.972  17.762 0.0000000000
74501  41.523  -5.333  18.396 0.0000000000
77062  37.092  -3.092  18.334 0.0000000000
73223  39.624  -6.212  18.559 0.0000000000
59531  30.967  -18.260  31.863 0.0000000000
59514  34.073  -18.464  33.150 0.0000000000
84100  42.998  2.786  16.382 0.0000000000
61901  11.172  -15.393  41.768 0.0000000000
58152  9.875  -18.583  41.961 0.0000000000
55501  9.078  -20.875  42.239 0.0000000000
51268  8.596  -23.531  43.971 0.0000000000
54032  7.583  -22.195  45.431 0.0000000000
54006  7.479  -21.517  47.554 0.0000000000
52603  6.836  -21.468  48.792 0.0000000000
53965  6.472  -20.687  49.644 0.0000000000
60783  30.364  -16.122  30.381 0.0000000000
59556  29.538  -17.616  31.266 0.0000000000
58284  27.831  -18.765  32.535 0.0000000000
60756  23.581  -16.076  32.792 0.0000000000
71980  31.551  -7.712  22.080 0.0000000000
69642  28.611  -9.082  25.499 0.0000000000
70830  31.455  -8.971  24.355 0.0000000000
69655  33.994  -9.487  24.308 0.0000000000
59512  36.349  -17.317  33.145 0.0000000000
86420  55.458  5.268  6.559 0.0000000000
86394  52.021  4.386  7.771 0.0000000000
84228  53.855  3.212  7.559 0.0000000000
80593  45.655  -0.658  13.680 0.0000000000
79405  47.074  -1.891  14.357 0.0000000000
79422  45.864  -1.343  13.941 0.0000000000
62062  32.563  -15.175  30.194 0.0000000000
60802  33.672  -15.576  29.645 0.0000000000
59574  34.022  -17.071  30.463 0.0000000000
82988  44.559  1.138  13.817 0.0000000000
84136  45.292  2.508  13.567 0.0000000000
81809  45.507  0.433  13.368 0.0000000000
81828  46.329  0.614  12.731 0.0000000000
51184  6.013  -22.744  49.091 0.0000000000
82947  38.484  1.479  17.685 0.0000000000
82936  37.579  1.425  18.974 0.0000000000
72001  34.621  -7.170  20.162 0.0000000000
72000  35.545  -7.620  19.827 0.0000000000
69711  35.175  -9.129  20.568 0.0000000000
68459  37.027  -10.147  21.722 0.0000000000
69693  35.334  -9.658  21.485 0.0000000000
60638  12.231  -16.320  39.053 0.0000000000
59465  13.294  -17.336  38.652 0.0000000000
59450  12.528  -17.346  39.182 0.0000000000
58184  12.042  -18.093  39.565 0.0000000000
59432  11.204  -17.257  40.042 0.0000000000
63397  26.671  -13.690  31.937 0.0000000000
63431  26.028  -15.051  30.572 0.0000000000
63398  25.489  -13.345  32.220 0.0000000000
60701  21.085  -16.401  36.432 0.0000000000
73099  27.353  -6.623  28.198 0.0000000000
68327  35.394  -9.839  30.011 0.0000000000
75804  33.818  -4.420  20.943 0.0000000000
75793  32.822  -4.216  21.758 0.0000000000
63375  18.612  -14.572  34.509 0.0000000000
61991  18.189  -15.499  35.185 0.0000000000
63357  17.358  -14.611  34.980 0.0000000000
64643  15.078  -13.684  36.394 0.0000000000
65872  14.274  -12.918  37.251 0.0000000000
64630  13.515  -13.977  37.573 0.0000000000
67106  24.089  -11.312  34.171 0.0000000000
67068  19.401  -11.716  34.741 0.0000000000
65918  20.328  -12.549  33.967 0.0000000000
64672  19.039  -13.707  34.304 0.0000000000
63374  19.769  -14.902  34.483 0.0000000000
67159  28.848  -11.119  29.503 0.0000000000
66008  31.163  -12.534  29.391 0.0000000000
62074  35.547  -15.178  29.129 0.0000000000
63463  34.655  -14.140  27.673 0.0000000000
63439  36.458  -14.553  28.961 0.0000000000
64722  37.332  -13.481  29.345 0.0000000000
63421  37.650  -14.251  30.173 0.0000000000
85251  46.945  3.846  12.744 0.0000000000
86386  48.907  4.419  10.797 0.0000000000
85272  48.196  3.653  11.482 0.0000000000
80613  48.485  -0.057  12.475 0.0000000000
81846  49.238  0.804  11.425 0.0000000000
80611  50.443  -0.488  12.450 0.0000000000
82961  41.681  1.326  15.615 0.0000000000
80556  42.488  -0.135  15.251 0.0000000000
81772  41.045  0.620  15.998 0.0000000000
79355  39.355  -1.318  17.355 0.0000000000
79354  40.375  -1.452  17.112 0.0000000000
77084  40.037  -2.630  17.640 0.0000000000
77058  41.359  -3.722  17.989 0.0000000000
75828  40.529  -4.442  17.962 0.0000000000
78233  36.024  -2.150  19.799 0.0000000000
78257  36.564  -2.203  18.696 0.0000000000
77063  36.500  -3.117  18.684 0.0000000000
72015  38.248  -7.723  19.398 0.0000000000
73225  37.844  -5.740  18.597 0.0000000000
73207  39.080  -6.872  18.930 0.0000000000
73206  40.238  -6.729  18.872 0.0000000000
58281  30.516  -18.699  32.481 0.0000000000
58258  31.851  -18.954  33.360 0.0000000000
84090  41.815  3.409  17.485 0.0000000000
84101  41.742  2.665  16.418 0.0000000000
82959  42.918  1.835  15.100 0.0000000000
60682  16.797  -16.674  37.436 0.0000000000
60636  16.430  -17.291  39.023 0.0000000000
55518  11.584  -20.648  41.553 0.0000000000
54083  12.265  -20.883  42.687 0.0000000000
54084  11.667  -21.244  42.509 0.0000000000
54085  10.634  -21.928  42.666 0.0000000000
61878  10.857  -15.269  43.215 0.0000000000
60603  10.660  -16.529  41.656 0.0000000000
60579  10.437  -16.753  43.430 0.0000000000
58104  9.317  -18.405  44.449 0.0000000000
58136  9.374  -19.020  42.784 0.0000000000
56815  8.473  -20.408  43.668 0.0000000000
52703  8.733  -22.215  43.109 0.0000000000
54049  8.177  -21.782  43.989 0.0000000000
52672  7.740  -22.900  44.533 0.0000000000
54031  7.877  -21.435  44.847 0.0000000000
55429  8.118  -20.018  47.127 0.0000000000
54005  7.715  -20.893  46.837 0.0000000000
55430  7.647  -20.555  47.744 0.0000000000
53992  7.265  -21.038  48.345 0.0000000000
55415  7.640  -20.227  48.515 0.0000000000
63411  29.615  -14.340  31.375 0.0000000000
62051  30.427  -14.770  30.691 0.0000000000
62065  29.806  -15.130  30.592 0.0000000000
59578  29.945  -16.958  30.726 0.0000000000
59579  28.992  -17.140  30.560 0.0000000000
59560  25.845  -17.462  31.592 0.0000000000
59535  27.247  -18.314  31.903 0.0000000000
58285  26.807  -18.785  32.584 0.0000000000
63401  22.807  -13.873  33.024 0.0000000000
62040  22.989  -15.176  32.370 0.0000000000
62027  23.059  -15.671  33.567 0.0000000000
59495  23.733  -17.211  35.530 0.0000000000
78298  44.445  -2.930  16.515 0.0000000000
78297  45.595  -2.999  16.638 0.0000000000
78278  44.919  -3.228  17.742 0.0000000000
74438  29.814  -4.992  23.002 0.0000000000
73174  30.936  -5.923  22.189 0.0000000000
73163  30.203  -6.317  22.652 0.0000000000
68411  29.269  -10.813  26.905 0.0000000000
69623  27.653  -9.096  26.358 0.0000000000
69621  29.807  -10.073  26.153 0.0000000000
70800  33.354  -8.752  26.558 0.0000000000
70817  31.288  -9.230  25.442 0.0000000000
70816  32.464  -9.140  25.465 0.0000000000
70829  32.553  -9.204  24.193 0.0000000000
70814  34.768  -9.163  25.756 0.0000000000
69637  35.211  -9.447  25.137 0.0000000000
59513  35.368  -18.133  33.446 0.0000000000
87476  54.835  5.840  6.903 0.0000000000
85291  50.510  3.740  9.013 0.0000000000
86396  50.719  5.317  8.646 0.0000000000
85290  51.239  3.128  8.816 0.0000000000
84209  53.613  2.514  8.223 0.0000000000
84208  54.553  2.055  8.323 0.0000000000
65903  18.335  -12.122  35.126 0.0000000000
65904  17.223  -12.947  35.138 0.0000000000
80591  47.849  -0.615  13.036 0.0000000000
79403  49.361  -1.778  14.484 0.0000000000
79404  48.172  -2.068  14.519 0.0000000000
64715  32.518  -13.447  30.081 0.0000000000
64725  32.461  -13.604  29.330 0.0000000000
63442  33.126  -14.561  29.441 0.0000000000
62075  34.544  -15.239  29.150 0.0000000000
60777  36.286  -16.102  30.241 0.0000000000
85230  45.529  3.803  15.093 0.0000000000
85240  45.399  3.340  14.088 0.0000000000
84135  45.885  2.969  13.213 0.0000000000
84150  46.938  2.749  12.168 0.0000000000
84163  47.590  2.519  11.698 0.0000000000
83004  47.164  1.795  12.047 0.0000000000
80614  47.673  0.188  12.494 0.0000000000
51210  6.449  -23.720  47.934 0.0000000000
82945  39.897  2.107  16.767 0.0000000000
81773  40.527  0.635  16.297 0.0000000000
82946  39.040  1.511  17.081 0.0000000000
80529  39.021  -0.208  17.193 0.0000000000
79356  38.371  -1.139  17.733 0.0000000000
74486  35.133  -5.215  19.777 0.0000000000
75814  36.169  -4.525  19.076 0.0000000000
73210  35.889  -6.216  19.209 0.0000000000
70891  36.547  -7.808  19.581 0.0000000000
70889  37.958  -8.644  19.802 0.0000000000
70863  38.429  -9.589  21.193 0.0000000000
69676  38.382  -9.960  22.886 0.0000000000
56949  29.453  -19.553  34.279 0.0000000000
60685  14.147  -16.470  37.539 0.0000000000
59462  15.414  -17.407  38.923 0.0000000000
59464  14.098  -17.634  38.590 0.0000000000
58182  13.759  -18.442  39.783 0.0000000000
58151  13.904  -18.975  40.966 0.0000000000
56861  11.817  -19.540  40.379 0.0000000000
56862  10.968  -19.324  40.605 0.0000000000
60565  10.299  -16.816  44.301 0.0000000000
59334  9.505  -17.715  45.517 0.0000000000
58092  9.179  -18.381  45.158 0.0000000000
56786  8.561  -19.734  45.409 0.0000000000
56769  8.793  -18.871  46.186 0.0000000000
58068  8.635  -18.904  46.931 0.0000000000
56742  9.037  -18.713  48.621 0.0000000000
63413  27.805  -14.270  31.281 0.0000000000
60786  27.436  -16.394  30.437 0.0000000000
62068  26.968  -15.603  30.467 0.0000000000
60788  25.908  -16.020  30.619 0.0000000000
59561  25.082  -17.166  31.860 0.0000000000
62011  21.313  -15.332  34.785 0.0000000000
62010  22.299  -15.586  34.565 0.0000000000
61987  22.207  -16.116  35.762 0.0000000000
77056  43.597  -3.585  18.731 0.0000000000
73143  27.822  -6.512  25.250 0.0000000000
68385  33.985  -10.631  27.551 0.0000000000
69598  31.998  -9.843  26.907 0.0000000000
68365  34.176  -10.101  28.253 0.0000000000
70757  34.630  -9.129  29.095 0.0000000000
89611  52.848  7.838  8.266 0.0000000000
53981  5.479  -21.613  49.085 0.0000000000
80471  36.650  -0.871  20.763 0.0000000000
78217  36.066  -2.018  20.902 0.0000000000
75802  35.142  -4.000  20.472 0.0000000000
74470  34.525  -5.477  20.099 0.0000000000
73193  33.984  -6.303  20.345 0.0000000000
72002  33.390  -7.407  20.648 0.0000000000
60702  20.010  -16.473  36.479 0.0000000000
60656  19.231  -17.201  38.243 0.0000000000
60704  18.205  -16.679  36.723 0.0000000000
60705  17.313  -16.578  36.785 0.0000000000
61969  16.409  -16.008  36.404 0.0000000000
64658  15.913  -13.720  35.727 0.0000000000
63341  15.318  -14.520  36.077 0.0000000000
61950  14.400  -15.661  36.895 0.0000000000
63331  13.627  -14.659  37.256 0.0000000000
63319  12.794  -14.570  38.214 0.0000000000
63307  12.337  -14.598  38.977 0.0000000000
64694  24.551  -12.874  32.391 0.0000000000
64682  24.241  -12.434  32.738 0.0000000000
65958  23.360  -12.753  32.956 0.0000000000
64684  22.025  -13.451  33.665 0.0000000000
67087  21.168  -11.610  34.042 0.0000000000
65940  21.209  -12.499  33.721 0.0000000000
64670  21.277  -13.954  34.144 0.0000000000
62012  20.847  -15.279  34.817 0.0000000000
60724  20.520  -16.170  35.853 0.0000000000
70745  27.940  -8.614  30.713 0.0000000000
71891  27.321  -8.049  29.229 0.0000000000
69573  27.825  -9.676  29.267 0.0000000000
67198  28.839  -11.296  28.247 0.0000000000
67196  30.366  -11.667  26.925 0.0000000000
64734  32.929  -13.961  27.938 0.0000000000
66049  32.289  -12.707  26.998 0.0000000000
67193  33.777  -11.479  26.977 0.0000000000
66023  35.899  -11.884  28.224 0.0000000000
65989  37.480  -12.045  30.361 0.0000000000
87440  49.666  5.358  10.217 0.0000000000
85292  49.786  4.177  9.678 0.0000000000
84179  49.781  2.581  10.058 0.0000000000
83017  48.403  1.667  11.343 0.0000000000
83016  49.574  1.289  10.924 0.0000000000
81794  43.502  0.586  14.502 0.0000000000
79408  44.355  -1.185  14.597 0.0000000000
80555  43.090  -0.402  14.903 0.0000000000
79369  42.800  -1.653  16.035 0.0000000000
78300  42.370  -2.128  16.679 0.0000000000
79372  40.513  -0.732  16.612 0.0000000000
78301  41.713  -1.787  16.825 0.0000000000
78280  42.725  -2.760  17.261 0.0000000000
77057  42.477  -3.859  18.409 0.0000000000
77040  42.709  -4.310  18.666 0.0000000000
80502  36.948  0.104  19.178 0.0000000000
79337  37.409  -1.369  18.141 0.0000000000
77061  38.127  -3.063  17.906 0.0000000000
74506  36.862  -4.695  18.556 0.0000000000
74505  37.668  -4.878  18.252 0.0000000000
75829  39.421  -4.299  17.958 0.0000000000
74483  40.269  -5.933  18.470 0.0000000000
59576  31.926  -17.094  30.500 0.0000000000
59552  33.631  -17.659  31.361 0.0000000000
59529  33.105  -18.433  32.439 0.0000000000
58256  33.603  -18.750  33.737 0.0000000000
84109  43.445  2.510  15.412 0.0000000000
84122  43.520  1.992  14.730 0.0000000000
63297  11.648  -14.724  40.644 0.0000000000
63285  11.470  -14.733  41.397 0.0000000000
61912  11.448  -15.438  40.695 0.0000000000
60617  10.786  -16.812  40.883 0.0000000000
58172  10.510  -18.455  40.913 0.0000000000
56843  10.322  -19.392  41.125 0.0000000000
58135  9.638  -18.181  43.115 0.0000000000
58153  9.542  -19.300  42.174 0.0000000000
55520  9.612  -20.573  41.763 0.0000000000
54086  9.456  -21.704  42.408 0.0000000000
52687  9.482  -22.939  43.248 0.0000000000
51222  7.389  -23.663  46.028 0.0000000000
54017  7.752  -21.188  45.827 0.0000000000
54018  7.623  -21.888  46.597 0.0000000000
52632  7.214  -22.457  47.339 0.0000000000
52633  6.572  -22.886  47.972 0.0000000000
52619  6.433  -22.380  48.708 0.0000000000
52604  6.358  -21.739  49.131 0.0000000000
53963  7.596  -19.908  49.423 0.0000000000
52590  6.844  -21.078  49.227 0.0000000000
52591  6.464  -20.992  49.510 0.0000000000
62049  32.223  -14.739  30.615 0.0000000000
62063  31.783  -15.121  30.450 0.0000000000
60782  31.366  -16.133  30.305 0.0000000000
59577  30.915  -17.003  30.625 0.0000000000
59532  30.041  -18.102  31.923 0.0000000000
58282  29.648  -18.616  32.501 0.0000000000
59580  28.006  -17.152  30.673 0.0000000000
59534  28.215  -18.253  31.898 0.0000000000
58246  29.112  -19.368  33.728 0.0000000000
63416  24.580  -14.370  31.443 0.0000000000
60767  24.259  -16.418  31.895 0.0000000000
59517  24.467  -17.360  33.485 0.0000000000
60736  23.150  -16.488  35.011 0.0000000000
59505  24.458  -17.571  34.297 0.0000000000
59504  24.981  -17.898  33.859 0.0000000000
79388  45.680  -2.190  14.948 0.0000000000
74450  31.593  -5.089  21.925 0.0000000000
71991  31.884  -6.804  21.417 0.0000000000
70866  32.711  -8.273  21.526 0.0000000000
71917  27.035  -7.820  27.487 0.0000000000
71947  27.574  -7.512  25.728 0.0000000000
71958  28.553  -7.424  24.573 0.0000000000
69639  31.221  -9.520  25.998 0.0000000000
70818  30.007  -9.097  25.020 0.0000000000
70845  29.970  -8.348  23.863 0.0000000000
70843  31.435  -8.544  23.067 0.0000000000
70842  32.262  -8.928  22.959 0.0000000000
69681  33.684  -9.128  22.128 0.0000000000
69667  35.625  -9.943  23.503 0.0000000000
59551  34.710  -17.386  31.293 0.0000000000
59550  35.422  -16.922  31.167 0.0000000000
60753  36.565  -16.624  32.001 0.0000000000
60732  37.621  -16.657  34.170 0.0000000000
62035  37.880  -15.357  32.565 0.0000000000
87490  56.533  6.113  5.772 0.0000000000
87445  51.803  6.426  8.244 0.0000000000
87458  53.093  5.982  7.426 0.0000000000
84210  52.639  2.825  8.409 0.0000000000
85313  52.695  4.414  7.489 0.0000000000
86406  54.264  4.820  7.085 0.0000000000
85326  54.932  4.731  6.812 0.0000000000
85325  55.533  4.355  6.640 0.0000000000
80571  45.269  -0.834  14.067 0.0000000000
60780  33.415  -16.118  29.914 0.0000000000
59575  32.974  -16.987  30.589 0.0000000000
81793  44.345  0.413  14.078 0.0000000000
81810  44.902  0.679  13.667 0.0000000000
70877  34.098  -8.102  20.407 0.0000000000
70876  34.998  -8.208  20.260 0.0000000000
69694  34.325  -9.191  21.305 0.0000000000
60639  11.718  -16.557  39.666 0.0000000000
59451  11.793  -17.403  39.594 0.0000000000
61925  11.589  -15.942  40.113 0.0000000000
63384  26.834  -13.134  33.047 0.0000000000
63415  25.783  -14.372  30.922 0.0000000000
60678  20.587  -16.871  37.394 0.0000000000
60677  21.511  -16.898  37.359 0.0000000000
73082  27.509  -6.532  29.274 0.0000000000
64673  18.133  -13.753  34.493 0.0000000000
63376  17.906  -14.308  34.630 0.0000000000
64674  17.475  -13.758  34.779 0.0000000000
65902  18.902  -11.962  34.721 0.0000000000
65919  19.228  -12.523  34.339 0.0000000000
67157  30.141  -11.462  30.306 0.0000000000
62073  36.393  -15.357  29.666 0.0000000000
63422  36.998  -14.818  29.708 0.0000000000
63438  37.136  -14.247  29.383 0.0000000000
62059  37.681  -14.895  30.885 0.0000000000
86364  47.193  4.232  12.911 0.0000000000
86371  47.517  4.082  12.438 0.0000000000
85261  47.847  3.882  11.953 0.0000000000
85273  47.778  3.137  11.615 0.0000000000
80590  49.003  -0.838  12.985 0.0000000000
80612  49.432  -0.332  12.430 0.0000000000
49955  7.317  -24.402  46.571 0.0000000000
82952  41.088  1.453  15.935 0.0000000000
81782  41.658  0.563  15.622 0.0000000000
78283  39.775  -2.125  17.501 0.0000000000
77059  40.223  -3.316  17.785 0.0000000000
70888  38.751  -8.434  19.917 0.0000000000
72014  39.576  -7.719  19.552 0.0000000000
58260  30.116  -19.108  33.102 0.0000000000
58259  30.985  -19.124  33.187 0.0000000000
84111  41.800  1.880  15.709 0.0000000000
60659  16.594  -17.048  38.339 0.0000000000
54103  10.912  -21.188  41.858 0.0000000000
60578  10.805  -16.034  43.005 0.0000000000
56814  8.834  -19.613  43.467 0.0000000000
55485  8.395  -21.110  43.432 0.0000000000
55470  8.154  -20.855  44.217 0.0000000000
55414  8.081  -19.789  48.021 0.0000000000
63427  29.012  -14.703  30.824 0.0000000000
60784  29.382  -16.208  30.429 0.0000000000
59537  25.501  -17.773  32.487 0.0000000000
59536  26.328  -18.123  32.090 0.0000000000
58286  26.041  -18.431  32.782 0.0000000000
58264  26.256  -19.005  33.548 0.0000000000
63386  22.471  -14.134  33.382 0.0000000000
62041  22.759  -14.413  32.892 0.0000000000
62028  22.501  -14.948  33.386 0.0000000000
74440  28.574  -5.439  24.315 0.0000000000
74439  29.122  -4.962  23.857 0.0000000000
73164  29.364  -6.089  23.378 0.0000000000
67214  29.885  -11.160  26.796 0.0000000000
68410  30.361  -10.710  26.552 0.0000000000
70783  34.212  -8.673  27.595 0.0000000000
70815  33.667  -9.118  25.370 0.0000000000
88475  54.490  6.955  7.254 0.0000000000
87456  54.851  6.501  7.045 0.0000000000
87457  54.309  5.940  7.085 0.0000000000
65886  18.484  -11.525  36.209 0.0000000000
67052  18.865  -11.640  35.324 0.0000000000
79419  48.596  -1.401  13.689 0.0000000000
79420  47.493  -1.359  13.755 0.0000000000
64714  32.592  -13.674  30.453 0.0000000000
64724  32.695  -13.910  29.743 0.0000000000
60779  34.493  -16.423  29.951 0.0000000000
60801  34.179  -15.752  29.592 0.0000000000
60800  35.005  -15.919  29.468 0.0000000000
60799  35.776  -15.883  29.634 0.0000000000
60778  35.409  -16.413  30.151 0.0000000000
85231  44.792  3.289  14.869 0.0000000000
84120  44.974  2.853  14.150 0.0000000000
84151  46.236  2.537  12.717 0.0000000000
83005  46.316  1.420  12.533 0.0000000000
81807  46.960  0.037  12.804 0.0000000000
84092  39.516  2.594  17.502 0.0000000000
82954  39.665  1.418  16.667 0.0000000000
81750  37.810  0.829  18.109 0.0000000000
81764  38.330  0.724  17.555 0.0000000000
80530  38.149  -0.238  17.708 0.0000000000
73211  35.111  -6.016  19.639 0.0000000000
74485  35.680  -5.329  19.362 0.0000000000
72018  35.376  -6.801  19.693 0.0000000000
70875  36.101  -8.460  19.988 0.0000000000
71999  36.082  -7.794  19.652 0.0000000000
70890  37.198  -8.191  19.681 0.0000000000
70873  38.321  -9.281  20.523 0.0000000000
69709  37.278  -9.692  20.943 0.0000000000
68444  36.824  -10.246  22.154 0.0000000000
69691  37.383  -10.047  21.673 0.0000000000
69677  37.328  -10.174  22.561 0.0000000000
84091  40.641  3.032  17.160 0.0000000000
60661  14.591  -17.169  38.062 0.0000000000
60662  13.585  -16.780  38.108 0.0000000000
59449  13.543  -18.014  39.121 0.0000000000
58169  13.396  -18.937  40.338 0.0000000000
55538  11.253  -20.116  40.760 0.0000000000
58079  9.061  -18.368  46.108 0.0000000000
56785  8.852  -18.974  45.653 0.0000000000
56754  8.889  -18.724  48.020 0.0000000000
63396  27.490  -13.925  31.971 0.0000000000
63429  27.375  -14.833  30.657 0.0000000000
63430  26.543  -14.917  30.636 0.0000000000
62053  25.646  -15.496  30.678 0.0000000000
60766  25.448  -16.521  31.042 0.0000000000
61988  21.620  -15.749  35.439 0.0000000000
61964  21.717  -16.114  36.105 0.0000000000
74412  28.058  -5.429  25.879 0.0000000000
73132  27.636  -6.144  26.226 0.0000000000
67171  35.190  -10.968  28.167 0.0000000000
68384  34.658  -10.624  28.035 0.0000000000
68364  35.035  -10.229  28.752 0.0000000000
69561  35.333  -9.414  30.127 0.0000000000
69572  34.926  -9.451  29.542 0.0000000000
69571  34.984  -9.109  29.946 0.0000000000
75816  34.946  -4.732  20.144 0.0000000000
75803  34.448  -4.408  20.627 0.0000000000
74472  33.253  -5.372  20.898 0.0000000000
74471  33.737  -5.270  20.581 0.0000000000
60703  19.121  -16.531  36.757 0.0000000000
61967  18.690  -16.272  35.988 0.0000000000
61992  16.942  -15.389  35.510 0.0000000000
61968  17.587  -16.193  36.003 0.0000000000
61993  15.965  -15.192  35.694 0.0000000000
65888  16.042  -12.810  35.973 0.0000000000
65905  16.473  -13.270  35.503 0.0000000000
64644  14.593  -14.091  36.678 0.0000000000
63342  14.842  -14.549  36.397 0.0000000000
61971  14.649  -15.065  36.487 0.0000000000
64618  13.314  -13.516  38.224 0.0000000000
64619  12.740  -14.061  38.645 0.0000000000
64681  25.153  -12.147  32.958 0.0000000000
65936  24.982  -11.383  33.866 0.0000000000
67107  23.105  -11.478  33.753 0.0000000000
65938  22.966  -12.297  33.190 0.0000000000
64683  22.517  -12.841  33.341 0.0000000000
65939  22.100  -12.455  33.508 0.0000000000
64686  20.589  -13.063  33.896 0.0000000000
65941  20.778  -12.841  33.797 0.0000000000
64685  21.021  -13.237  33.844 0.0000000000
63373  20.797  -14.744  34.453 0.0000000000
62013  18.928  -15.284  34.719 0.0000000000
63355  20.179  -15.364  35.061 0.0000000000
61990  19.628  -15.810  35.445 0.0000000000
70758  27.619  -8.757  29.788 0.0000000000
69564  28.339  -9.655  30.441 0.0000000000
66027  29.725  -11.972  28.726 0.0000000000
67173  28.585  -10.977  28.777 0.0000000000
67197  29.378  -11.616  27.714 0.0000000000
66050  31.199  -12.480  27.332 0.0000000000
63452  33.109  -14.228  28.454 0.0000000000
64735  32.542  -13.639  28.256 0.0000000000
64754  35.100  -13.370  27.358 0.0000000000
64755  34.094  -13.477  27.127 0.0000000000
66048  33.434  -12.578  26.834 0.0000000000
66047  34.496  -12.477  27.153 0.0000000000
66046  35.632  -12.427  27.716 0.0000000000
64713  37.712  -13.097  29.941 0.0000000000
66005  37.213  -12.592  29.462 0.0000000000
86345  46.844  4.498  14.451 0.0000000000
87439  50.030  6.008  10.660 0.0000000000
87431  49.249  5.322  11.094 0.0000000000
85283  48.832  3.986  10.768 0.0000000000
86385  49.219  4.614  10.486 0.0000000000
85282  49.357  3.613  10.178 0.0000000000
84200  50.019  3.344  9.691 0.0000000000
83003  47.797  1.536  11.749 0.0000000000
83018  47.708  1.878  11.671 0.0000000000
83015  50.078  1.160  10.805 0.0000000000
80573  43.742  -0.418  14.571 0.0000000000
80574  43.066  0.052  14.735 0.0000000000
80557  41.738  -0.506  15.864 0.0000000000
79392  42.335  -0.996  15.775 0.0000000000
79370  42.035  -1.492  16.294 0.0000000000
80542  40.172  -0.093  16.532 0.0000000000
78282  40.660  -2.350  17.562 0.0000000000
79353  41.183  -1.766  17.185 0.0000000000
78281  41.716  -2.398  17.351 0.0000000000
78253  42.091  -3.191  17.770 0.0000000000
78252  43.105  -3.292  17.954 0.0000000000
75827  41.602  -4.589  18.229 0.0000000000
75826  42.343  -4.519  18.485 0.0000000000
75813  42.091  -5.017  18.451 0.0000000000
81736  37.232  0.704  19.707 0.0000000000
80503  36.645  -0.504  19.418 0.0000000000
79338  36.756  -1.004  18.758 0.0000000000
78256  37.517  -2.342  18.090 0.0000000000
74484  36.395  -5.448  18.879 0.0000000000
73226  37.104  -5.440  18.583 0.0000000000
73224  38.809  -6.032  18.515 0.0000000000
74504  38.627  -5.096  18.202 0.0000000000
75830  38.370  -4.137  17.978 0.0000000000
74503  39.719  -5.361  18.197 0.0000000000
59554  31.456  -17.669  31.254 0.0000000000
59553  32.515  -17.723  31.325 0.0000000000
59530  31.973  -18.318  32.006 0.0000000000
58242  32.103  -19.123  34.154 0.0000000000
58257  32.759  -18.803  33.373 0.0000000000
84108  44.302  2.943  15.555 0.0000000000
82972  42.767  1.323  14.980 0.0000000000
82971  43.209  1.338  14.701 0.0000000000
60680  18.737  -16.930  37.486 0.0000000000
60657  18.346  -17.317  38.246 0.0000000000
59463  14.994  -17.510  38.834 0.0000000000
55499  12.838  -20.451  42.763 0.0000000000
63284  11.734  -14.074  40.858 0.0000000000
63272  11.290  -14.767  42.416 0.0000000000
60602  11.010  -16.037  41.268 0.0000000000
60592  10.512  -16.652  42.434 0.0000000000
59413  10.371  -17.407  41.569 0.0000000000
59373  9.937  -17.567  43.865 0.0000000000
58118  9.637  -18.110  43.710 0.0000000000
56827  9.194  -19.921  42.367 0.0000000000
54105  9.534  -21.132  41.988 0.0000000000
52688  8.457  -22.726  43.552 0.0000000000
52702  9.101  -22.372  42.901 0.0000000000
51267  9.260  -23.476  43.682 0.0000000000
54050  7.891  -22.136  44.583 0.0000000000
52659  7.482  -23.052  45.472 0.0000000000
55442  8.098  -20.270  46.132 0.0000000000
55453  8.156  -20.576  45.143 0.0000000000
52618  6.976  -21.982  48.181 0.0000000000
52581  6.990  -20.797  49.408 0.0000000000
53966  6.183  -20.529  49.662 0.0000000000
63424  32.416  -14.593  30.576 0.0000000000
62064  30.813  -15.178  30.303 0.0000000000
63425  31.152  -14.669  30.661 0.0000000000
59555  30.469  -17.594  31.274 0.0000000000
59533  29.148  -18.189  31.891 0.0000000000
58283  28.774  -18.635  32.557 0.0000000000
58262  28.404  -19.227  33.252 0.0000000000
56967  27.764  -19.498  33.747 0.0000000000
63399  24.119  -13.584  31.902 0.0000000000
63417  23.612  -14.485  31.768 0.0000000000
60768  23.606  -15.787  32.120 0.0000000000
59538  24.726  -17.217  32.641 0.0000000000
60755  24.084  -16.793  33.021 0.0000000000
60737  22.566  -16.197  35.306 0.0000000000
62009  23.031  -16.053  34.270 0.0000000000
58232  24.611  -18.018  35.790 0.0000000000
59506  23.842  -17.179  34.635 0.0000000000
59494  24.476  -17.695  35.217 0.0000000000
79389  44.718  -1.948  14.979 0.0000000000
75778  32.321  -3.838  22.229 0.0000000000
75779  31.380  -4.120  22.702 0.0000000000
71981  30.901  -6.822  22.222 0.0000000000
73173  31.384  -6.366  21.777 0.0000000000
71990  32.473  -7.622  21.276 0.0000000000
71979  32.066  -7.948  21.767 0.0000000000
70759  27.399  -8.872  28.784 0.0000000000
71903  27.126  -7.780  28.390 0.0000000000
70772  27.186  -8.719  27.807 0.0000000000
70803  28.003  -8.852  25.793 0.0000000000
70804  27.493  -8.349  26.126 0.0000000000
70820  28.255  -8.231  25.198 0.0000000000
71946  27.991  -7.435  25.120 0.0000000000
70833  28.814  -8.191  24.757 0.0000000000
69597  32.575  -9.596  27.481 0.0000000000
69619  31.707  -9.623  26.463 0.0000000000
69618  32.233  -9.399  26.970 0.0000000000
70831  30.422  -8.843  24.376 0.0000000000
70844  30.564  -8.402  23.560 0.0000000000
69656  33.273  -9.402  23.975 0.0000000000
69670  32.914  -9.261  23.409 0.0000000000
69669  33.696  -9.422  23.183 0.0000000000
70841  32.942  -9.061  22.580 0.0000000000
69680  34.519  -9.537  22.340 0.0000000000
69668  34.702  -9.667  23.380 0.0000000000
69653  35.832  -9.790  24.439 0.0000000000
59528  34.439  -17.920  32.305 0.0000000000
59527  35.690  -17.320  32.145 0.0000000000
59526  36.379  -17.005  32.523 0.0000000000
60745  36.818  -16.659  32.810 0.0000000000
60744  37.501  -16.168  33.202 0.0000000000
63390  38.010  -14.860  32.000 0.0000000000
87474  55.928  5.889  6.230 0.0000000000
88487  56.323  6.824  6.157 0.0000000000
86419  56.178  5.098  6.092 0.0000000000
86395  51.413  4.968  8.023 0.0000000000
87446  51.466  5.917  8.355 0.0000000000
86409  51.812  5.596  7.968 0.0000000000
87459  52.157  6.078  7.931 0.0000000000
86408  52.334  5.199  7.620 0.0000000000
85296  53.171  3.180  7.833 0.0000000000
85312  53.455  3.976  7.357 0.0000000000
85311  54.574  3.851  7.084 0.0000000000
79421  46.480  -1.352  13.800 0.0000000000
79406  46.173  -1.759  14.364 0.0000000000
84137  44.625  1.816  13.880 0.0000000000
82987  45.140  1.348  13.398 0.0000000000
83006  45.748  1.003  12.909 0.0000000000
81829  45.918  0.516  13.008 0.0000000000
81808  46.177  0.033  13.124 0.0000000000
84093  38.702  2.115  17.930 0.0000000000
84078  38.416  2.362  18.880 0.0000000000
82935  38.004  1.495  18.352 0.0000000000
81751  37.427  0.756  18.749 0.0000000000
69710  36.253  -9.404  20.767 0.0000000000
69692  36.511  -10.023  21.720 0.0000000000
69678  36.361  -10.196  22.676 0.0000000000
60663  12.842  -16.608  38.574 0.0000000000
58185  11.543  -17.808  39.737 0.0000000000
59319  9.556  -17.679  46.495 0.0000000000
73117  27.514  -6.232  27.137 0.0000000000
67155  36.544  -10.946  29.851 0.0000000000
68363  35.599  -10.456  29.222 0.0000000000
68345  36.282  -10.382  30.365 0.0000000000
75791  34.305  -3.616  21.375 0.0000000000
75792  33.508  -4.108  21.523 0.0000000000
74460  32.752  -5.203  21.258 0.0000000000
63356  18.090  -14.825  34.767 0.0000000000
65889  15.375  -13.083  36.283 0.0000000000
65871  14.957  -12.789  36.897 0.0000000000
64628  14.658  -13.289  36.748 0.0000000000
64629  14.100  -13.531  37.138 0.0000000000
67067  20.254  -11.299  34.900 0.0000000000
67088  20.234  -11.809  34.199 0.0000000000
67089  19.757  -12.094  34.219 0.0000000000
68330  28.717  -10.410  30.426 0.0000000000
67158  29.508  -11.351  29.937 0.0000000000
66010  29.678  -11.698  29.304 0.0000000000
66026  30.360  -12.380  28.653 0.0000000000
62083  35.006  -14.970  28.727 0.0000000000
63464  33.720  -14.069  27.799 0.0000000000
63450  35.241  -14.563  28.286 0.0000000000
63449  35.985  -14.244  28.182 0.0000000000
64733  36.529  -13.572  28.378 0.0000000000
66045  36.270  -12.946  27.989 0.0000000000
64723  36.952  -13.873  28.920 0.0000000000
63406  38.183  -14.331  31.349 0.0000000000
86365  46.725  4.094  13.188 0.0000000000
86363  48.141  4.869  13.192 0.0000000000
86377  48.984  4.911  10.865 0.0000000000
86378  48.735  4.642  11.166 0.0000000000
81847  48.626  0.906  11.666 0.0000000000
81825  48.917  0.360  11.955 0.0000000000
81824  49.830  0.029  11.735 0.0000000000
81823  50.931  0.068  11.844 0.0000000000
82960  42.278  1.331  15.338 0.0000000000
81781  42.284  0.614  15.266 0.0000000000
79322  36.353  -1.289  19.498 0.0000000000
75832  36.620  -3.805  18.641 0.0000000000
72016  37.175  -7.336  19.290 0.0000000000
73208  38.006  -6.657  18.991 0.0000000000
58280  31.457  -18.705  32.599 0.0000000000
84089  42.787  3.265  17.342 0.0000000000
84110  42.477  2.255  15.652 0.0000000000
60658  17.421  -17.175  38.280 0.0000000000
55537  12.045  -20.184  40.935 0.0000000000
55500  12.185  -20.738  42.220 0.0000000000
54066  11.597  -21.881  43.670 0.0000000000
52686  10.377  -22.832  43.515 0.0000000000
61891  10.960  -15.469  42.514 0.0000000000
60591  10.794  -15.964  42.122 0.0000000000
59394  10.049  -17.458  42.717 0.0000000000
58119  9.305  -18.620  43.741 0.0000000000
56828  8.658  -20.513  42.913 0.0000000000
55502  8.725  -21.324  42.765 0.0000000000
54068  8.532  -21.847  43.247 0.0000000000
52689  8.116  -23.328  44.077 0.0000000000
52671  8.052  -22.382  44.141 0.0000000000
53979  7.297  -20.484  49.036 0.0000000000
53952  6.168  -20.182  49.786 0.0000000000
59559  26.708  -17.698  31.402 0.0000000000
58263  27.344  -19.279  33.166 0.0000000000
56968  26.975  -19.527  33.844 0.0000000000
63400  23.153  -13.941  32.370 0.0000000000
59484  23.604  -17.316  36.331 0.0000000000
78315  44.130  -2.331  15.666 0.0000000000
78314  45.115  -2.585  15.713 0.0000000000
75761  29.874  -3.792  23.706 0.0000000000
75780  30.546  -4.238  23.026 0.0000000000
74451  30.658  -5.055  22.441 0.0000000000
69599  28.158  -10.194  27.102 0.0000000000
69600  27.561  -9.556  27.097 0.0000000000
69622  28.530  -9.777  26.325 0.0000000000
69641  29.410  -9.421  25.587 0.0000000000
70784  33.121  -8.890  27.603 0.0000000000
70801  32.321  -9.147  26.517 0.0000000000
70828  33.346  -9.331  24.535 0.0000000000
69654  34.956  -9.646  24.328 0.0000000000
69638  34.502  -9.321  25.013 0.0000000000
59502  36.721  -17.753  34.422 0.0000000000
87475  55.289  6.183  6.730 0.0000000000
86391  50.138  4.749  9.077 0.0000000000
85299  50.751  4.513  8.502 0.0000000000
85298  51.397  3.873  8.238 0.0000000000
84227  54.550  2.761  7.490 0.0000000000
65921  17.731  -13.319  34.702 0.0000000000
65887  17.301  -12.159  36.097 0.0000000000
67069  18.848  -11.812  34.956 0.0000000000
79418  49.673  -1.383  13.607 0.0000000000
65992  32.143  -12.818  30.226 0.0000000000
63443  32.786  -14.113  29.169 0.0000000000
63441  33.945  -14.926  29.155 0.0000000000
62076  33.815  -15.205  29.451 0.0000000000
85253  45.721  3.127  13.492 0.0000000000
85252  46.373  3.644  13.119 0.0000000000
85263  46.685  3.159  12.531 0.0000000000
81827  47.025  0.764  12.277 0.0000000000
51209  7.009  -23.525  47.154 0.0000000000
82953  40.232  1.411  16.429 0.0000000000
81774  39.612  0.633  16.659 0.0000000000
80543  39.642  -0.119  16.774 0.0000000000
81763  38.932  0.650  17.007 0.0000000000
78284  38.743  -2.202  17.650 0.0000000000
75815  35.505  -4.415  19.747 0.0000000000
72017  36.202  -7.149  19.427 0.0000000000
70862  39.041  -9.338  21.327 0.0000000000
69689  39.252  -9.637  22.237 0.0000000000
69708  37.978  -9.790  21.175 0.0000000000
69690  38.289  -9.851  21.843 0.0000000000
69675  39.287  -9.758  23.201 0.0000000000
56948  30.137  -19.463  34.234 0.0000000000
58229  30.702  -19.428  34.363 0.0000000000
56928  30.191  -19.815  34.837 0.0000000000
60684  15.042  -16.675  37.468 0.0000000000
56860  12.879  -19.619  40.961 0.0000000000
58170  12.395  -18.941  39.987 0.0000000000
55539  10.733  -19.847  40.861 0.0000000000
59353  9.918  -17.232  44.878 0.0000000000
59354  9.567  -17.876  44.651 0.0000000000
56802  8.926  -19.097  44.614 0.0000000000
58080  8.769  -18.767  46.572 0.0000000000
56755  8.512  -19.189  47.468 0.0000000000
56743  8.541  -19.189  48.334 0.0000000000
63412  28.641  -14.266  31.382 0.0000000000
63428  28.236  -14.739  30.686 0.0000000000
62067  27.853  -15.533  30.356 0.0000000000
60787  26.444  -16.385  30.589 0.0000000000
62069  26.247  -15.582  30.541 0.0000000000
60765  26.253  -17.125  30.981 0.0000000000
63372  21.543  -14.772  34.204 0.0000000000
60722  22.751  -16.548  35.842 0.0000000000
61963  22.072  -16.267  36.302 0.0000000000
60699  22.413  -16.617  36.528 0.0000000000
60698  23.006  -17.034  36.474 0.0000000000
78251  44.079  -3.278  18.159 0.0000000000
78250  44.550  -3.316  18.233 0.0000000000
74427  28.222  -5.446  24.971 0.0000000000
73154  28.372  -6.266  24.397 0.0000000000
68408  33.273  -10.951  26.810 0.0000000000
68387  32.097  -10.559  26.845 0.0000000000
68386  33.093  -10.424  27.331 0.0000000000
69582  33.139  -9.782  27.916 0.0000000000
69596  33.144  -9.321  27.976 0.0000000000
68347  35.276  -9.953  29.605 0.0000000000
69580  34.444  -9.532  28.712 0.0000000000
70771  33.426  -9.069  28.187 0.0000000000
70770  34.142  -8.987  28.495 0.0000000000
89618  53.299  7.337  7.706 0.0000000000
83046  51.271  1.790  9.706 0.0000000000
52605  5.800  -21.828  49.244 0.0000000000
81708  37.628  0.490  21.207 0.0000000000
80487  36.519  -0.640  20.243 0.0000000000
79311  36.305  -1.349  20.418 0.0000000000
77024  35.711  -2.814  20.321 0.0000000000
77025  35.348  -3.183  20.778 0.0000000000
77042  35.548  -3.586  20.146 0.0000000000
73192  34.612  -6.323  19.999 0.0000000000
70878  33.600  -8.118  20.699 0.0000000000
60679  19.639  -16.779  37.488 0.0000000000
61948  16.163  -16.414  37.057 0.0000000000
61949  15.511  -16.188  36.871 0.0000000000
64657  16.779  -13.778  35.218 0.0000000000
64642  15.569  -13.271  36.060 0.0000000000
64659  15.521  -14.109  35.975 0.0000000000
63359  15.746  -14.524  35.729 0.0000000000
61970  15.271  -15.308  36.245 0.0000000000
61951  13.342  -15.706  37.683 0.0000000000
63318  13.245  -14.304  37.788 0.0000000000
63332  13.048  -14.873  37.668 0.0000000000
61952  12.836  -15.194  37.943 0.0000000000
61937  12.562  -15.592  38.466 0.0000000000
65937  24.043  -11.864  33.268 0.0000000000
65957  23.668  -12.475  32.909 0.0000000000
64696  22.941  -13.227  33.083 0.0000000000
64697  22.585  -13.665  33.314 0.0000000000
65917  20.698  -12.053  33.858 0.0000000000
67109  21.644  -12.029  33.626 0.0000000000
64669  21.743  -14.154  34.000 0.0000000000
61989  20.775  -15.638  35.352 0.0000000000
63354  20.484  -15.221  34.813 0.0000000000
60723  20.950  -16.058  35.862 0.0000000000
71902  27.297  -7.284  29.040 0.0000000000
71890  27.515  -7.609  29.943 0.0000000000
69574  27.596  -9.519  28.697 0.0000000000
68349  28.433  -10.466  29.631 0.0000000000
68367  28.098  -10.389  28.696 0.0000000000
68368  27.879  -10.220  28.133 0.0000000000
68389  29.021  -11.090  27.419 0.0000000000
67215  29.674  -11.363  27.021 0.0000000000
67195  31.616  -11.678  26.847 0.0000000000
66007  31.905  -13.102  28.883 0.0000000000
66024  31.862  -13.101  27.817 0.0000000000
64757  32.411  -13.317  27.558 0.0000000000
67194  32.847  -11.452  26.751 0.0000000000
67192  34.809  -11.413  27.548 0.0000000000
67170  35.830  -11.173  28.640 0.0000000000
66022  36.499  -12.384  28.665 0.0000000000
66006  36.841  -11.810  29.607 0.0000000000
67169  36.387  -11.427  29.194 0.0000000000
87443  49.851  5.356  9.848 0.0000000000
86392  49.719  5.014  9.755 0.0000000000
84178  50.362  2.144  9.910 0.0000000000
84162  48.177  2.717  11.246 0.0000000000
83030  48.579  2.332  10.909 0.0000000000
83029  49.173  2.014  10.600 0.0000000000
83047  50.653  1.963  9.805 0.0000000000
80572  44.832  -0.547  14.174 0.0000000000
79409  43.760  -1.090  14.821 0.0000000000
79391  43.183  -1.029  15.250 0.0000000000
78316  43.481  -1.814  15.712 0.0000000000
78299  43.349  -2.485  16.398 0.0000000000
80541  40.972  -0.123  16.170 0.0000000000
79371  41.269  -1.156  16.482 0.0000000000
77039  43.187  -4.119  19.055 0.0000000000
80517  37.322  -0.332  18.449 0.0000000000
79357  37.774  -0.682  17.959 0.0000000000
79336  38.014  -1.895  17.868 0.0000000000
78255  38.098  -2.385  17.874 0.0000000000
77086  38.831  -2.874  17.653 0.0000000000
75831  37.426  -3.961  18.225 0.0000000000
77060  39.063  -3.423  17.752 0.0000000000
74502  40.788  -5.305  18.200 0.0000000000
74482  41.028  -5.958  18.614 0.0000000000
74481  42.038  -5.704  18.830 0.0000000000
58279  32.309  -18.651  32.790 0.0000000000
58278  32.711  -18.662  32.882 0.0000000000
59515  33.384  -18.643  33.186 0.0000000000
82970  44.006  1.418  14.313 0.0000000000
60634  18.009  -17.404  39.023 0.0000000000
60660  15.652  -17.229  38.499 0.0000000000
63296  12.031  -14.426  39.970 0.0000000000
61911  11.738  -15.004  40.233 0.0000000000
60616  11.299  -16.322  40.442 0.0000000000
59433  10.724  -17.644  40.620 0.0000000000
56844  9.739  -19.687  41.664 0.0000000000
54104  10.092  -21.261  41.838 0.0000000000
52701  9.835  -22.466  42.804 0.0000000000
51266  9.830  -23.296  43.625 0.0000000000
51250  7.953  -23.709  44.535 0.0000000000
52646  7.356  -22.807  46.341 0.0000000000
55401  7.690  -20.010  48.898 0.0000000000
53964  7.155  -20.400  49.528 0.0000000000
69552  28.376  -9.258  31.128 0.0000000000
60785  28.402  -16.347  30.371 0.0000000000
59557  28.586  -17.703  31.253 0.0000000000
59558  27.632  -17.747  31.290 0.0000000000
58261  29.321  -19.087  33.113 0.0000000000
58245  29.780  -19.338  33.738 0.0000000000
62055  23.890  -15.322  31.674 0.0000000000
59516  25.056  -17.675  33.169 0.0000000000
60747  23.527  -16.607  33.833 0.0000000000
59518  23.985  -17.236  33.936 0.0000000000
58248  25.468  -18.492  34.249 0.0000000000
79407  45.304  -1.335  14.304 0.0000000000
78313  46.193  -2.776  15.717 0.0000000000
74449  32.322  -4.698  21.733 0.0000000000
74461  32.171  -5.225  21.599 0.0000000000
73184  31.963  -5.835  21.395 0.0000000000
73183  32.458  -6.419  21.084 0.0000000000
72003  32.818  -6.911  20.850 0.0000000000
71989  32.949  -7.802  20.915 0.0000000000
69695  33.611  -8.777  21.452 0.0000000000
73100  27.020  -7.258  27.879 0.0000000000
73118  27.059  -7.000  27.297 0.0000000000
70786  27.226  -8.563  26.883 0.0000000000
71933  27.186  -7.673  26.637 0.0000000000
73133  27.306  -6.842  26.457 0.0000000000
73153  28.963  -6.790  23.935 0.0000000000
68409  31.365  -10.262  26.581 0.0000000000
69620  30.839  -9.944  26.229 0.0000000000
69640  30.450  -9.552  25.721 0.0000000000
70802  31.685  -9.363  26.090 0.0000000000
70832  29.416  -8.277  24.336 0.0000000000
71957  29.163  -7.498  24.086 0.0000000000
71970  29.706  -7.493  23.468 0.0000000000
71969  30.724  -7.670  22.733 0.0000000000
71968  31.204  -8.014  22.603 0.0000000000
70855  31.833  -8.449  22.513 0.0000000000
70854  32.296  -8.414  22.022 0.0000000000
70853  33.046  -8.688  21.796 0.0000000000
69679  35.479  -9.913  22.516 0.0000000000
69666  36.562  -10.093  23.586 0.0000000000
69652  36.754  -9.895  24.550 0.0000000000
60764  35.857  -16.534  30.807 0.0000000000
60763  36.630  -16.272  31.100 0.0000000000
62048  37.147  -15.835  31.191 0.0000000000
60733  37.001  -16.907  33.551 0.0000000000
60752  37.262  -16.081  32.300 0.0000000000
62047  37.586  -15.391  31.556 0.0000000000
87447  50.894  5.969  8.923 0.0000000000
89612  52.010  7.386  8.450 0.0000000000
88470  52.128  6.927  8.101 0.0000000000
88477  52.800  6.871  7.638 0.0000000000
84198  51.849  2.444  9.053 0.0000000000
84211  51.888  3.131  8.428 0.0000000000
85297  52.430  3.621  7.848 0.0000000000
86407  53.346  5.039  7.245 0.0000000000
86421  54.853  5.450  6.853 0.0000000000
53978  7.828  -19.827  49.032 0.0000000000
54065  12.361  -21.108  43.286 0.0000000000
54087  8.860  -21.901  42.827 0.0000000000
59572  35.397  -16.694  30.679 0.0000000000
60746  23.979  -17.038  33.544 0.0000000000
60754  36.010  -16.719  31.463 0.0000000000
60762  37.079  -16.089  31.633 0.0000000000
61994  15.542  -14.926  35.861 0.0000000000
62014  18.450  -15.069  34.750 0.0000000000
62082  35.388  -14.818  28.742 0.0000000000
63426  30.768  -14.701  30.653 0.0000000000
63440  35.740  -14.675  28.670 0.0000000000
63453  32.688  -13.958  28.803 0.0000000000
63462  35.445  -14.029  27.725 0.0000000000
63465  33.194  -14.019  27.860 0.0000000000
64732  36.933  -13.252  28.810 0.0000000000
64756  33.044  -13.577  27.412 0.0000000000
66009  30.290  -11.893  29.667 0.0000000000
66021  37.105  -12.903  29.001 0.0000000000
66025  31.086  -12.779  28.262 0.0000000000
66051  30.294  -12.329  27.749 0.0000000000
67172  29.173  -11.504  28.882 0.0000000000
67191  35.511  -11.557  28.009 0.0000000000
67212  33.529  -11.105  26.854 0.0000000000
67213  33.336  -11.266  26.779 0.0000000000
68346  35.848  -10.274  29.835 0.0000000000
68348  28.879  -10.902  30.135 0.0000000000
68366  33.566  -10.077  27.932 0.0000000000
68390  28.515  -10.768  27.731 0.0000000000
68391  27.878  -10.115  27.614 0.0000000000
68407  33.577  -10.845  27.048 0.0000000000
68412  28.583  -10.433  26.978 0.0000000000
68443  37.109  -10.237  21.976 0.0000000000
68460  36.862  -10.205  21.868 0.0000000000
69562  35.157  -9.676  29.887 0.0000000000
69581  33.659  -9.531  28.253 0.0000000000
69583  27.737  -9.909  28.587 0.0000000000
69712  34.454  -8.720  20.617 0.0000000000
70819  29.067  -8.768  25.011 0.0000000000
70821  27.780  -8.263  25.654 0.0000000000
70865  33.153  -8.223  21.083 0.0000000000
73144  27.517  -6.732  25.884 0.0000000000
74459  33.371  -4.864  20.978 0.0000000000
75812  42.789  -4.884  18.775 0.0000000000
80516  37.755  0.244  18.046 0.0000000000
80518  36.867  -0.421  18.907 0.0000000000
82917  37.816  1.877  19.348 0.0000000000
85241  44.866  3.016  14.403 0.0000000000
87460  51.805  5.854  8.083 0.0000000000
88471  51.512  6.841  8.612 0.0000000000
