#!ascii label  , from subject sub001 vox2ras=TkReg
2002
73170  46.972  -6.911  22.922 0.0000000000
54178  38.635  -21.443  36.464 0.0000000000
55548  23.526  -21.350  39.802 0.0000000000
54062  16.327  -21.034  43.655 0.0000000000
47753  32.371  -26.948  43.751 0.0000000000
54213  28.514  -21.564  33.631 0.0000000000
67184  50.530  -11.102  27.748 0.0000000000
78226  56.924  -2.411  18.924 0.0000000000
69457  48.454  -9.127  37.080 0.0000000000
63436  41.329  -14.988  30.068 0.0000000000
59640  32.377  -17.647  25.842 0.0000000000
52640  25.352  -22.124  46.636 0.0000000000
55496  19.894  -19.923  42.514 0.0000000000
55406  21.880  -19.760  48.853 0.0000000000
50014  27.228  -24.539  42.169 0.0000000000
73009  49.706  -6.293  36.910 0.0000000000
52725  39.724  -21.883  40.872 0.0000000000
58176  44.333  -18.529  39.626 0.0000000000
64623  42.717  -13.755  37.878 0.0000000000
58252  41.522  -18.442  33.391 0.0000000000
59608  37.609  -17.263  27.666 0.0000000000
55682  36.007  -20.015  31.096 0.0000000000
52889  23.182  -22.528  30.835 0.0000000000
57054  25.189  -19.449  28.340 0.0000000000
75798  51.963  -4.481  20.810 0.0000000000
75863  51.478  -4.667  15.426 0.0000000000
54218  22.156  -20.942  33.370 0.0000000000
56936  19.380  -19.221  35.179 0.0000000000
48903  36.581  -25.820  39.293 0.0000000000
51392  34.645  -23.643  34.254 0.0000000000
48922  30.951  -25.232  38.914 0.0000000000
50117  25.210  -23.737  36.799 0.0000000000
69610  45.144  -9.748  26.553 0.0000000000
55364  17.472  -20.684  51.188 0.0000000000
51246  12.514  -23.937  44.664 0.0000000000
75702  54.419  -4.735  25.787 0.0000000000
74373  49.058  -5.896  27.810 0.0000000000
69535  46.592  -8.694  32.042 0.0000000000
67111  51.394  -11.289  32.696 0.0000000000
67139  46.626  -11.541  31.273 0.0000000000
70612  44.341  -7.482  40.985 0.0000000000
68258  42.669  -10.407  34.510 0.0000000000
67210  41.085  -11.465  26.823 0.0000000000
63510  38.769  -14.610  24.388 0.0000000000
55728  31.152  -20.417  29.528 0.0000000000
52583  25.973  -21.847  49.583 0.0000000000
53999  23.723  -21.012  47.968 0.0000000000
53955  24.190  -20.649  50.676 0.0000000000
51203  27.102  -23.152  47.506 0.0000000000
51335  41.110  -23.202  39.386 0.0000000000
55576  42.302  -20.683  37.652 0.0000000000
58212  43.509  -18.611  36.534 0.0000000000
56921  39.993  -19.732  35.237 0.0000000000
56996  38.064  -19.007  32.095 0.0000000000
55639  37.498  -20.477  34.280 0.0000000000
51487  21.241  -23.855  28.330 0.0000000000
51502  22.041  -23.626  27.148 0.0000000000
74454  49.528  -5.285  21.487 0.0000000000
74499  49.233  -5.023  18.627 0.0000000000
73200  47.433  -6.254  20.134 0.0000000000
54170  23.141  -21.142  37.295 0.0000000000
56954  20.855  -19.494  34.029 0.0000000000
55567  21.643  -19.972  38.205 0.0000000000
54060  18.127  -20.544  43.152 0.0000000000
55554  17.424  -20.012  39.574 0.0000000000
54134  15.472  -20.644  39.888 0.0000000000
52732  13.164  -21.772  41.127 0.0000000000
46710  37.532  -27.024  42.617 0.0000000000
46713  34.877  -27.233  41.768 0.0000000000
47833  33.781  -25.590  38.976 0.0000000000
47797  31.349  -26.309  40.715 0.0000000000
52714  25.036  -23.091  41.291 0.0000000000
50051  26.744  -24.436  39.926 0.0000000000
52767  24.127  -22.728  38.336 0.0000000000
52799  23.635  -22.604  35.285 0.0000000000
68404  47.456  -10.958  26.969 0.0000000000
67237  46.243  -10.897  24.818 0.0000000000
67221  49.827  -11.908  25.673 0.0000000000
48844  11.477  -25.546  44.710 0.0000000000
73062  46.889  -6.277  30.051 0.0000000000
73035  46.981  -6.343  33.298 0.0000000000
70653  50.063  -8.179  37.426 0.0000000000
70687  50.396  -8.853  35.385 0.0000000000
67057  49.467  -11.001  35.231 0.0000000000
65949  48.475  -12.308  32.322 0.0000000000
68254  47.178  -10.566  34.256 0.0000000000
63363  41.770  -14.632  34.098 0.0000000000
67043  42.184  -11.636  36.573 0.0000000000
65931  41.421  -12.513  33.349 0.0000000000
68306  41.936  -10.787  30.859 0.0000000000
66004  40.449  -12.816  28.804 0.0000000000
64790  40.423  -13.512  25.336 0.0000000000
62108  40.010  -15.170  26.533 0.0000000000
60896  36.079  -16.231  24.563 0.0000000000
51417  31.450  -22.716  34.228 0.0000000000
52870  32.611  -22.017  31.537 0.0000000000
55685  29.758  -20.573  31.247 0.0000000000
58383  25.784  -18.503  26.064 0.0000000000
78319  58.365  -2.377  14.963 0.0000000000
77072  56.779  -3.019  16.458 0.0000000000
54059  24.344  -21.562  43.608 0.0000000000
55513  21.543  -20.135  41.543 0.0000000000
55461  23.384  -20.515  44.810 0.0000000000
56780  21.272  -19.581  45.859 0.0000000000
55438  19.337  -19.770  46.185 0.0000000000
47730  30.365  -26.033  45.708 0.0000000000
48867  30.130  -25.401  43.115 0.0000000000
49976  28.442  -24.533  44.744 0.0000000000
52680  25.852  -23.319  43.871 0.0000000000
75506  49.163  -4.474  34.771 0.0000000000
72952  48.220  -6.005  38.954 0.0000000000
60642  44.069  -16.040  38.137 0.0000000000
60711  43.236  -16.666  35.134 0.0000000000
60761  41.954  -16.767  31.484 0.0000000000
60814  39.711  -16.483  28.616 0.0000000000
59571  39.165  -17.639  30.521 0.0000000000
58308  36.423  -18.700  29.325 0.0000000000
57068  34.383  -19.255  28.132 0.0000000000
54241  25.822  -21.467  32.596 0.0000000000
54288  27.531  -20.563  31.302 0.0000000000
55735  23.769  -21.069  29.999 0.0000000000
77015  54.475  -3.641  20.379 0.0000000000
77075  54.458  -3.303  17.261 0.0000000000
75843  51.917  -3.928  18.089 0.0000000000
55569  18.991  -19.543  38.539 0.0000000000
48899  39.800  -25.026  40.455 0.0000000000
50075  38.673  -24.025  38.040 0.0000000000
51370  36.419  -23.314  35.738 0.0000000000
50094  35.223  -24.618  36.671 0.0000000000
50114  33.309  -24.271  36.520 0.0000000000
51360  30.233  -23.430  36.420 0.0000000000
47800  28.684  -25.428  40.445 0.0000000000
50084  28.319  -24.246  37.704 0.0000000000
52797  27.279  -22.572  35.246 0.0000000000
51418  24.430  -23.303  33.925 0.0000000000
51448  22.455  -22.584  31.587 0.0000000000
71953  45.349  -7.541  24.864 0.0000000000
70858  45.018  -8.524  21.057 0.0000000000
68442  44.385  -10.027  22.941 0.0000000000
55377  19.859  -20.001  50.230 0.0000000000
54001  17.046  -20.871  47.377 0.0000000000
52628  14.884  -22.063  47.632 0.0000000000
52683  14.356  -22.056  44.015 0.0000000000
75764  55.421  -3.708  22.165 0.0000000000
75745  53.635  -4.467  23.587 0.0000000000
74416  50.559  -5.129  24.541 0.0000000000
73138  48.319  -6.239  25.316 0.0000000000
71911  45.865  -6.903  27.692 0.0000000000
70749  45.594  -8.737  29.521 0.0000000000
68319  48.650  -10.501  29.959 0.0000000000
71836  48.042  -7.763  35.092 0.0000000000
69532  49.954  -9.872  32.463 0.0000000000
68334  51.640  -11.152  29.780 0.0000000000
65983  49.485  -12.518  30.679 0.0000000000
66001  47.612  -12.560  29.753 0.0000000000
70627  46.069  -7.728  39.156 0.0000000000
68194  42.902  -10.981  39.383 0.0000000000
69461  43.700  -8.906  37.409 0.0000000000
69492  45.765  -9.263  35.226 0.0000000000
68288  44.294  -9.981  32.485 0.0000000000
68360  43.489  -10.697  29.025 0.0000000000
62110  38.004  -15.808  25.952 0.0000000000
52827  35.136  -22.336  33.060 0.0000000000
54305  33.396  -21.247  29.786 0.0000000000
57091  31.409  -19.071  27.007 0.0000000000
57029  28.505  -19.526  29.167 0.0000000000
58338  29.085  -18.383  26.988 0.0000000000
53970  25.123  -21.524  49.951 0.0000000000
55388  25.510  -20.612  50.084 0.0000000000
52774  39.899  -22.478  37.900 0.0000000000
54142  42.018  -21.991  38.470 0.0000000000
55578  40.786  -20.946  37.136 0.0000000000
55599  41.259  -20.391  36.723 0.0000000000
55601  39.524  -20.787  36.267 0.0000000000
55638  38.446  -20.184  34.615 0.0000000000
54188  38.165  -21.018  36.047 0.0000000000
73168  48.307  -6.085  22.366 0.0000000000
74466  48.086  -5.921  20.814 0.0000000000
73179  47.041  -6.765  21.759 0.0000000000
54152  23.198  -21.343  38.249 0.0000000000
55588  22.472  -20.402  37.170 0.0000000000
56873  22.550  -20.217  39.776 0.0000000000
54061  17.342  -20.833  43.418 0.0000000000
54099  17.145  -20.646  41.805 0.0000000000
54101  15.096  -21.050  41.704 0.0000000000
54119  14.763  -21.086  40.624 0.0000000000
54102  14.017  -21.543  41.506 0.0000000000
46657  32.659  -27.814  46.167 0.0000000000
46668  34.011  -27.758  44.600 0.0000000000
45804  35.197  -27.929  42.978 0.0000000000
46699  34.086  -27.944  42.850 0.0000000000
46729  33.134  -26.679  41.130 0.0000000000
47775  32.277  -26.568  42.124 0.0000000000
52715  24.486  -22.611  40.792 0.0000000000
52730  24.867  -23.007  40.276 0.0000000000
54130  23.865  -22.047  39.099 0.0000000000
54169  23.489  -21.968  37.357 0.0000000000
68402  49.249  -10.988  27.456 0.0000000000
67205  48.127  -11.094  26.425 0.0000000000
67204  49.479  -11.287  26.798 0.0000000000
146414  48.806  -5.330  32.137 0.0000000000
74293  47.737  -5.736  32.442 0.0000000000
146416  48.760  -5.181  33.220 0.0000000000
69456  49.230  -9.246  37.155 0.0000000000
68214  50.110  -9.813  36.435 0.0000000000
68227  49.095  -10.414  35.892 0.0000000000
67075  48.462  -11.338  34.382 0.0000000000
68228  48.039  -9.939  36.196 0.0000000000
62046  41.647  -15.051  31.476 0.0000000000
64676  41.497  -13.541  33.665 0.0000000000
63404  41.437  -14.439  31.458 0.0000000000
65971  40.673  -13.082  30.473 0.0000000000
63437  40.867  -14.487  29.673 0.0000000000
63461  40.616  -14.594  27.696 0.0000000000
62081  40.606  -15.430  28.266 0.0000000000
52831  30.391  -22.141  33.811 0.0000000000
52852  30.807  -22.049  33.199 0.0000000000
54238  29.107  -21.186  32.673 0.0000000000
78289  58.453  -2.596  16.651 0.0000000000
78269  56.497  -2.904  17.212 0.0000000000
54040  24.844  -21.951  44.617 0.0000000000
55477  23.621  -20.784  43.667 0.0000000000
54024  24.024  -21.091  45.821 0.0000000000
55421  22.976  -20.502  47.989 0.0000000000
55447  22.632  -19.930  46.343 0.0000000000
56748  21.800  -19.794  47.251 0.0000000000
56782  19.802  -19.690  45.854 0.0000000000
55424  20.723  -19.647  47.698 0.0000000000
48810  30.072  -25.445  46.574 0.0000000000
48823  29.072  -24.955  45.379 0.0000000000
49950  28.774  -24.553  46.384 0.0000000000
52639  26.190  -22.678  46.513 0.0000000000
51229  26.488  -23.026  45.310 0.0000000000
52651  25.982  -22.766  45.394 0.0000000000
54058  24.835  -22.370  43.623 0.0000000000
56849  43.527  -19.565  40.193 0.0000000000
59398  43.069  -17.651  41.366 0.0000000000
59416  44.131  -17.400  40.519 0.0000000000
61915  44.290  -15.592  39.910 0.0000000000
59436  44.572  -17.588  39.169 0.0000000000
56943  42.111  -18.807  34.548 0.0000000000
59489  43.351  -17.700  35.181 0.0000000000
59500  42.678  -17.942  33.951 0.0000000000
60751  42.715  -16.667  32.815 0.0000000000
59525  41.778  -17.646  32.214 0.0000000000
59548  40.596  -17.573  31.213 0.0000000000
58293  40.353  -17.839  31.710 0.0000000000
56998  36.767  -19.623  31.413 0.0000000000
58296  37.674  -18.932  31.229 0.0000000000
57010  36.478  -19.475  30.628 0.0000000000
58318  35.416  -18.945  28.383 0.0000000000
57025  34.972  -19.792  29.235 0.0000000000
54269  24.404  -22.036  32.072 0.0000000000
54268  25.155  -21.282  31.750 0.0000000000
54292  23.565  -22.011  30.740 0.0000000000
75797  52.733  -4.275  20.628 0.0000000000
75822  52.559  -3.837  19.249 0.0000000000
75808  51.980  -4.387  19.843 0.0000000000
74521  48.735  -5.232  17.532 0.0000000000
54293  21.343  -21.635  31.280 0.0000000000
54270  21.146  -21.014  31.677 0.0000000000
55514  20.437  -19.971  41.515 0.0000000000
55533  21.173  -19.839  40.489 0.0000000000
55534  19.973  -19.938  40.455 0.0000000000
55572  16.247  -19.828  38.646 0.0000000000
55593  16.972  -19.492  37.951 0.0000000000
47791  37.540  -26.623  40.945 0.0000000000
47789  38.898  -26.104  41.672 0.0000000000
48901  38.192  -25.701  39.737 0.0000000000
50048  38.901  -24.969  39.404 0.0000000000
48916  37.090  -25.396  38.956 0.0000000000
50077  36.106  -24.736  37.409 0.0000000000
50061  36.145  -25.189  37.957 0.0000000000
48921  31.920  -25.239  38.945 0.0000000000
48932  33.686  -24.950  37.742 0.0000000000
50080  32.357  -24.328  37.674 0.0000000000
51358  31.913  -23.586  36.606 0.0000000000
50082  30.203  -24.263  37.576 0.0000000000
48869  28.742  -24.750  42.138 0.0000000000
48883  29.481  -25.276  41.887 0.0000000000
48885  28.062  -25.049  41.299 0.0000000000
50087  25.667  -24.125  38.244 0.0000000000
50068  27.269  -24.439  38.723 0.0000000000
50085  27.365  -24.220  37.773 0.0000000000
50102  27.752  -23.829  37.098 0.0000000000
50115  26.018  -23.626  36.196 0.0000000000
51397  25.781  -23.111  35.140 0.0000000000
51380  25.575  -23.472  35.693 0.0000000000
52816  23.127  -22.159  34.275 0.0000000000
51401  23.146  -22.848  34.116 0.0000000000
52856  22.408  -22.036  32.827 0.0000000000
70793  44.577  -8.637  25.820 0.0000000000
70824  44.504  -8.739  23.929 0.0000000000
68424  44.720  -10.085  24.688 0.0000000000
67269  46.504  -11.432  22.811 0.0000000000
55378  18.721  -20.056  50.318 0.0000000000
55410  18.470  -20.233  48.709 0.0000000000
55411  17.616  -20.578  48.983 0.0000000000
51219  13.259  -23.936  46.645 0.0000000000
51218  13.758  -23.198  46.298 0.0000000000
52642  14.897  -21.888  46.617 0.0000000000
51244  13.814  -22.673  44.806 0.0000000000
51282  13.145  -22.703  43.227 0.0000000000
51265  11.846  -23.757  43.050 0.0000000000
76986  57.090  -3.385  22.041 0.0000000000
75721  55.759  -4.402  24.347 0.0000000000
75723  53.493  -4.748  24.731 0.0000000000
75747  51.763  -4.731  23.834 0.0000000000
75724  52.401  -4.762  24.819 0.0000000000
74371  50.830  -5.141  27.541 0.0000000000
74402  49.584  -5.661  25.776 0.0000000000
74387  48.706  -5.933  27.166 0.0000000000
73128  47.468  -6.477  26.662 0.0000000000
73112  47.246  -6.445  27.584 0.0000000000
71878  46.001  -7.235  31.210 0.0000000000
71886  45.638  -7.847  29.979 0.0000000000
70736  46.198  -8.915  31.109 0.0000000000
69569  46.768  -10.094  29.398 0.0000000000
69546  47.597  -9.667  31.483 0.0000000000
74238  49.127  -5.236  36.149 0.0000000000
73019  47.879  -5.895  35.236 0.0000000000
71815  49.345  -6.825  36.265 0.0000000000
68252  50.914  -10.278  34.057 0.0000000000
69516  50.681  -9.905  33.374 0.0000000000
69531  51.011  -10.364  32.303 0.0000000000
68300  50.849  -10.544  31.085 0.0000000000
68298  51.796  -11.074  31.594 0.0000000000
65981  51.659  -12.183  30.226 0.0000000000
65965  50.244  -12.232  31.739 0.0000000000
65968  47.346  -12.013  31.577 0.0000000000
65985  47.416  -12.254  30.759 0.0000000000
66002  46.467  -12.099  29.843 0.0000000000
66003  45.747  -11.719  29.401 0.0000000000
71792  45.262  -7.036  40.071 0.0000000000
65834  43.267  -13.358  39.090 0.0000000000
66999  43.129  -12.002  40.334 0.0000000000
67011  42.555  -12.139  38.860 0.0000000000
68243  42.602  -10.648  35.364 0.0000000000
69479  42.618  -10.217  37.201 0.0000000000
68230  42.988  -10.079  35.879 0.0000000000
69477  44.225  -8.880  36.452 0.0000000000
69508  43.913  -9.447  35.071 0.0000000000
69521  45.133  -9.661  33.943 0.0000000000
68272  43.782  -9.879  33.315 0.0000000000
67153  41.293  -11.346  29.522 0.0000000000
68323  42.720  -10.484  30.340 0.0000000000
67166  42.285  -10.920  28.145 0.0000000000
67187  42.845  -11.105  27.439 0.0000000000
67209  42.116  -11.219  26.654 0.0000000000
67241  41.370  -11.636  25.010 0.0000000000
63508  40.204  -14.185  25.086 0.0000000000
64804  40.299  -13.574  24.325 0.0000000000
59607  38.394  -16.981  28.170 0.0000000000
60851  39.113  -16.205  26.944 0.0000000000
60832  37.849  -16.797  26.972 0.0000000000
62142  36.235  -15.786  23.932 0.0000000000
50127  35.066  -23.847  34.753 0.0000000000
52807  35.450  -22.743  33.693 0.0000000000
51413  34.789  -23.131  33.272 0.0000000000
54285  31.819  -21.230  30.503 0.0000000000
52886  33.312  -21.921  30.869 0.0000000000
55727  32.032  -20.859  29.686 0.0000000000
57047  32.332  -19.941  28.291 0.0000000000
57048  31.327  -19.892  28.456 0.0000000000
55733  25.631  -19.812  29.825 0.0000000000
55732  27.020  -19.718  30.148 0.0000000000
57031  26.548  -19.438  29.349 0.0000000000
58362  27.488  -17.966  26.463 0.0000000000
58380  28.971  -17.854  25.667 0.0000000000
75853  53.083  -3.741  16.322 0.0000000000
75860  54.031  -3.894  15.913 0.0000000000
72011  45.440  -8.226  19.365 0.0000000000
52626  25.187  -21.981  47.677 0.0000000000
54010  24.588  -21.616  46.775 0.0000000000
52612  24.976  -21.884  48.683 0.0000000000
53971  24.581  -21.306  49.862 0.0000000000
53972  23.495  -20.643  50.320 0.0000000000
52610  26.551  -22.646  48.403 0.0000000000
52723  41.191  -22.676  40.079 0.0000000000
54108  41.009  -21.668  40.264 0.0000000000
52738  42.015  -22.259  39.828 0.0000000000
54140  42.993  -21.047  39.155 0.0000000000
55557  43.754  -20.119  38.929 0.0000000000
58199  44.025  -18.645  37.713 0.0000000000
56888  43.081  -19.691  37.225 0.0000000000
56920  41.129  -19.668  35.508 0.0000000000
56963  40.894  -18.817  33.895 0.0000000000
58254  39.725  -18.652  32.897 0.0000000000
56965  38.630  -19.396  33.587 0.0000000000
55648  37.556  -19.956  33.346 0.0000000000
55649  36.587  -20.538  33.007 0.0000000000
52890  22.619  -22.704  30.604 0.0000000000
54310  22.890  -22.220  29.885 0.0000000000
51486  21.796  -23.400  28.078 0.0000000000
74453  50.327  -4.911  21.258 0.0000000000
74463  50.431  -4.790  20.258 0.0000000000
74464  49.650  -5.146  20.441 0.0000000000
74477  48.108  -5.722  19.793 0.0000000000
54192  22.567  -20.840  34.813 0.0000000000
55641  21.872  -20.414  33.987 0.0000000000
55612  22.100  -20.092  35.514 0.0000000000
56911  21.169  -19.438  35.783 0.0000000000
56912  20.095  -19.344  35.992 0.0000000000
55497  18.904  -20.331  42.703 0.0000000000
55516  18.355  -20.329  41.031 0.0000000000
54116  17.592  -20.440  41.060 0.0000000000
54133  16.461  -20.358  40.046 0.0000000000
54137  12.881  -21.449  38.831 0.0000000000
46725  36.399  -27.069  41.504 0.0000000000
47793  35.773  -26.667  40.644 0.0000000000
47831  35.280  -25.968  39.135 0.0000000000
47815  34.471  -26.294  39.839 0.0000000000
47816  33.339  -26.044  39.699 0.0000000000
47818  31.354  -26.084  39.974 0.0000000000
51280  25.958  -24.028  42.127 0.0000000000
50041  26.798  -24.470  40.766 0.0000000000
51315  25.823  -23.856  40.780 0.0000000000
51338  25.438  -23.792  38.998 0.0000000000
51350  24.888  -23.596  37.831 0.0000000000
51382  24.069  -23.142  35.502 0.0000000000
52786  23.811  -22.479  36.356 0.0000000000
52787  23.495  -22.004  35.870 0.0000000000
68406  45.768  -10.297  26.766 0.0000000000
68422  45.910  -10.715  25.473 0.0000000000
67223  47.208  -10.957  25.721 0.0000000000
67235  48.564  -11.561  24.554 0.0000000000
49953  12.409  -24.958  46.321 0.0000000000
49979  12.054  -24.687  44.821 0.0000000000
50000  11.627  -24.526  43.538 0.0000000000
48872  10.997  -25.112  43.146 0.0000000000
74337  48.951  -5.696  29.405 0.0000000000
73075  47.717  -6.441  28.949 0.0000000000
73051  47.643  -6.115  30.389 0.0000000000
73043  46.992  -6.172  32.021 0.0000000000
73036  46.609  -6.969  33.068 0.0000000000
73008  50.129  -6.746  37.219 0.0000000000
71823  50.193  -7.998  36.062 0.0000000000
69473  50.465  -9.248  36.329 0.0000000000
67055  50.319  -10.545  35.408 0.0000000000
67093  49.775  -11.640  33.911 0.0000000000
65948  49.334  -12.310  32.542 0.0000000000
67094  48.970  -11.813  33.837 0.0000000000
67113  47.729  -11.691  32.730 0.0000000000
68285  46.810  -11.014  32.627 0.0000000000
64648  42.174  -14.124  36.020 0.0000000000
65876  42.054  -12.660  36.709 0.0000000000
64649  41.815  -13.675  35.472 0.0000000000
65911  41.547  -12.631  34.312 0.0000000000
67098  41.648  -11.535  33.178 0.0000000000
67116  42.158  -10.771  33.107 0.0000000000
67130  41.459  -11.456  31.421 0.0000000000
67142  40.867  -11.902  29.883 0.0000000000
67168  40.501  -11.985  28.280 0.0000000000
67228  40.577  -11.952  26.244 0.0000000000
64752  40.414  -13.536  27.222 0.0000000000
63493  40.242  -14.271  25.818 0.0000000000
63494  39.673  -14.716  25.507 0.0000000000
58353  36.000  -17.765  26.920 0.0000000000
60854  36.535  -16.800  25.913 0.0000000000
59637  35.269  -17.113  25.995 0.0000000000
62144  34.784  -15.919  24.240 0.0000000000
62181  33.631  -15.340  22.608 0.0000000000
51415  33.040  -23.066  33.756 0.0000000000
51434  33.514  -22.961  33.040 0.0000000000
52829  32.251  -22.554  33.279 0.0000000000
54236  31.203  -21.726  32.039 0.0000000000
55684  30.469  -20.753  30.932 0.0000000000
57076  25.597  -19.031  27.792 0.0000000000
57109  24.850  -18.943  25.481 0.0000000000
78306  59.269  -2.342  16.062 0.0000000000
78308  57.625  -2.798  15.321 0.0000000000
77104  57.005  -3.200  14.839 0.0000000000
55510  23.918  -21.488  41.778 0.0000000000
55531  23.012  -20.560  40.480 0.0000000000
55493  23.034  -20.538  42.630 0.0000000000
55494  22.063  -20.206  42.593 0.0000000000
55479  21.620  -19.879  43.586 0.0000000000
55446  23.309  -20.374  45.996 0.0000000000
55462  22.231  -19.804  45.027 0.0000000000
55480  20.543  -19.794  43.423 0.0000000000
55465  19.326  -19.738  44.337 0.0000000000
55466  18.541  -20.082  44.679 0.0000000000
54025  17.863  -20.616  45.046 0.0000000000
47742  31.773  -26.747  44.731 0.0000000000
47754  31.554  -26.482  43.776 0.0000000000
48840  30.313  -25.778  44.445 0.0000000000
48857  29.119  -24.831  43.908 0.0000000000
49996  27.939  -24.458  43.309 0.0000000000
51215  27.578  -23.626  46.240 0.0000000000
49963  27.455  -23.754  44.638 0.0000000000
51260  27.039  -23.877  43.360 0.0000000000
51262  25.414  -23.371  42.790 0.0000000000
54076  24.446  -22.102  42.494 0.0000000000
66012  51.657  -12.192  28.317 0.0000000000
66058  51.130  -12.297  27.206 0.0000000000
64746  51.003  -13.166  27.478 0.0000000000
75521  49.135  -4.570  33.515 0.0000000000
75467  50.065  -4.771  37.849 0.0000000000
74207  50.950  -5.366  38.026 0.0000000000
71786  49.430  -7.213  38.407 0.0000000000
70638  48.729  -8.111  38.207 0.0000000000
63302  43.835  -14.646  39.347 0.0000000000
63322  43.161  -15.246  37.891 0.0000000000
60688  44.076  -17.463  37.081 0.0000000000
61974  43.400  -16.372  36.354 0.0000000000
61956  42.994  -15.677  36.750 0.0000000000
61998  42.609  -15.851  34.368 0.0000000000
62032  42.461  -15.895  32.462 0.0000000000
62057  41.939  -16.078  31.060 0.0000000000
60812  41.163  -16.102  29.387 0.0000000000
59587  40.761  -16.896  30.099 0.0000000000
59596  39.586  -16.803  29.369 0.0000000000
59590  38.291  -17.528  29.408 0.0000000000
58295  38.317  -18.695  31.501 0.0000000000
58307  37.370  -18.266  29.560 0.0000000000
58316  37.026  -17.869  28.276 0.0000000000
58354  35.415  -17.918  27.124 0.0000000000
58355  34.465  -18.094  27.191 0.0000000000
58356  33.461  -18.288  26.996 0.0000000000
54214  27.209  -21.561  33.487 0.0000000000
54239  27.888  -21.143  32.681 0.0000000000
54267  26.264  -20.810  31.851 0.0000000000
55709  25.335  -20.682  30.952 0.0000000000
55751  24.467  -19.920  28.731 0.0000000000
54328  22.547  -22.116  28.173 0.0000000000
54327  22.863  -21.356  27.535 0.0000000000
77014  55.448  -3.239  20.000 0.0000000000
77046  55.239  -3.018  17.694 0.0000000000
77048  53.703  -3.502  18.642 0.0000000000
77077  52.788  -3.587  18.015 0.0000000000
75854  51.973  -3.700  16.755 0.0000000000
74498  50.226  -4.743  18.733 0.0000000000
75845  50.248  -4.517  17.098 0.0000000000
55550  22.112  -19.911  39.478 0.0000000000
55568  20.283  -19.625  38.074 0.0000000000
56883  19.308  -19.546  37.808 0.0000000000
55553  18.479  -19.834  39.526 0.0000000000
56899  17.964  -19.359  37.359 0.0000000000
50035  39.758  -24.277  40.985 0.0000000000
50047  40.164  -24.386  39.639 0.0000000000
50074  39.291  -23.736  38.289 0.0000000000
52776  38.229  -22.770  37.191 0.0000000000
52784  37.699  -22.383  36.636 0.0000000000
50092  37.067  -23.779  36.821 0.0000000000
50093  36.369  -24.073  36.396 0.0000000000
50112  34.625  -24.405  35.805 0.0000000000
48930  34.813  -25.194  37.477 0.0000000000
50095  34.412  -24.680  36.597 0.0000000000
51372  33.737  -24.031  35.447 0.0000000000
51374  31.788  -23.363  35.631 0.0000000000
51396  30.712  -22.720  34.982 0.0000000000
52795  29.403  -22.630  35.361 0.0000000000
47776  31.431  -26.318  41.717 0.0000000000
47798  30.475  -25.747  40.520 0.0000000000
48907  30.339  -25.479  39.739 0.0000000000
47802  27.668  -24.960  40.260 0.0000000000
48909  28.509  -25.176  39.537 0.0000000000
50065  29.686  -24.582  38.310 0.0000000000
50101  28.778  -23.818  37.127 0.0000000000
51377  28.835  -22.979  35.989 0.0000000000
52811  28.022  -22.041  34.679 0.0000000000
52812  26.822  -22.146  34.315 0.0000000000
52836  24.929  -22.687  33.595 0.0000000000
52854  24.094  -22.767  32.668 0.0000000000
51399  24.262  -23.376  34.620 0.0000000000
51419  23.819  -23.224  33.474 0.0000000000
51447  22.886  -22.733  31.374 0.0000000000
51470  21.373  -23.423  29.390 0.0000000000
71973  46.118  -7.254  23.328 0.0000000000
71984  46.185  -7.290  22.214 0.0000000000
71974  45.317  -7.765  22.699 0.0000000000
67255  45.579  -10.989  23.948 0.0000000000
67285  45.444  -11.236  21.954 0.0000000000
67220  50.599  -12.299  26.362 0.0000000000
56713  24.373  -20.280  50.601 0.0000000000
53941  23.539  -20.151  51.374 0.0000000000
55376  22.450  -20.139  50.694 0.0000000000
146246  21.619  -20.047  51.526 0.0000000000
55390  21.302  -19.695  49.996 0.0000000000
55409  19.396  -19.858  48.477 0.0000000000
54000  17.892  -20.640  47.037 0.0000000000
54026  17.056  -20.936  45.441 0.0000000000
53974  16.249  -21.559  49.691 0.0000000000
54002  16.299  -21.270  47.785 0.0000000000
52653  15.670  -21.518  45.478 0.0000000000
54063  15.184  -21.527  43.799 0.0000000000
54082  13.767  -21.830  42.222 0.0000000000
78211  57.233  -2.521  20.015 0.0000000000
77001  56.516  -3.001  20.922 0.0000000000
77003  54.779  -3.791  21.199 0.0000000000
75783  53.596  -4.251  21.310 0.0000000000
75720  56.813  -4.057  24.197 0.0000000000
75744  54.696  -4.256  23.332 0.0000000000
75785  51.938  -4.638  21.825 0.0000000000
75786  51.089  -4.765  22.051 0.0000000000
74429  50.298  -5.126  23.338 0.0000000000
73157  49.011  -5.888  23.584 0.0000000000
74400  51.145  -4.862  25.546 0.0000000000
74417  49.669  -5.559  24.776 0.0000000000
73149  47.594  -6.485  24.650 0.0000000000
73150  46.790  -6.741  25.004 0.0000000000
71942  45.328  -7.473  25.864 0.0000000000
71913  44.860  -7.866  27.298 0.0000000000
73095  46.360  -6.601  28.722 0.0000000000
71897  45.401  -7.748  28.976 0.0000000000
69579  45.063  -9.200  27.898 0.0000000000
68358  46.374  -10.315  28.244 0.0000000000
68356  48.023  -10.665  28.545 0.0000000000
68354  49.830  -10.601  28.708 0.0000000000
74264  48.231  -5.190  34.316 0.0000000000
71837  47.394  -7.201  34.553 0.0000000000
70702  47.344  -8.345  33.832 0.0000000000
70688  49.878  -8.678  35.017 0.0000000000
70701  48.470  -8.774  34.248 0.0000000000
69533  48.528  -9.664  32.533 0.0000000000
69545  49.039  -10.266  31.303 0.0000000000
68317  50.523  -10.545  30.304 0.0000000000
68352  51.391  -11.030  29.053 0.0000000000
65997  51.787  -12.170  29.229 0.0000000000
66014  50.490  -12.482  28.665 0.0000000000
65966  48.952  -12.487  31.631 0.0000000000
66000  48.740  -12.553  29.710 0.0000000000
71789  47.376  -7.242  39.225 0.0000000000
70640  47.554  -8.121  37.999 0.0000000000
69421  43.280  -9.461  40.716 0.0000000000
68205  42.540  -11.231  38.390 0.0000000000
69444  42.816  -9.930  38.664 0.0000000000
70629  43.601  -8.587  39.794 0.0000000000
70656  44.855  -8.339  38.247 0.0000000000
69442  45.899  -8.521  37.831 0.0000000000
69475  46.827  -9.341  35.995 0.0000000000
69491  46.659  -9.825  34.941 0.0000000000
68270  46.083  -10.281  33.489 0.0000000000
68302  45.763  -10.632  31.821 0.0000000000
68305  42.794  -10.315  31.256 0.0000000000
68322  43.681  -10.211  30.634 0.0000000000
68341  44.613  -10.564  30.064 0.0000000000
67164  44.491  -11.169  28.651 0.0000000000
66089  40.656  -12.555  24.854 0.0000000000
64833  41.060  -13.240  22.443 0.0000000000
60829  40.089  -15.943  28.139 0.0000000000
62109  39.249  -15.485  26.264 0.0000000000
62127  38.378  -15.161  25.184 0.0000000000
60871  36.948  -16.361  25.115 0.0000000000
62141  37.354  -15.447  24.131 0.0000000000
54190  36.721  -21.591  34.933 0.0000000000
54209  36.148  -21.391  33.526 0.0000000000
55668  35.574  -20.878  32.146 0.0000000000
52848  34.070  -22.477  31.972 0.0000000000
54260  34.405  -21.897  31.383 0.0000000000
55702  34.528  -20.734  30.185 0.0000000000
55746  33.673  -20.209  28.844 0.0000000000
57070  32.645  -19.413  27.702 0.0000000000
58357  32.237  -18.509  26.610 0.0000000000
54265  28.408  -20.688  31.727 0.0000000000
55706  28.750  -20.375  30.823 0.0000000000
57028  29.613  -19.618  29.056 0.0000000000
58320  27.093  -18.650  28.106 0.0000000000
57050  28.934  -18.874  28.212 0.0000000000
57049  30.175  -19.468  28.224 0.0000000000
57093  30.034  -18.648  26.759 0.0000000000
58378  30.622  -18.073  25.905 0.0000000000
77074  55.187  -3.211  16.878 0.0000000000
77106  55.296  -3.504  15.315 0.0000000000
77119  54.610  -3.335  13.936 0.0000000000
72010  46.100  -7.362  19.936 0.0000000000
52782  39.462  -22.114  37.320 0.0000000000
54161  40.701  -21.613  37.605 0.0000000000
54177  39.628  -21.520  36.822 0.0000000000
55600  40.395  -20.777  36.575 0.0000000000
55602  38.794  -20.681  36.078 0.0000000000
73169  47.688  -6.383  22.641 0.0000000000
73178  47.823  -6.309  21.849 0.0000000000
55549  22.879  -20.736  39.367 0.0000000000
54079  16.719  -20.897  42.649 0.0000000000
54080  15.636  -21.099  42.723 0.0000000000
47741  32.532  -27.178  44.483 0.0000000000
46669  33.171  -27.503  45.060 0.0000000000
46685  33.114  -27.544  43.768 0.0000000000
45795  34.291  -28.025  43.432 0.0000000000
46700  32.937  -27.210  42.677 0.0000000000
47763  32.126  -26.702  43.019 0.0000000000
54115  24.069  -22.099  40.158 0.0000000000
54131  23.419  -21.515  38.936 0.0000000000
67185  49.773  -11.043  27.481 0.0000000000
68216  48.765  -9.762  36.635 0.0000000000
63419  41.287  -14.631  30.892 0.0000000000
63420  40.971  -14.408  30.326 0.0000000000
63448  40.827  -14.676  28.775 0.0000000000
63447  41.234  -15.067  29.394 0.0000000000
52832  29.400  -22.040  34.076 0.0000000000
54212  29.728  -21.676  33.370 0.0000000000
78241  57.770  -2.409  18.250 0.0000000000
78242  56.823  -2.554  17.943 0.0000000000
54023  24.760  -21.696  45.695 0.0000000000
54041  24.187  -21.243  44.704 0.0000000000
55405  22.646  -20.310  48.698 0.0000000000
55422  22.228  -20.058  47.877 0.0000000000
55423  21.478  -19.855  47.877 0.0000000000
56749  21.146  -19.685  47.125 0.0000000000
55407  21.169  -19.676  48.523 0.0000000000
49936  29.597  -24.450  47.465 0.0000000000
49949  29.418  -24.775  46.912 0.0000000000
49937  28.844  -24.443  47.455 0.0000000000
52652  25.447  -22.282  45.564 0.0000000000
56848  44.056  -19.247  39.817 0.0000000000
58157  43.098  -18.691  40.847 0.0000000000
59417  43.595  -18.100  40.808 0.0000000000
58237  41.942  -18.612  34.090 0.0000000000
58236  42.562  -18.396  34.455 0.0000000000
58251  42.314  -18.189  33.650 0.0000000000
58273  42.085  -17.963  32.792 0.0000000000
58274  41.154  -18.048  32.280 0.0000000000
58275  40.034  -18.239  32.311 0.0000000000
55700  35.874  -19.792  30.603 0.0000000000
57024  35.512  -19.537  29.631 0.0000000000
55723  34.986  -19.975  29.680 0.0000000000
52872  23.780  -22.278  31.617 0.0000000000
52888  23.645  -22.124  31.055 0.0000000000
54244  22.269  -21.466  32.960 0.0000000000
54245  21.819  -21.108  32.546 0.0000000000
55594  16.116  -19.592  37.687 0.0000000000
47812  37.420  -26.265  40.227 0.0000000000
48902  37.252  -25.770  39.617 0.0000000000
48915  37.795  -25.432  39.245 0.0000000000
50060  36.780  -24.957  38.207 0.0000000000
48917  36.100  -25.641  38.546 0.0000000000
50062  32.462  -24.778  38.381 0.0000000000
50063  31.605  -24.656  38.348 0.0000000000
50081  31.326  -24.042  37.464 0.0000000000
50064  30.634  -24.601  38.295 0.0000000000
50013  27.960  -24.602  42.514 0.0000000000
48870  28.027  -24.753  41.805 0.0000000000
50104  25.729  -23.978  37.273 0.0000000000
50086  26.455  -24.262  37.949 0.0000000000
50103  26.554  -23.815  36.879 0.0000000000
50116  25.596  -23.697  36.456 0.0000000000
54202  22.828  -21.482  34.172 0.0000000000
52838  22.762  -22.150  33.572 0.0000000000
54217  22.520  -21.526  33.504 0.0000000000
52875  21.920  -21.965  31.869 0.0000000000
69611  44.671  -9.257  26.263 0.0000000000
69630  44.564  -9.457  25.335 0.0000000000
55350  18.311  -20.076  51.736 0.0000000000
55363  18.066  -20.175  50.971 0.0000000000
55394  18.227  -20.335  49.633 0.0000000000
55395  17.468  -20.739  49.874 0.0000000000
51231  13.008  -23.783  45.549 0.0000000000
51230  13.783  -22.925  45.347 0.0000000000
51245  13.219  -23.092  44.484 0.0000000000
51263  12.947  -22.953  43.621 0.0000000000
51264  12.390  -23.643  43.775 0.0000000000
76985  58.175  -2.926  22.464 0.0000000000
76966  58.293  -3.468  23.530 0.0000000000
75722  54.614  -4.569  24.574 0.0000000000
75703  53.173  -4.768  25.871 0.0000000000
74372  50.053  -5.674  27.749 0.0000000000
74386  49.274  -5.765  26.764 0.0000000000
74374  48.677  -6.021  27.476 0.0000000000
73111  48.190  -6.173  27.409 0.0000000000
73092  48.509  -6.131  28.097 0.0000000000
70724  46.153  -8.360  31.535 0.0000000000
70725  45.804  -8.087  31.084 0.0000000000
69547  46.641  -9.088  31.578 0.0000000000
69558  46.530  -9.443  30.566 0.0000000000
73010  49.038  -5.860  36.287 0.0000000000
71816  48.811  -6.453  36.068 0.0000000000
67092  50.814  -11.275  33.483 0.0000000000
68268  51.287  -10.556  33.095 0.0000000000
68267  51.547  -11.034  32.867 0.0000000000
68284  51.588  -10.806  32.297 0.0000000000
68283  51.681  -11.103  32.284 0.0000000000
65964  51.256  -12.052  31.197 0.0000000000
67112  50.896  -11.726  32.439 0.0000000000
65986  46.841  -11.963  30.946 0.0000000000
67150  46.322  -11.614  30.617 0.0000000000
67151  45.591  -11.298  30.016 0.0000000000
71778  44.922  -6.965  40.588 0.0000000000
64610  43.146  -13.843  38.488 0.0000000000
65835  42.736  -12.991  38.501 0.0000000000
68242  43.193  -9.959  35.163 0.0000000000
69494  43.663  -9.509  35.803 0.0000000000
68257  43.579  -9.750  34.291 0.0000000000
68273  42.741  -10.202  33.594 0.0000000000
67167  41.327  -11.254  28.504 0.0000000000
68362  41.957  -10.770  28.601 0.0000000000
67188  41.713  -11.186  27.526 0.0000000000
67227  41.314  -11.498  25.971 0.0000000000
63509  39.679  -14.356  24.591 0.0000000000
64805  39.861  -14.007  24.049 0.0000000000
63523  39.388  -14.174  23.809 0.0000000000
60831  38.579  -16.662  27.435 0.0000000000
51391  35.451  -23.355  34.472 0.0000000000
55703  31.506  -20.757  30.017 0.0000000000
54307  32.353  -21.292  30.198 0.0000000000
55749  31.565  -20.399  29.076 0.0000000000
57026  31.160  -20.183  28.983 0.0000000000
55750  25.274  -19.603  28.900 0.0000000000
57053  25.863  -19.278  28.743 0.0000000000
75862  52.618  -4.291  15.647 0.0000000000
52611  25.875  -22.087  48.521 0.0000000000
53954  25.193  -21.379  50.175 0.0000000000
53986  23.545  -20.759  49.084 0.0000000000
52595  26.556  -22.357  49.075 0.0000000000
51180  26.765  -23.031  48.930 0.0000000000
52625  26.033  -22.323  47.549 0.0000000000
52722  41.803  -22.288  40.010 0.0000000000
52739  41.495  -22.700  39.534 0.0000000000
54159  42.271  -21.378  38.254 0.0000000000
54141  42.575  -21.605  38.802 0.0000000000
55559  42.671  -20.927  38.260 0.0000000000
55558  43.185  -20.555  38.601 0.0000000000
55575  42.903  -20.377  37.957 0.0000000000
56877  43.226  -20.045  38.009 0.0000000000
56889  42.369  -20.148  37.056 0.0000000000
55620  40.861  -20.130  36.225 0.0000000000
56903  41.344  -19.964  36.213 0.0000000000
56944  41.511  -19.046  34.515 0.0000000000
56945  40.479  -19.349  34.535 0.0000000000
56964  39.804  -18.954  33.702 0.0000000000
56946  39.314  -19.613  34.525 0.0000000000
55647  38.138  -19.893  34.041 0.0000000000
55666  37.046  -19.986  32.584 0.0000000000
55640  36.835  -20.661  33.725 0.0000000000
51469  21.900  -23.210  29.187 0.0000000000
73221  47.384  -6.143  19.056 0.0000000000
54181  23.071  -21.178  36.081 0.0000000000
54182  22.645  -20.778  35.525 0.0000000000
55611  22.404  -20.393  36.240 0.0000000000
55589  21.509  -19.714  36.868 0.0000000000
56896  20.670  -19.418  36.594 0.0000000000
55590  20.591  -19.501  37.175 0.0000000000
54077  18.280  -20.473  42.483 0.0000000000
54097  18.624  -20.426  42.146 0.0000000000
54118  15.797  -20.849  40.814 0.0000000000
54117  16.735  -20.640  40.974 0.0000000000
54154  15.287  -20.370  38.931 0.0000000000
54155  14.331  -20.634  38.640 0.0000000000
54135  14.525  -20.882  39.596 0.0000000000
54120  13.642  -21.348  40.316 0.0000000000
52750  12.349  -21.937  39.411 0.0000000000
46682  35.838  -27.377  43.762 0.0000000000
46698  35.093  -27.802  42.549 0.0000000000
46712  35.800  -27.420  41.958 0.0000000000
46726  35.830  -27.000  41.308 0.0000000000
46727  35.332  -26.821  41.187 0.0000000000
47814  35.485  -26.404  39.891 0.0000000000
47794  34.739  -26.609  40.889 0.0000000000
47796  32.519  -26.503  40.926 0.0000000000
47795  33.641  -26.528  40.713 0.0000000000
47817  32.179  -26.247  39.990 0.0000000000
51281  25.527  -23.541  42.074 0.0000000000
51297  25.834  -23.980  41.511 0.0000000000
51298  25.498  -23.588  41.243 0.0000000000
52766  24.454  -23.045  38.769 0.0000000000
51330  25.170  -23.377  39.621 0.0000000000
51339  24.880  -23.442  38.707 0.0000000000
51349  25.227  -23.770  38.294 0.0000000000
51340  24.514  -23.247  38.206 0.0000000000
51351  24.448  -23.163  37.526 0.0000000000
52777  23.950  -22.637  37.389 0.0000000000
54180  23.408  -21.779  36.592 0.0000000000
54191  23.088  -21.310  34.941 0.0000000000
68405  46.553  -10.655  26.924 0.0000000000
68417  46.289  -10.739  26.112 0.0000000000
68416  47.007  -10.847  26.400 0.0000000000
67222  48.487  -11.341  25.621 0.0000000000
48843  11.886  -25.262  45.276 0.0000000000
49965  12.333  -24.663  45.612 0.0000000000
49980  11.662  -24.907  44.220 0.0000000000
48858  11.085  -25.468  43.883 0.0000000000
74319  48.395  -5.928  29.957 0.0000000000
74305  48.155  -5.807  31.223 0.0000000000
73044  46.487  -6.899  32.468 0.0000000000
71807  50.171  -7.412  37.235 0.0000000000
70665  50.366  -8.378  36.806 0.0000000000
67042  49.733  -10.731  35.686 0.0000000000
67041  50.076  -10.650  35.727 0.0000000000
67056  50.070  -10.998  35.328 0.0000000000
67072  50.471  -10.759  34.670 0.0000000000
67073  50.044  -11.374  34.641 0.0000000000
67074  49.267  -11.427  34.535 0.0000000000
68253  47.927  -11.030  34.486 0.0000000000
67076  47.823  -11.272  34.028 0.0000000000
67096  47.479  -11.292  33.371 0.0000000000
67114  47.181  -11.332  32.579 0.0000000000
68269  46.837  -10.908  33.146 0.0000000000
63345  42.253  -14.828  35.124 0.0000000000
63346  41.815  -14.184  34.846 0.0000000000
64689  41.439  -13.465  32.603 0.0000000000
67078  41.690  -11.764  34.058 0.0000000000
65951  41.316  -12.298  32.199 0.0000000000
65988  40.601  -12.719  29.898 0.0000000000
67154  40.668  -11.920  29.181 0.0000000000
66044  40.396  -12.651  27.258 0.0000000000
66020  40.399  -12.815  27.901 0.0000000000
63482  40.346  -14.536  26.672 0.0000000000
63483  39.956  -14.874  26.142 0.0000000000
59622  35.702  -17.516  26.545 0.0000000000
59636  35.997  -17.143  26.069 0.0000000000
60921  33.790  -15.755  23.887 0.0000000000
62159  34.408  -15.621  23.587 0.0000000000
62160  33.369  -15.545  23.388 0.0000000000
51416  32.001  -22.930  34.040 0.0000000000
54237  30.377  -21.598  32.582 0.0000000000
54263  30.596  -21.216  31.558 0.0000000000
54286  31.075  -21.155  30.900 0.0000000000
78290  57.622  -2.832  16.181 0.0000000000
77091  56.919  -3.148  15.629 0.0000000000
55492  23.843  -21.139  42.624 0.0000000000
55511  23.424  -20.779  41.646 0.0000000000
55478  22.683  -20.216  43.704 0.0000000000
54011  23.934  -20.989  46.925 0.0000000000
56779  21.950  -19.638  45.997 0.0000000000
56796  21.680  -19.649  45.497 0.0000000000
55463  21.067  -19.679  44.355 0.0000000000
56798  20.557  -19.633  44.817 0.0000000000
55464  20.164  -19.716  44.193 0.0000000000
55448  19.950  -19.629  44.836 0.0000000000
55449  19.379  -19.723  45.304 0.0000000000
55450  18.564  -20.136  45.653 0.0000000000
47718  30.663  -26.093  46.273 0.0000000000
48797  31.219  -25.725  46.706 0.0000000000
47729  31.090  -26.423  45.614 0.0000000000
47728  31.860  -26.701  45.664 0.0000000000
47743  30.813  -26.257  44.736 0.0000000000
47744  30.182  -25.823  45.081 0.0000000000
48842  29.068  -24.937  44.383 0.0000000000
49995  28.683  -24.575  43.801 0.0000000000
49977  27.826  -24.107  44.183 0.0000000000
51202  27.647  -23.514  47.199 0.0000000000
49938  28.221  -23.984  46.886 0.0000000000
51228  27.171  -23.458  45.244 0.0000000000
51243  26.412  -23.282  44.356 0.0000000000
51242  27.055  -23.472  44.112 0.0000000000
51261  26.130  -23.662  43.109 0.0000000000
54075  24.882  -22.645  43.006 0.0000000000
64745  51.168  -12.598  27.589 0.0000000000
74219  51.190  -5.017  37.802 0.0000000000
75437  51.194  -4.313  38.257 0.0000000000
74192  49.353  -5.191  38.677 0.0000000000
72971  49.537  -6.121  38.433 0.0000000000
72972  48.665  -6.316  38.785 0.0000000000
70623  49.022  -7.942  38.468 0.0000000000
71787  48.688  -7.315  38.795 0.0000000000
55524  41.603  -20.764  40.334 0.0000000000
61928  44.356  -15.888  39.163 0.0000000000
63301  44.042  -15.052  39.719 0.0000000000
61916  44.110  -15.335  39.342 0.0000000000
61939  43.564  -15.719  37.948 0.0000000000
58200  43.630  -18.912  37.221 0.0000000000
59468  44.138  -17.877  37.356 0.0000000000
59478  43.921  -17.850  36.771 0.0000000000
60729  43.272  -17.110  34.836 0.0000000000
60710  43.496  -16.938  35.645 0.0000000000
61975  42.960  -15.996  35.527 0.0000000000
60730  43.076  -16.572  34.624 0.0000000000
59546  42.080  -17.019  31.794 0.0000000000
60760  42.350  -16.565  31.920 0.0000000000
62045  42.136  -15.815  31.546 0.0000000000
60775  41.683  -16.551  30.857 0.0000000000
60796  41.455  -16.291  30.008 0.0000000000
59568  41.344  -17.020  30.757 0.0000000000
59570  39.830  -17.555  30.692 0.0000000000
59588  40.165  -16.978  29.947 0.0000000000
59589  39.073  -17.344  29.943 0.0000000000
59597  38.800  -16.896  28.955 0.0000000000
56982  39.121  -18.892  33.046 0.0000000000
58276  39.101  -18.697  32.252 0.0000000000
58277  38.482  -18.873  32.116 0.0000000000
57022  37.047  -18.967  30.331 0.0000000000
58301  37.695  -18.692  30.697 0.0000000000
58333  36.268  -17.946  27.529 0.0000000000
58317  36.126  -18.603  28.603 0.0000000000
57067  35.014  -19.223  28.321 0.0000000000
58334  35.145  -18.614  27.856 0.0000000000
58335  33.990  -18.696  27.666 0.0000000000
54215  26.310  -21.722  33.223 0.0000000000
54240  26.804  -21.269  32.622 0.0000000000
55710  24.686  -21.036  30.781 0.0000000000
55734  24.418  -20.726  30.137 0.0000000000
52912  22.257  -22.769  28.744 0.0000000000
54320  22.711  -22.134  29.288 0.0000000000
52924  22.210  -22.867  27.634 0.0000000000
55763  23.472  -20.598  28.101 0.0000000000
77029  54.570  -3.442  19.273 0.0000000000
75842  52.416  -3.796  18.706 0.0000000000
77097  52.485  -3.591  17.346 0.0000000000
75844  51.127  -4.348  17.538 0.0000000000
74475  49.848  -4.986  19.495 0.0000000000
74474  50.570  -4.697  19.374 0.0000000000
74520  49.664  -4.711  17.796 0.0000000000
56953  21.442  -19.908  33.853 0.0000000000
55651  20.918  -20.022  32.931 0.0000000000
56970  21.066  -19.816  33.427 0.0000000000
55532  22.211  -20.053  40.538 0.0000000000
56858  22.391  -19.999  39.985 0.0000000000
55552  19.562  -19.864  39.395 0.0000000000
55551  20.772  -19.814  39.348 0.0000000000
55536  18.002  -20.206  40.334 0.0000000000
55535  18.910  -20.077  40.399 0.0000000000
55614  16.828  -19.283  37.018 0.0000000000
55592  17.832  -19.510  37.969 0.0000000000
55613  17.488  -19.286  37.405 0.0000000000
46709  38.139  -26.941  43.074 0.0000000000
47762  38.656  -26.680  43.237 0.0000000000
48891  39.365  -25.574  41.022 0.0000000000
48890  39.793  -25.067  41.089 0.0000000000
50033  40.655  -24.040  39.927 0.0000000000
50059  38.062  -24.824  38.672 0.0000000000
50058  39.470  -24.124  38.792 0.0000000000
51345  39.167  -23.310  37.936 0.0000000000
51346  38.314  -23.392  37.552 0.0000000000
51355  37.548  -23.290  37.079 0.0000000000
50076  37.371  -24.178  37.496 0.0000000000
50111  35.417  -24.002  35.482 0.0000000000
47832  34.371  -25.760  39.064 0.0000000000
48918  35.078  -25.578  38.344 0.0000000000
48919  34.211  -25.458  38.346 0.0000000000
50097  33.003  -24.387  37.133 0.0000000000
48940  33.978  -24.969  37.392 0.0000000000
50096  33.750  -24.689  37.030 0.0000000000
50113  33.851  -24.431  36.001 0.0000000000
51373  33.013  -23.714  35.829 0.0000000000
51359  31.061  -23.536  36.307 0.0000000000
51375  30.770  -23.119  35.620 0.0000000000
52794  30.186  -22.755  35.329 0.0000000000
51376  29.825  -23.002  35.921 0.0000000000
47755  30.756  -25.920  43.619 0.0000000000
47764  31.456  -26.360  42.769 0.0000000000
47765  30.750  -25.844  42.476 0.0000000000
47778  29.575  -25.440  41.216 0.0000000000
47777  30.472  -25.765  41.525 0.0000000000
47799  29.499  -25.471  40.643 0.0000000000
48893  29.459  -25.465  40.108 0.0000000000
48886  27.447  -24.840  41.058 0.0000000000
50067  27.987  -24.488  38.395 0.0000000000
48910  27.760  -24.738  39.478 0.0000000000
48925  28.345  -24.730  38.959 0.0000000000
48924  29.114  -25.003  38.896 0.0000000000
50066  28.794  -24.553  38.324 0.0000000000
50083  29.260  -24.231  37.676 0.0000000000
51363  27.341  -23.458  36.487 0.0000000000
51362  28.284  -23.449  36.534 0.0000000000
51378  27.749  -23.003  35.963 0.0000000000
52796  28.381  -22.553  35.364 0.0000000000
51398  25.051  -23.353  34.644 0.0000000000
52813  25.671  -22.729  34.402 0.0000000000
52853  24.614  -22.509  32.866 0.0000000000
52837  24.285  -23.114  33.402 0.0000000000
51437  22.816  -22.574  32.879 0.0000000000
51420  23.230  -22.980  33.533 0.0000000000
51436  23.268  -22.745  32.555 0.0000000000
71962  46.087  -7.186  24.396 0.0000000000
71963  45.371  -7.629  23.837 0.0000000000
69661  44.451  -9.440  23.496 0.0000000000
70837  44.511  -8.813  23.110 0.0000000000
69687  44.305  -9.642  22.147 0.0000000000
67238  45.531  -10.761  24.483 0.0000000000
67300  45.627  -11.445  20.812 0.0000000000
66059  50.890  -12.577  26.768 0.0000000000
56724  24.491  -19.451  49.664 0.0000000000
55359  23.426  -19.951  51.310 0.0000000000
55347  23.324  -19.997  51.697 0.0000000000
53956  23.270  -20.271  51.112 0.0000000000
55348  22.988  -19.924  51.595 0.0000000000
55361  20.482  -20.057  51.072 0.0000000000
146249  21.109  -20.044  50.786 0.0000000000
55392  20.182  -19.845  49.273 0.0000000000
53987  17.764  -20.529  48.011 0.0000000000
55426  18.609  -20.113  47.700 0.0000000000
54013  17.095  -20.920  46.430 0.0000000000
52614  14.921  -22.269  48.651 0.0000000000
52599  14.971  -22.440  49.652 0.0000000000
52598  15.644  -21.951  49.179 0.0000000000
53989  16.290  -21.449  48.753 0.0000000000
52613  15.630  -21.752  48.215 0.0000000000
52667  14.441  -22.259  44.972 0.0000000000
52654  15.031  -21.833  45.713 0.0000000000
52666  15.292  -21.654  45.039 0.0000000000
52665  15.643  -21.481  45.142 0.0000000000
52682  14.896  -21.762  44.487 0.0000000000
54064  14.495  -21.789  43.463 0.0000000000
52698  14.024  -21.992  43.339 0.0000000000
52700  12.776  -22.469  42.214 0.0000000000
50016  11.147  -24.365  42.615 0.0000000000
78210  58.226  -2.547  20.324 0.0000000000
76987  56.020  -3.505  21.936 0.0000000000
76988  55.235  -3.682  21.661 0.0000000000
75782  54.169  -3.980  20.960 0.0000000000
75765  54.658  -3.966  22.006 0.0000000000
75719  57.671  -3.773  24.012 0.0000000000
75766  53.685  -4.345  22.403 0.0000000000
75767  52.744  -4.515  22.663 0.0000000000
75768  51.875  -4.730  22.850 0.0000000000
75748  51.031  -4.795  23.993 0.0000000000
74430  49.487  -5.589  23.621 0.0000000000
74382  52.505  -4.706  26.304 0.0000000000
74383  51.735  -4.725  26.392 0.0000000000
73126  48.933  -5.989  25.848 0.0000000000
73137  48.947  -5.823  25.028 0.0000000000
73148  48.329  -6.133  24.341 0.0000000000
73139  47.577  -6.536  25.667 0.0000000000
73129  46.593  -6.692  26.957 0.0000000000
71941  45.972  -7.046  26.392 0.0000000000
71929  45.326  -7.369  26.854 0.0000000000
73076  46.994  -6.445  29.228 0.0000000000
73077  46.262  -6.625  29.527 0.0000000000
70761  45.160  -8.643  28.495 0.0000000000
69578  45.768  -9.692  28.595 0.0000000000
69568  47.537  -10.337  29.539 0.0000000000
68339  47.495  -10.432  29.069 0.0000000000
68338  48.217  -10.509  29.346 0.0000000000
68355  48.938  -10.665  28.637 0.0000000000
68337  49.199  -10.554  29.388 0.0000000000
74263  48.702  -4.767  34.694 0.0000000000
71825  48.410  -7.135  35.683 0.0000000000
71826  47.586  -6.531  35.104 0.0000000000
71848  46.831  -7.380  33.530 0.0000000000
70690  47.928  -8.158  34.645 0.0000000000
70675  50.112  -8.293  35.663 0.0000000000
69517  49.498  -9.292  33.689 0.0000000000
69518  47.976  -9.198  33.456 0.0000000000
69544  50.369  -10.323  31.635 0.0000000000
68316  51.332  -10.727  30.484 0.0000000000
68335  51.058  -10.657  29.603 0.0000000000
67161  51.734  -11.647  28.923 0.0000000000
67149  51.981  -11.684  29.957 0.0000000000
65982  50.709  -12.430  30.511 0.0000000000
65998  51.143  -12.450  29.471 0.0000000000
65999  49.971  -12.455  29.606 0.0000000000
66015  49.200  -12.536  28.571 0.0000000000
65984  48.343  -12.407  30.706 0.0000000000
66016  48.058  -12.800  28.809 0.0000000000
71790  46.613  -7.233  39.504 0.0000000000
70626  47.022  -7.645  38.761 0.0000000000
70625  47.839  -7.671  38.597 0.0000000000
66986  43.296  -11.684  41.205 0.0000000000
68186  43.213  -10.739  40.517 0.0000000000
69431  43.099  -9.742  39.705 0.0000000000
67028  42.303  -11.902  37.465 0.0000000000
69462  42.962  -9.654  37.687 0.0000000000
69463  42.563  -10.371  37.963 0.0000000000
70658  43.368  -9.167  38.189 0.0000000000
70644  43.465  -8.968  38.924 0.0000000000
70643  44.318  -8.271  38.907 0.0000000000
70657  44.029  -8.496  38.173 0.0000000000
69476  45.516  -8.743  36.203 0.0000000000
69460  45.003  -8.554  37.436 0.0000000000
69459  46.291  -8.746  36.964 0.0000000000
68271  44.967  -9.865  33.311 0.0000000000
69520  45.542  -9.854  33.733 0.0000000000
68287  45.407  -10.262  32.566 0.0000000000
68303  44.916  -10.209  31.769 0.0000000000
68290  42.057  -10.681  31.679 0.0000000000
68289  42.861  -10.261  32.430 0.0000000000
68343  42.667  -10.596  29.512 0.0000000000
68342  43.562  -10.482  29.801 0.0000000000
68359  44.239  -10.707  29.351 0.0000000000
67152  44.958  -10.889  29.372 0.0000000000
67208  43.487  -11.507  26.545 0.0000000000
66076  40.483  -12.706  25.769 0.0000000000
64834  40.170  -13.662  22.569 0.0000000000
64816  40.538  -13.271  23.313 0.0000000000
60813  40.583  -16.148  28.872 0.0000000000
60852  38.392  -16.302  26.611 0.0000000000
62090  39.517  -15.881  27.012 0.0000000000
60853  37.379  -16.603  26.226 0.0000000000
62157  36.386  -15.555  23.093 0.0000000000
52785  36.905  -22.671  36.108 0.0000000000
52792  37.234  -22.047  36.025 0.0000000000
52793  36.630  -22.323  35.419 0.0000000000
52826  35.619  -22.117  33.554 0.0000000000
54210  35.506  -21.721  33.022 0.0000000000
54233  35.807  -21.058  32.691 0.0000000000
54234  35.104  -21.656  32.130 0.0000000000
52849  33.301  -22.606  32.266 0.0000000000
51433  34.034  -23.006  32.735 0.0000000000
52869  33.360  -22.289  31.410 0.0000000000
54283  33.320  -21.581  30.374 0.0000000000
52885  33.634  -21.767  30.649 0.0000000000
54282  34.094  -21.381  30.342 0.0000000000
54304  33.831  -20.978  29.712 0.0000000000
55724  34.330  -20.370  29.519 0.0000000000
55725  33.484  -20.700  29.325 0.0000000000
57071  31.764  -19.501  27.678 0.0000000000
57046  33.180  -19.844  28.332 0.0000000000
57090  32.107  -19.154  27.208 0.0000000000
58337  32.508  -19.018  27.214 0.0000000000
54266  27.316  -20.776  31.969 0.0000000000
55731  28.122  -19.803  30.088 0.0000000000
55730  29.176  -19.982  29.886 0.0000000000
58364  25.879  -18.505  26.883 0.0000000000
58341  26.345  -18.625  27.566 0.0000000000
58339  28.340  -18.369  27.268 0.0000000000
58319  27.889  -18.614  27.940 0.0000000000
57074  29.073  -18.558  27.472 0.0000000000
57073  29.780  -18.853  27.297 0.0000000000
59644  29.451  -17.609  25.155 0.0000000000
58379  29.850  -17.879  25.900 0.0000000000
79397  59.439  -1.621  14.684 0.0000000000
78270  55.807  -3.068  17.258 0.0000000000
77107  54.509  -3.700  15.640 0.0000000000
77112  55.412  -3.432  14.504 0.0000000000
71985  45.542  -7.876  21.578 0.0000000000
71993  46.241  -7.373  21.088 0.0000000000
71994  45.533  -7.973  20.515 0.0000000000
52596  25.461  -21.747  49.540 0.0000000000
53953  25.831  -21.549  49.864 0.0000000000
55373  25.534  -21.138  50.166 0.0000000000
55374  24.806  -20.729  50.444 0.0000000000
52757  40.952  -22.888  38.706 0.0000000000
52756  41.678  -22.642  38.969 0.0000000000
52773  40.828  -22.279  38.248 0.0000000000
54160  41.572  -21.570  38.061 0.0000000000
55577  41.407  -20.883  37.420 0.0000000000
55598  41.902  -20.370  37.047 0.0000000000
55621  40.237  -20.227  35.885 0.0000000000
56922  39.430  -19.860  35.117 0.0000000000
55622  39.357  -20.230  35.601 0.0000000000
55623  38.423  -20.551  35.428 0.0000000000
55624  37.781  -20.668  34.959 0.0000000000
74455  48.667  -5.762  21.750 0.0000000000
74456  48.072  -6.099  21.464 0.0000000000
73186  47.578  -6.400  21.086 0.0000000000
73187  46.829  -6.773  20.576 0.0000000000
55566  22.584  -20.565  38.297 0.0000000000
54078  17.617  -20.625  42.569 0.0000000000
54100  16.206  -20.971  41.753 0.0000000000
45782  34.499  -28.037  44.705 0.0000000000
45793  35.218  -27.894  43.463 0.0000000000
45794  34.605  -28.045  43.802 0.0000000000
46714  33.777  -27.230  41.818 0.0000000000
47774  33.969  -26.745  41.297 0.0000000000
46715  33.018  -26.831  41.648 0.0000000000
52731  24.493  -22.644  39.982 0.0000000000
52749  24.287  -22.593  39.275 0.0000000000
54151  23.612  -22.101  38.225 0.0000000000
68403  48.481  -11.028  27.215 0.0000000000
47745  11.097  -26.478  45.079 0.0000000000
146417  48.835  -5.451  31.260 0.0000000000
74279  47.987  -5.423  33.383 0.0000000000
69438  49.535  -8.605  37.583 0.0000000000
69455  50.125  -9.185  37.086 0.0000000000
68215  49.556  -9.866  36.592 0.0000000000
67058  48.899  -10.997  34.916 0.0000000000
68239  48.967  -10.714  35.291 0.0000000000
68240  48.263  -10.655  35.140 0.0000000000
62033  42.008  -15.147  32.242 0.0000000000
63378  41.689  -14.438  32.958 0.0000000000
63388  41.585  -14.376  32.023 0.0000000000
64701  41.224  -13.641  31.457 0.0000000000
64702  40.826  -13.390  30.790 0.0000000000
64712  40.656  -13.717  30.197 0.0000000000
64721  40.561  -13.719  29.274 0.0000000000
64731  40.541  -13.714  28.265 0.0000000000
52808  30.926  -22.528  34.382 0.0000000000
52830  31.345  -22.432  33.670 0.0000000000
54211  30.366  -21.833  33.258 0.0000000000
54264  29.589  -20.887  31.914 0.0000000000
78268  57.516  -2.729  17.189 0.0000000000
55436  23.217  -20.463  47.079 0.0000000000
55437  22.602  -20.058  47.227 0.0000000000
56763  22.151  -19.765  46.774 0.0000000000
56764  21.533  -19.648  46.564 0.0000000000
56781  20.385  -19.613  45.572 0.0000000000
56765  20.824  -19.583  46.406 0.0000000000
56750  20.490  -19.564  46.980 0.0000000000
55425  19.653  -19.587  47.312 0.0000000000
48822  29.746  -25.562  45.646 0.0000000000
48811  29.459  -25.048  46.210 0.0000000000
49961  28.416  -24.412  45.523 0.0000000000
52638  26.773  -22.862  47.001 0.0000000000
51216  26.883  -23.172  46.394 0.0000000000
51217  26.372  -22.959  45.931 0.0000000000
52663  25.868  -23.044  44.495 0.0000000000
52681  25.307  -23.103  43.502 0.0000000000
52664  25.375  -22.605  44.526 0.0000000000
55522  43.144  -20.140  40.199 0.0000000000
58158  42.666  -19.054  40.904 0.0000000000
58139  42.678  -18.208  41.224 0.0000000000
60594  44.109  -16.294  41.209 0.0000000000
61894  44.010  -15.624  41.611 0.0000000000
60605  44.316  -16.274  40.438 0.0000000000
60620  44.442  -16.544  39.606 0.0000000000
60641  44.367  -16.600  38.474 0.0000000000
56918  42.846  -18.820  35.434 0.0000000000
58220  43.232  -18.430  35.556 0.0000000000
58235  43.064  -18.186  34.884 0.0000000000
59499  43.001  -17.648  34.345 0.0000000000
59510  43.014  -17.230  33.916 0.0000000000
60742  42.939  -16.690  33.783 0.0000000000
59511  42.691  -17.476  33.413 0.0000000000
59524  42.249  -17.272  32.313 0.0000000000
59547  41.501  -17.308  31.492 0.0000000000
58292  40.936  -17.726  31.645 0.0000000000
59549  40.041  -17.729  31.258 0.0000000000
58294  39.430  -18.068  31.392 0.0000000000
56997  37.547  -19.225  31.672 0.0000000000
57009  37.227  -19.190  30.976 0.0000000000
57023  36.365  -19.047  29.858 0.0000000000
57042  35.961  -19.040  29.227 0.0000000000
57043  35.405  -19.321  28.810 0.0000000000
57044  34.607  -19.708  28.709 0.0000000000
54242  24.994  -22.075  32.657 0.0000000000
54291  24.164  -21.568  30.966 0.0000000000
54308  23.904  -21.258  30.307 0.0000000000
77016  53.861  -3.708  20.275 0.0000000000
77030  53.626  -3.618  19.687 0.0000000000
75807  52.650  -3.990  19.827 0.0000000000
75823  52.093  -4.126  19.097 0.0000000000
74500  48.172  -5.549  18.526 0.0000000000
56935  20.514  -19.344  34.973 0.0000000000
55555  16.684  -20.094  39.249 0.0000000000
55571  17.213  -19.853  38.667 0.0000000000
47771  37.569  -26.866  41.736 0.0000000000
47770  38.309  -26.636  42.311 0.0000000000
47790  38.266  -26.473  41.290 0.0000000000
47811  38.283  -26.210  40.473 0.0000000000
48900  39.165  -25.518  40.171 0.0000000000
50049  38.274  -25.288  39.248 0.0000000000
48929  35.613  -25.260  37.796 0.0000000000
48920  33.171  -25.263  38.747 0.0000000000
50079  33.142  -24.677  37.823 0.0000000000
51347  32.588  -24.166  37.160 0.0000000000
51357  32.695  -23.990  36.719 0.0000000000
51348  32.212  -23.899  37.175 0.0000000000
50098  31.189  -23.708  36.826 0.0000000000
50099  30.607  -23.803  36.939 0.0000000000
48868  29.449  -24.913  42.714 0.0000000000
48882  30.058  -25.445  42.304 0.0000000000
48884  28.743  -25.117  41.541 0.0000000000
47779  28.730  -25.389  41.036 0.0000000000
50069  26.482  -24.400  38.945 0.0000000000
50050  27.106  -24.524  39.445 0.0000000000
51379  26.531  -23.214  35.855 0.0000000000
52798  26.360  -22.716  35.030 0.0000000000
52815  23.377  -22.587  34.604 0.0000000000
51421  22.980  -22.644  33.684 0.0000000000
52874  22.438  -22.369  32.301 0.0000000000
71943  44.767  -7.993  25.348 0.0000000000
71954  44.770  -8.054  24.368 0.0000000000
70809  44.465  -8.688  24.862 0.0000000000
69647  44.491  -9.435  24.357 0.0000000000
68433  44.634  -10.067  23.818 0.0000000000
67253  47.514  -11.437  23.658 0.0000000000
67254  46.446  -11.323  23.843 0.0000000000
55362  19.146  -20.019  51.094 0.0000000000
55393  19.140  -19.974  49.447 0.0000000000
53988  16.900  -20.818  48.352 0.0000000000
51205  13.370  -24.179  47.557 0.0000000000
52629  14.319  -22.833  48.038 0.0000000000
52643  14.258  -22.567  46.984 0.0000000000
52655  14.420  -22.533  45.973 0.0000000000
52668  13.862  -22.491  44.398 0.0000000000
52684  13.555  -22.488  43.696 0.0000000000
51283  12.539  -22.983  42.891 0.0000000000
77000  57.490  -2.875  21.575 0.0000000000
76967  57.479  -3.504  22.918 0.0000000000
76968  56.700  -3.600  22.651 0.0000000000
75746  52.633  -4.596  23.761 0.0000000000
74415  51.408  -4.923  24.900 0.0000000000
74384  50.887  -4.865  26.509 0.0000000000
74385  50.181  -5.419  26.662 0.0000000000
73127  48.383  -6.203  26.393 0.0000000000
73113  46.266  -6.654  27.863 0.0000000000
73063  46.143  -6.815  30.512 0.0000000000
71879  45.780  -7.631  30.726 0.0000000000
70737  45.843  -8.546  30.615 0.0000000000
69559  45.886  -9.105  30.136 0.0000000000
69570  46.052  -9.440  29.663 0.0000000000
69557  47.832  -10.210  30.284 0.0000000000
74251  48.852  -4.985  35.609 0.0000000000
74252  48.355  -5.260  35.174 0.0000000000
73018  48.494  -5.919  35.776 0.0000000000
68238  50.675  -10.066  35.035 0.0000000000
69503  50.431  -9.427  34.584 0.0000000000
68299  51.462  -10.714  31.462 0.0000000000
68315  51.791  -11.140  30.704 0.0000000000
67138  51.831  -11.605  30.926 0.0000000000
65950  47.835  -12.085  32.200 0.0000000000
65967  48.028  -12.299  31.559 0.0000000000
66017  46.897  -12.717  28.449 0.0000000000
66018  45.555  -11.974  28.573 0.0000000000
71776  46.221  -6.714  39.999 0.0000000000
64578  43.826  -13.609  40.403 0.0000000000
65792  43.529  -12.857  40.485 0.0000000000
65811  43.379  -12.884  39.797 0.0000000000
67010  42.771  -12.071  39.528 0.0000000000
68195  42.644  -11.584  39.071 0.0000000000
67059  42.165  -11.571  35.578 0.0000000000
68218  42.333  -10.947  37.328 0.0000000000
68231  42.516  -10.652  36.367 0.0000000000
69478  43.197  -9.683  36.677 0.0000000000
69493  44.635  -9.137  35.540 0.0000000000
69507  44.768  -9.474  34.599 0.0000000000
68256  44.438  -9.692  33.878 0.0000000000
68324  41.868  -10.786  29.976 0.0000000000
68344  41.855  -10.728  29.141 0.0000000000
68361  42.592  -10.696  28.763 0.0000000000
67165  43.308  -10.952  28.254 0.0000000000
67226  42.358  -11.317  25.710 0.0000000000
66088  41.207  -12.113  24.322 0.0000000000
64817  39.928  -13.746  23.490 0.0000000000
60815  39.023  -16.665  28.152 0.0000000000
60830  39.488  -16.233  27.630 0.0000000000
62143  35.367  -15.833  24.087 0.0000000000
62158  35.450  -15.612  23.276 0.0000000000
51371  35.858  -23.519  35.290 0.0000000000
51390  36.099  -23.018  35.032 0.0000000000
52847  34.638  -22.443  32.537 0.0000000000
54261  32.258  -21.543  31.061 0.0000000000
52887  33.002  -22.036  31.094 0.0000000000
54284  32.707  -21.616  30.707 0.0000000000
54306  32.768  -21.338  29.972 0.0000000000
55726  32.790  -20.905  29.367 0.0000000000
55747  32.933  -20.374  28.818 0.0000000000
55748  32.156  -20.475  28.893 0.0000000000
57072  30.812  -19.371  27.532 0.0000000000
55708  26.558  -20.347  30.995 0.0000000000
55707  27.699  -20.284  30.773 0.0000000000
57030  27.460  -19.466  29.316 0.0000000000
58382  26.594  -18.059  25.645 0.0000000000
58363  26.541  -18.298  26.669 0.0000000000
58361  28.543  -18.057  26.346 0.0000000000
58360  29.518  -18.302  26.487 0.0000000000
77095  53.726  -3.540  16.802 0.0000000000
77094  54.374  -3.572  16.356 0.0000000000
70869  44.632  -9.220  20.666 0.0000000000
70868  44.997  -8.666  20.145 0.0000000000
70886  44.978  -8.962  19.483 0.0000000000
53998  24.408  -21.584  47.831 0.0000000000
52597  24.853  -21.673  49.316 0.0000000000
53985  24.370  -21.402  48.831 0.0000000000
55389  22.600  -20.231  49.660 0.0000000000
51191  26.967  -23.152  48.416 0.0000000000
52624  26.651  -22.791  47.584 0.0000000000
52724  40.203  -22.404  40.629 0.0000000000
54107  41.992  -21.778  40.142 0.0000000000
52755  42.249  -22.252  39.331 0.0000000000
54125  42.701  -21.387  39.588 0.0000000000
55543  42.924  -20.894  39.797 0.0000000000
55542  43.307  -20.528  39.557 0.0000000000
55541  43.804  -20.016  39.286 0.0000000000
56866  44.157  -19.498  39.149 0.0000000000
58189  44.385  -18.646  38.636 0.0000000000
56876  43.734  -19.583  38.211 0.0000000000
56887  43.642  -19.222  37.578 0.0000000000
56901  42.876  -19.103  36.014 0.0000000000
56902  42.090  -19.850  36.328 0.0000000000
56919  42.326  -19.124  35.168 0.0000000000
58253  40.542  -18.539  33.086 0.0000000000
56983  38.444  -19.081  32.654 0.0000000000
56947  38.635  -19.725  34.219 0.0000000000
56966  38.053  -19.406  33.029 0.0000000000
56985  37.048  -19.670  32.054 0.0000000000
55667  36.262  -20.280  32.077 0.0000000000
52901  22.984  -22.318  30.196 0.0000000000
52902  22.539  -22.598  29.948 0.0000000000
51503  21.592  -24.159  27.411 0.0000000000
75799  51.117  -4.542  21.044 0.0000000000
75809  51.196  -4.548  20.011 0.0000000000
74476  48.976  -5.336  19.581 0.0000000000
74465  48.808  -5.478  20.644 0.0000000000
54203  22.419  -20.927  34.078 0.0000000000
55631  22.122  -20.423  34.627 0.0000000000
56934  21.553  -19.743  34.672 0.0000000000
55515  19.147  -20.245  41.569 0.0000000000
54132  17.230  -20.302  40.411 0.0000000000
54153  16.025  -20.254  39.357 0.0000000000
55573  15.496  -19.867  38.219 0.0000000000
54136  13.633  -21.106  39.220 0.0000000000
46697  35.789  -27.587  42.825 0.0000000000
46711  36.724  -27.292  42.101 0.0000000000
47772  36.965  -26.885  41.406 0.0000000000
47792  36.642  -26.705  40.828 0.0000000000
47813  36.476  -26.290  39.944 0.0000000000
47830  36.027  -26.160  39.269 0.0000000000
48904  32.689  -25.790  39.565 0.0000000000
48905  32.091  -25.717  39.514 0.0000000000
48906  31.263  -25.675  39.499 0.0000000000
50015  26.474  -24.239  42.212 0.0000000000
50028  26.818  -24.503  41.510 0.0000000000
50029  26.215  -24.262  41.695 0.0000000000
50042  26.245  -24.262  41.110 0.0000000000
50052  26.245  -24.126  40.323 0.0000000000
51316  25.366  -23.415  40.525 0.0000000000
51329  25.739  -23.718  39.916 0.0000000000
50070  25.997  -24.195  39.383 0.0000000000
50088  25.254  -23.848  37.911 0.0000000000
50105  25.243  -23.834  37.468 0.0000000000
51364  24.832  -23.536  36.984 0.0000000000
51365  24.377  -23.077  36.584 0.0000000000
52800  23.400  -21.937  35.119 0.0000000000
68418  45.401  -10.331  25.897 0.0000000000
67224  46.412  -10.830  25.523 0.0000000000
67206  47.468  -10.955  26.355 0.0000000000
67236  47.430  -11.261  24.691 0.0000000000
49964  12.743  -24.376  46.222 0.0000000000
51232  12.464  -24.242  45.159 0.0000000000
49999  12.089  -24.358  44.178 0.0000000000
48859  10.638  -25.727  43.271 0.0000000000
74358  48.855  -5.943  28.690 0.0000000000
73074  48.317  -6.236  28.757 0.0000000000
74338  48.580  -6.047  29.241 0.0000000000
73061  47.646  -6.238  29.660 0.0000000000
73052  47.014  -6.290  30.973 0.0000000000
73053  46.396  -6.759  31.528 0.0000000000
71861  46.378  -7.492  32.437 0.0000000000
70715  46.482  -8.182  32.493 0.0000000000
71814  50.183  -7.469  36.557 0.0000000000
70674  50.480  -8.518  36.059 0.0000000000
69490  50.528  -9.355  35.543 0.0000000000
68225  50.314  -10.094  35.805 0.0000000000
65947  50.171  -11.987  32.885 0.0000000000
65927  50.069  -11.771  33.444 0.0000000000
65928  49.491  -12.004  33.324 0.0000000000
65929  48.745  -12.123  33.078 0.0000000000
67095  48.198  -11.672  33.453 0.0000000000
65930  48.207  -11.962  32.734 0.0000000000
67127  47.428  -11.764  32.176 0.0000000000
67128  47.009  -11.536  31.855 0.0000000000
67129  46.478  -11.066  31.778 0.0000000000
70606  43.879  -7.694  41.623 0.0000000000
64634  42.344  -13.787  36.915 0.0000000000
64635  41.960  -13.430  36.243 0.0000000000
65877  41.796  -12.904  35.965 0.0000000000
65895  41.932  -12.245  36.024 0.0000000000
64662  41.626  -13.544  34.626 0.0000000000
65896  41.760  -12.624  35.265 0.0000000000
67060  41.843  -11.955  34.792 0.0000000000
67077  42.221  -11.246  34.694 0.0000000000
67097  42.137  -10.968  33.874 0.0000000000
67117  41.739  -11.065  32.366 0.0000000000
65970  40.907  -12.511  30.912 0.0000000000
65987  40.832  -12.143  30.306 0.0000000000
67141  41.256  -11.533  30.425 0.0000000000
67189  40.832  -11.590  27.620 0.0000000000
67211  40.503  -12.009  27.010 0.0000000000
66063  40.395  -12.734  26.604 0.0000000000
64776  40.416  -13.574  26.225 0.0000000000
63495  39.148  -14.791  25.046 0.0000000000
59609  36.924  -17.499  27.273 0.0000000000
59620  37.280  -17.157  26.926 0.0000000000
59621  36.522  -17.345  26.655 0.0000000000
60872  35.840  -16.665  25.381 0.0000000000
60873  34.758  -16.677  25.311 0.0000000000
60897  35.180  -16.295  24.654 0.0000000000
51393  33.753  -23.669  34.731 0.0000000000
51414  33.992  -23.410  33.545 0.0000000000
52828  32.951  -22.702  32.949 0.0000000000
52850  32.436  -22.367  32.441 0.0000000000
52851  31.477  -22.136  32.727 0.0000000000
52871  31.925  -21.889  32.061 0.0000000000
54262  31.672  -21.516  31.393 0.0000000000
55704  30.900  -20.649  30.315 0.0000000000
57077  24.784  -19.398  27.583 0.0000000000
57095  24.439  -19.439  26.471 0.0000000000
57094  25.192  -18.795  26.817 0.0000000000
78318  59.035  -2.291  15.357 0.0000000000
78307  58.401  -2.567  15.762 0.0000000000
78320  57.462  -2.659  14.487 0.0000000000
77110  56.978  -3.054  14.407 0.0000000000
77111  56.398  -3.212  14.236 0.0000000000
75871  51.704  -4.894  14.926 0.0000000000
55530  23.702  -21.366  40.857 0.0000000000
55512  22.551  -20.347  41.573 0.0000000000
55495  20.998  -20.036  42.530 0.0000000000
55481  19.558  -19.897  43.459 0.0000000000
55482  18.659  -20.124  43.693 0.0000000000
54042  17.953  -20.609  44.062 0.0000000000
54043  17.120  -20.917  44.411 0.0000000000
46651  32.164  -27.377  46.580 0.0000000000
46670  32.332  -27.087  45.137 0.0000000000
48855  30.053  -25.548  43.936 0.0000000000
48841  29.631  -25.497  44.671 0.0000000000
48856  29.471  -25.091  43.716 0.0000000000
50011  29.139  -24.700  43.336 0.0000000000
50012  28.664  -24.593  42.917 0.0000000000
49997  27.349  -24.371  42.933 0.0000000000
49951  28.085  -23.984  45.964 0.0000000000
49962  27.809  -24.024  45.144 0.0000000000
49978  27.437  -23.753  44.257 0.0000000000
51259  27.489  -24.127  43.528 0.0000000000
49998  26.804  -24.162  42.730 0.0000000000
52696  25.063  -22.884  42.402 0.0000000000
52697  24.608  -22.565  41.660 0.0000000000
54096  24.186  -22.052  41.294 0.0000000000
67183  51.430  -11.752  27.848 0.0000000000
67202  51.347  -11.741  27.345 0.0000000000
66037  51.350  -12.315  27.643 0.0000000000
64769  51.060  -12.681  27.281 0.0000000000
75505  49.358  -4.360  35.450 0.0000000000
74250  49.192  -4.860  36.036 0.0000000000
74237  49.334  -5.297  36.639 0.0000000000
74221  49.803  -5.466  37.441 0.0000000000
72999  50.030  -6.080  37.534 0.0000000000
72998  50.134  -6.324  37.670 0.0000000000
71799  49.913  -7.247  37.760 0.0000000000
74191  50.108  -5.488  38.270 0.0000000000
72987  50.020  -6.302  38.058 0.0000000000
70637  49.594  -7.935  37.903 0.0000000000
69429  49.198  -8.217  38.014 0.0000000000
69430  48.944  -8.220  38.133 0.0000000000
69439  48.815  -8.528  37.714 0.0000000000
63290  43.842  -14.148  39.912 0.0000000000
64593  43.644  -13.756  39.578 0.0000000000
64609  43.553  -14.029  38.942 0.0000000000
63312  42.977  -14.287  38.107 0.0000000000
59454  44.362  -17.753  38.117 0.0000000000
60665  44.192  -17.175  37.546 0.0000000000
59479  43.629  -17.763  36.041 0.0000000000
60689  43.883  -17.003  36.743 0.0000000000
60666  43.935  -16.463  37.674 0.0000000000
61955  43.454  -16.178  37.183 0.0000000000
61940  43.159  -15.556  37.490 0.0000000000
63323  42.815  -14.779  37.516 0.0000000000
63335  42.609  -14.862  36.299 0.0000000000
61999  42.205  -15.452  33.868 0.0000000000
62017  42.591  -15.975  33.377 0.0000000000
62018  42.134  -15.282  33.150 0.0000000000
62058  41.668  -15.645  30.667 0.0000000000
62072  41.431  -15.637  29.699 0.0000000000
60797  40.845  -16.590  29.648 0.0000000000
60798  40.205  -16.610  29.277 0.0000000000
59569  40.820  -17.228  30.582 0.0000000000
59598  37.894  -17.430  28.683 0.0000000000
58300  38.578  -18.048  30.539 0.0000000000
58306  38.314  -17.775  29.880 0.0000000000
58332  36.957  -17.680  27.665 0.0000000000
59624  33.925  -17.676  26.565 0.0000000000
54200  28.254  -21.746  34.216 0.0000000000
54289  26.950  -20.601  31.527 0.0000000000
55688  25.660  -20.813  31.505 0.0000000000
55687  25.939  -20.585  31.364 0.0000000000
54309  23.336  -21.718  30.060 0.0000000000
54319  22.983  -21.381  28.779 0.0000000000
55752  23.643  -20.800  29.344 0.0000000000
55762  23.977  -19.932  27.316 0.0000000000
77027  56.195  -2.527  18.941 0.0000000000
78227  56.265  -2.554  18.457 0.0000000000
77028  55.513  -2.864  18.761 0.0000000000
77047  54.534  -3.273  18.217 0.0000000000
77076  53.696  -3.447  17.672 0.0000000000
77096  52.955  -3.552  17.131 0.0000000000
75824  51.158  -4.520  18.838 0.0000000000
75825  50.491  -4.577  18.006 0.0000000000
75855  50.895  -4.416  16.422 0.0000000000
55650  21.523  -20.364  33.203 0.0000000000
55689  20.856  -20.617  31.891 0.0000000000
56872  22.762  -20.403  39.941 0.0000000000
56897  19.799  -19.417  37.066 0.0000000000
56913  18.976  -19.297  36.288 0.0000000000
55570  18.035  -19.615  38.747 0.0000000000
55591  18.457  -19.522  38.110 0.0000000000
56898  18.624  -19.500  37.395 0.0000000000
56937  18.178  -19.356  35.383 0.0000000000
47769  38.933  -26.147  42.679 0.0000000000
51307  39.574  -24.004  41.210 0.0000000000
51306  40.031  -23.465  40.750 0.0000000000
51305  40.689  -23.677  40.160 0.0000000000
51320  40.985  -23.470  39.753 0.0000000000
51321  40.790  -23.734  39.525 0.0000000000
50057  40.334  -24.031  38.996 0.0000000000
51337  40.357  -23.536  38.736 0.0000000000
51344  39.772  -23.354  38.382 0.0000000000
52775  38.955  -22.681  37.522 0.0000000000
52783  38.777  -22.158  36.985 0.0000000000
51356  36.944  -23.266  36.491 0.0000000000
50110  36.027  -23.792  35.695 0.0000000000
50128  34.631  -24.015  35.024 0.0000000000
48931  34.033  -25.192  37.747 0.0000000000
48939  34.294  -24.923  37.191 0.0000000000
48938  34.680  -24.841  36.985 0.0000000000
50129  34.144  -24.180  35.350 0.0000000000
51394  32.525  -23.292  34.773 0.0000000000
51395  31.464  -22.962  34.797 0.0000000000
52809  30.020  -22.453  34.665 0.0000000000
52810  28.994  -22.298  34.727 0.0000000000
47819  30.890  -25.842  39.917 0.0000000000
48871  27.507  -24.726  41.542 0.0000000000
47780  28.081  -25.257  40.854 0.0000000000
47801  28.033  -25.262  40.380 0.0000000000
48911  27.354  -24.727  39.956 0.0000000000
47821  27.949  -25.147  39.945 0.0000000000
48894  28.846  -25.443  39.921 0.0000000000
48908  29.381  -25.320  39.521 0.0000000000
48923  30.038  -24.988  38.988 0.0000000000
50100  29.735  -23.876  37.028 0.0000000000
51361  29.296  -23.424  36.528 0.0000000000
52833  28.668  -21.922  34.283 0.0000000000
54201  27.745  -21.686  34.121 0.0000000000
52834  26.563  -21.914  33.679 0.0000000000
52835  26.002  -22.293  33.680 0.0000000000
54216  25.607  -22.069  33.145 0.0000000000
54243  24.506  -22.372  32.571 0.0000000000
52873  23.435  -22.628  31.956 0.0000000000
51381  24.827  -23.523  35.892 0.0000000000
51400  23.567  -23.151  34.436 0.0000000000
51435  23.682  -22.933  32.820 0.0000000000
52855  23.605  -22.760  32.531 0.0000000000
51458  22.693  -22.756  30.862 0.0000000000
51459  22.244  -22.884  30.440 0.0000000000
51488  20.760  -23.914  28.706 0.0000000000
70849  44.947  -8.414  21.978 0.0000000000
71964  44.776  -8.151  23.423 0.0000000000
71975  44.769  -8.371  22.697 0.0000000000
70859  44.522  -9.052  21.546 0.0000000000
68419  44.860  -10.109  25.382 0.0000000000
68432  45.079  -10.539  24.190 0.0000000000
68441  44.929  -10.675  23.229 0.0000000000
67270  45.627  -11.175  23.058 0.0000000000
68457  45.113  -10.947  22.568 0.0000000000
67286  44.877  -10.949  21.516 0.0000000000
67203  50.780  -11.894  26.953 0.0000000000
66071  50.598  -12.772  25.966 0.0000000000
56735  25.236  -19.979  49.498 0.0000000000
55375  24.074  -20.334  51.019 0.0000000000
146244  21.998  -20.019  51.615 0.0000000000
146248  21.484  -20.070  51.129 0.0000000000
56725  21.566  -19.646  49.270 0.0000000000
56738  21.248  -19.590  48.937 0.0000000000
55408  20.349  -19.661  48.389 0.0000000000
55439  18.606  -20.076  46.651 0.0000000000
54012  17.838  -20.565  46.041 0.0000000000
55380  17.301  -20.866  50.591 0.0000000000
53973  16.816  -20.937  49.317 0.0000000000
54014  16.352  -21.235  46.816 0.0000000000
52627  15.624  -21.564  47.224 0.0000000000
52641  15.685  -21.561  46.272 0.0000000000
54027  16.315  -21.254  45.886 0.0000000000
54044  15.974  -21.249  44.845 0.0000000000
54081  14.435  -21.605  42.697 0.0000000000
52699  13.430  -22.254  42.773 0.0000000000
52716  13.264  -22.023  41.882 0.0000000000
51284  11.700  -23.430  42.323 0.0000000000
78225  58.007  -2.457  19.304 0.0000000000
77013  56.259  -2.686  19.622 0.0000000000
77002  55.421  -3.557  21.005 0.0000000000
75784  52.781  -4.459  21.592 0.0000000000
75742  57.029  -3.754  23.380 0.0000000000
75743  55.851  -3.772  23.043 0.0000000000
74442  50.286  -5.056  22.286 0.0000000000
75769  51.030  -4.773  23.057 0.0000000000
74443  49.551  -5.510  22.539 0.0000000000
74444  48.952  -5.901  22.811 0.0000000000
73158  48.489  -6.054  23.344 0.0000000000
74399  52.032  -4.719  25.494 0.0000000000
74401  50.346  -5.279  25.624 0.0000000000
73147  48.998  -5.850  24.105 0.0000000000
73159  47.641  -6.434  23.640 0.0000000000
73160  46.902  -6.898  23.983 0.0000000000
73140  46.740  -6.758  26.009 0.0000000000
71952  46.014  -7.078  25.412 0.0000000000
71930  44.821  -7.934  26.327 0.0000000000
70774  44.654  -8.566  26.759 0.0000000000
73093  47.865  -6.347  28.206 0.0000000000
73094  47.077  -6.470  28.428 0.0000000000
73114  45.934  -6.789  28.359 0.0000000000
73078  45.817  -7.192  29.696 0.0000000000
73096  45.827  -6.985  28.884 0.0000000000
71912  45.534  -7.218  27.940 0.0000000000
71898  44.939  -7.934  28.124 0.0000000000
70762  44.778  -8.558  27.647 0.0000000000
69590  44.805  -9.212  27.123 0.0000000000
69589  45.428  -9.712  27.420 0.0000000000
68383  46.035  -10.315  27.631 0.0000000000
68382  46.869  -10.589  27.669 0.0000000000
68357  47.081  -10.467  28.494 0.0000000000
68381  47.759  -10.834  27.804 0.0000000000
68380  48.693  -10.901  27.938 0.0000000000
68379  49.645  -10.797  27.985 0.0000000000
68378  50.230  -10.729  28.241 0.0000000000
146409  48.576  -5.081  33.635 0.0000000000
73027  47.435  -5.962  34.402 0.0000000000
70703  46.744  -8.010  33.207 0.0000000000
70714  46.963  -8.522  33.083 0.0000000000
71824  49.716  -7.611  35.921 0.0000000000
70676  49.425  -8.053  35.530 0.0000000000
70689  48.762  -8.306  35.068 0.0000000000
69504  49.883  -9.028  34.434 0.0000000000
70700  49.348  -8.854  34.509 0.0000000000
69519  47.335  -8.830  33.245 0.0000000000
69534  47.187  -9.087  32.536 0.0000000000
69556  48.716  -10.404  30.467 0.0000000000
68301  50.056  -10.517  30.940 0.0000000000
68318  49.463  -10.517  30.268 0.0000000000
68336  50.148  -10.555  29.480 0.0000000000
68353  50.716  -10.731  28.699 0.0000000000
67162  51.289  -11.205  28.406 0.0000000000
72973  48.208  -6.824  39.112 0.0000000000
71788  48.067  -7.299  38.985 0.0000000000
70639  48.288  -8.094  38.084 0.0000000000
69440  48.077  -8.580  37.530 0.0000000000
70613  43.697  -8.206  40.774 0.0000000000
65855  42.405  -12.871  37.617 0.0000000000
67020  42.451  -12.212  38.178 0.0000000000
69445  42.655  -10.525  38.442 0.0000000000
68204  42.713  -10.645  38.735 0.0000000000
70628  44.741  -7.564  39.764 0.0000000000
70642  45.408  -8.127  38.574 0.0000000000
70641  46.564  -8.165  38.184 0.0000000000
70655  46.708  -8.538  37.437 0.0000000000
69458  47.537  -9.018  36.880 0.0000000000
68229  47.499  -9.742  36.011 0.0000000000
68241  47.441  -10.045  35.462 0.0000000000
69506  45.904  -9.768  34.287 0.0000000000
68255  46.453  -10.175  34.100 0.0000000000
68286  46.325  -10.754  32.532 0.0000000000
67140  45.975  -11.027  31.024 0.0000000000
68304  43.847  -10.062  31.588 0.0000000000
68321  44.633  -10.331  30.973 0.0000000000
68340  45.293  -10.690  30.618 0.0000000000
67163  45.296  -11.423  29.192 0.0000000000
67186  44.022  -11.430  27.644 0.0000000000
67242  40.724  -11.970  25.523 0.0000000000
66103  40.788  -12.669  23.901 0.0000000000
62080  41.044  -15.543  29.032 0.0000000000
62089  40.089  -15.478  27.237 0.0000000000
62126  39.145  -15.071  25.497 0.0000000000
62111  37.507  -16.188  25.619 0.0000000000
60895  36.691  -16.009  24.415 0.0000000000
62128  37.616  -15.784  25.228 0.0000000000
54179  37.775  -21.589  36.227 0.0000000000
54189  37.425  -21.297  35.539 0.0000000000
54198  37.188  -21.019  34.826 0.0000000000
52806  36.067  -22.247  34.370 0.0000000000
54199  36.674  -21.195  34.310 0.0000000000
55683  35.444  -20.690  31.495 0.0000000000
51432  34.359  -22.773  32.657 0.0000000000
52868  33.834  -22.093  31.023 0.0000000000
54235  34.552  -22.168  31.994 0.0000000000
54259  34.797  -21.169  31.024 0.0000000000
55701  35.189  -20.274  30.389 0.0000000000
55745  34.143  -20.040  28.828 0.0000000000
57045  33.949  -19.801  28.392 0.0000000000
57069  33.550  -19.352  27.916 0.0000000000
58336  33.068  -18.898  27.359 0.0000000000
58376  31.908  -18.061  25.906 0.0000000000
55686  29.109  -20.578  31.430 0.0000000000
54287  28.078  -20.595  31.079 0.0000000000
55705  29.886  -20.346  30.503 0.0000000000
55729  30.225  -20.149  29.710 0.0000000000
57075  26.199  -18.913  28.209 0.0000000000
57052  26.777  -19.048  28.679 0.0000000000
57051  27.774  -19.044  28.590 0.0000000000
58340  27.277  -18.405  27.338 0.0000000000
57027  30.625  -19.906  29.005 0.0000000000
57092  30.552  -18.869  26.883 0.0000000000
58359  30.272  -18.401  26.405 0.0000000000
58358  31.071  -18.559  26.431 0.0000000000
58377  31.390  -18.156  25.921 0.0000000000
59641  31.557  -17.655  25.504 0.0000000000
78243  55.999  -2.739  17.847 0.0000000000
77073  55.966  -3.212  16.646 0.0000000000
77093  55.248  -3.423  16.119 0.0000000000
77092  56.086  -3.273  15.872 0.0000000000
77105  56.225  -3.388  15.059 0.0000000000
77118  55.575  -3.148  13.859 0.0000000000
75870  52.170  -4.808  14.710 0.0000000000
45781  35.217  -27.902  44.354 0.0000000000
45784  33.481  -27.788  45.457 0.0000000000
45805  34.779  -28.105  43.128 0.0000000000
45806  34.476  -28.082  43.263 0.0000000000
46658  32.459  -27.111  45.831 0.0000000000
46667  34.248  -27.909  44.503 0.0000000000
46683  34.269  -27.917  44.262 0.0000000000
46684  33.931  -27.827  43.947 0.0000000000
46694  38.467  -27.194  43.672 0.0000000000
46728  33.482  -26.772  41.340 0.0000000000
47716  32.021  -26.767  46.290 0.0000000000
47773  34.331  -26.919  41.495 0.0000000000
47781  27.710  -25.016  40.643 0.0000000000
47810  38.834  -26.038  40.880 0.0000000000
47820  28.358  -25.375  40.044 0.0000000000
47822  27.664  -24.890  39.918 0.0000000000
48809  30.758  -25.786  46.649 0.0000000000
48892  30.001  -25.458  40.304 0.0000000000
48895  27.299  -24.718  40.482 0.0000000000
48926  27.850  -24.548  38.932 0.0000000000
49952  12.842  -24.728  46.975 0.0000000000
49994  29.137  -24.778  43.667 0.0000000000
50034  40.085  -24.343  40.464 0.0000000000
50046  40.704  -23.933  39.700 0.0000000000
50078  35.421  -24.951  37.324 0.0000000000
51227  27.626  -23.753  45.640 0.0000000000
51241  27.397  -23.793  43.890 0.0000000000
51336  40.829  -23.545  39.131 0.0000000000
52584  25.606  -21.657  49.866 0.0000000000
52706  39.863  -22.892  40.986 0.0000000000
52748  24.661  -23.041  39.428 0.0000000000
52758  40.369  -22.899  38.451 0.0000000000
52772  41.445  -22.295  38.508 0.0000000000
52814  25.159  -22.941  34.225 0.0000000000
52857  22.137  -21.682  32.555 0.0000000000
53934  23.620  -20.124  51.752 0.0000000000
53935  23.412  -20.019  51.773 0.0000000000
53942  23.235  -20.019  51.556 0.0000000000
53957  16.796  -21.141  50.214 0.0000000000
54045  15.340  -21.546  44.548 0.0000000000
54098  18.104  -20.432  41.819 0.0000000000
54124  43.001  -20.992  39.403 0.0000000000
54162  40.001  -21.781  37.371 0.0000000000
54176  40.326  -21.346  37.078 0.0000000000
54271  20.654  -20.915  31.350 0.0000000000
54281  34.625  -20.903  30.484 0.0000000000
54290  24.816  -21.123  31.120 0.0000000000
55360  22.288  -20.037  51.457 0.0000000000
55379  17.879  -20.459  50.434 0.0000000000
55391  20.934  -19.572  49.066 0.0000000000
55523  42.620  -20.643  40.182 0.0000000000
55637  39.006  -20.061  35.058 0.0000000000
55669  21.027  -20.504  32.355 0.0000000000
55690  20.347  -20.396  31.699 0.0000000000
56726  21.325  -19.602  49.247 0.0000000000
56737  21.487  -19.636  48.956 0.0000000000
56747  22.207  -19.901  47.280 0.0000000000
56766  20.083  -19.609  46.376 0.0000000000
56797  21.211  -19.634  45.174 0.0000000000
56832  42.373  -19.232  40.938 0.0000000000
56850  42.805  -19.599  40.596 0.0000000000
56857  22.585  -20.210  40.153 0.0000000000
56867  43.815  -19.797  39.601 0.0000000000
56884  18.845  -19.538  37.957 0.0000000000
56962  41.471  -18.708  33.998 0.0000000000
56984  37.684  -19.460  32.482 0.0000000000
57011  35.855  -19.559  30.247 0.0000000000
58156  43.879  -18.615  40.335 0.0000000000
58211  43.856  -18.376  37.105 0.0000000000
58221  42.839  -18.602  35.077 0.0000000000
58299  39.232  -17.782  30.814 0.0000000000
58321  26.577  -18.782  28.160 0.0000000000
58342  25.716  -18.694  27.290 0.0000000000
59399  42.178  -17.877  41.436 0.0000000000
60583  43.742  -16.031  41.952 0.0000000000
60741  43.159  -17.057  34.261 0.0000000000
60774  42.032  -16.349  31.364 0.0000000000
60776  41.178  -16.792  30.290 0.0000000000
60898  34.123  -16.128  24.482 0.0000000000
61929  43.977  -15.560  38.669 0.0000000000
63311  43.367  -14.768  38.386 0.0000000000
63362  42.171  -15.232  34.369 0.0000000000
64711  40.957  -13.979  30.751 0.0000000000
65812  42.890  -12.714  39.204 0.0000000000
65969  46.958  -11.830  31.427 0.0000000000
66038  51.303  -12.526  27.891 0.0000000000
67040  50.233  -10.466  35.678 0.0000000000
67091  51.353  -11.206  33.042 0.0000000000
67115  46.813  -11.105  32.259 0.0000000000
67125  51.455  -11.483  31.844 0.0000000000
67126  51.005  -11.894  31.818 0.0000000000
67190  40.450  -12.170  27.607 0.0000000000
68217  48.216  -9.501  36.681 0.0000000000
68226  49.845  -10.373  36.108 0.0000000000
68320  45.351  -10.544  31.233 0.0000000000
68423  45.337  -10.531  24.994 0.0000000000
69441  47.633  -8.544  37.472 0.0000000000
69443  45.332  -8.397  38.050 0.0000000000
69474  47.516  -9.546  36.287 0.0000000000
69505  46.575  -10.077  34.392 0.0000000000
69543  51.000  -10.465  31.634 0.0000000000
69577  46.432  -10.187  28.710 0.0000000000
69629  44.851  -9.808  25.901 0.0000000000
69673  44.394  -9.374  22.803 0.0000000000
70605  44.264  -7.424  41.413 0.0000000000
70622  49.318  -7.889  38.233 0.0000000000
70624  48.474  -7.758  38.535 0.0000000000
70654  47.219  -8.454  37.556 0.0000000000
70850  44.508  -8.916  22.363 0.0000000000
71791  45.773  -7.126  39.757 0.0000000000
71849  46.541  -7.473  32.876 0.0000000000
71869  46.159  -7.494  31.884 0.0000000000
71870  45.899  -7.754  31.319 0.0000000000
71928  45.911  -6.963  27.278 0.0000000000
73064  45.813  -7.334  30.235 0.0000000000
73110  48.629  -6.071  27.709 0.0000000000
73177  48.221  -6.078  21.848 0.0000000000
74206  51.315  -4.998  37.989 0.0000000000
74220  50.594  -5.392  37.771 0.0000000000
74339  48.166  -6.222  29.325 0.0000000000
74357  49.555  -5.600  28.811 0.0000000000
74414  51.853  -4.772  24.912 0.0000000000
74431  49.007  -5.912  23.327 0.0000000000
74497  50.649  -4.658  18.972 0.0000000000
75438  50.585  -4.568  38.532 0.0000000000
75449  51.331  -4.636  37.950 0.0000000000
75450  51.144  -4.727  38.214 0.0000000000
75725  51.603  -4.805  24.509 0.0000000000
75726  51.145  -4.905  24.518 0.0000000000
75795  53.983  -3.820  20.526 0.0000000000
75796  53.445  -3.904  20.414 0.0000000000
75806  53.132  -3.759  19.899 0.0000000000
75851  54.064  -3.783  16.139 0.0000000000
76708  51.048  -3.910  38.520 0.0000000000
76729  51.258  -3.963  38.075 0.0000000000
77031  52.947  -3.724  19.544 0.0000000000
77049  52.969  -3.595  18.990 0.0000000000
77078  52.246  -3.651  17.545 0.0000000000
77117  56.108  -2.993  13.769 0.0000000000
78321  56.959  -2.902  14.114 0.0000000000
146245  22.353  -19.882  51.572 0.0000000000
146247  21.858  -19.824  51.600 0.0000000000
