#!ascii label  , from subject sub001 vox2ras=TkReg
499
77807  18.393  -3.003  -34.717 0.0000000000
88010  23.503  4.693  -36.803 0.0000000000
97906  19.660  14.790  -39.208 0.0000000000
93555  15.933  10.450  -39.531 0.0000000000
72698  20.533  -7.361  -32.844 0.0000000000
77794  23.164  -3.561  -33.275 0.0000000000
82470  20.849  0.370  -36.671 0.0000000000
87014  18.073  4.698  -38.521 0.0000000000
92436  20.179  9.308  -37.462 0.0000000000
97893  24.517  13.532  -38.910 0.0000000000
102785  19.323  19.128  -40.382 0.0000000000
75250  19.573  -5.490  -34.067 0.0000000000
75218  22.092  -5.914  -33.110 0.0000000000
76545  21.049  -4.378  -35.490 0.0000000000
85918  16.873  3.352  -37.328 0.0000000000
88033  15.954  5.547  -37.537 0.0000000000
94607  17.203  11.951  -40.843 0.0000000000
93538  18.258  10.088  -39.349 0.0000000000
95675  20.095  12.490  -38.004 0.0000000000
94561  22.730  11.574  -37.373 0.0000000000
98930  21.993  14.980  -37.573 0.0000000000
103720  16.688  20.055  -40.634 0.0000000000
102803  16.795  18.996  -40.702 0.0000000000
105766  18.479  21.456  -41.828 0.0000000000
85896  21.610  2.919  -36.354 0.0000000000
82467  23.304  0.587  -35.958 0.0000000000
85893  24.512  3.144  -35.877 0.0000000000
97916  16.564  14.491  -40.579 0.0000000000
89084  24.994  6.229  -37.718 0.0000000000
80114  17.392  -1.002  -34.889 0.0000000000
79013  19.636  -2.502  -37.189 0.0000000000
81308  17.753  0.480  -37.588 0.0000000000
84834  18.898  2.532  -37.573 0.0000000000
88030  20.650  5.363  -37.166 0.0000000000
90250  17.314  7.451  -39.486 0.0000000000
90226  19.488  7.272  -37.784 0.0000000000
90223  22.664  7.416  -36.704 0.0000000000
91344  23.883  8.591  -37.906 0.0000000000
100052  16.373  16.477  -40.292 0.0000000000
101003  20.094  17.515  -39.635 0.0000000000
105763  22.093  22.320  -40.661 0.0000000000
103715  22.621  20.020  -39.379 0.0000000000
100033  21.536  16.774  -38.723 0.0000000000
98973  24.657  15.845  -39.538 0.0000000000
80123  22.247  -1.600  -35.512 0.0000000000
78972  17.140  -2.487  -33.834 0.0000000000
76527  17.631  -4.001  -33.487 0.0000000000
76538  18.491  -4.034  -34.352 0.0000000000
76536  20.464  -4.779  -34.810 0.0000000000
76547  19.827  -3.899  -35.819 0.0000000000
96805  18.581  13.680  -39.758 0.0000000000
95687  18.304  12.478  -39.718 0.0000000000
96804  19.407  13.711  -39.040 0.0000000000
96790  20.286  13.697  -38.104 0.0000000000
97905  20.287  14.860  -38.560 0.0000000000
104791  16.375  21.417  -42.624 0.0000000000
104776  17.338  20.502  -41.804 0.0000000000
105781  18.166  21.805  -42.478 0.0000000000
86975  23.242  3.980  -36.523 0.0000000000
85894  23.560  3.145  -36.339 0.0000000000
86974  24.231  4.184  -36.901 0.0000000000
96818  15.833  13.382  -40.150 0.0000000000
97909  15.510  14.370  -39.573 0.0000000000
72700  18.935  -7.334  -32.405 0.0000000000
71543  19.182  -8.549  -31.813 0.0000000000
71541  21.110  -8.366  -31.576 0.0000000000
72682  22.032  -7.508  -31.770 0.0000000000
76523  23.009  -4.363  -33.099 0.0000000000
75216  23.555  -5.549  -32.340 0.0000000000
82454  17.349  0.132  -35.688 0.0000000000
82472  17.203  1.033  -36.433 0.0000000000
85932  17.789  4.207  -38.241 0.0000000000
84835  18.173  2.541  -37.463 0.0000000000
85916  18.600  3.539  -37.992 0.0000000000
86996  20.073  4.408  -37.473 0.0000000000
88031  19.671  5.415  -37.730 0.0000000000
91369  16.164  8.111  -38.801 0.0000000000
91384  16.004  8.953  -39.140 0.0000000000
92457  19.260  9.769  -37.862 0.0000000000
91368  18.768  8.039  -39.092 0.0000000000
92437  19.717  8.720  -37.653 0.0000000000
90225  20.482  7.544  -37.262 0.0000000000
91327  21.366  8.772  -37.061 0.0000000000
91345  22.676  8.597  -36.937 0.0000000000
92434  22.612  9.495  -37.256 0.0000000000
96789  23.706  12.931  -38.125 0.0000000000
94575  24.156  11.346  -38.273 0.0000000000
102801  18.286  19.133  -40.776 0.0000000000
101909  17.081  18.195  -40.855 0.0000000000
101908  17.848  18.261  -40.799 0.0000000000
100050  18.188  16.488  -40.585 0.0000000000
101894  19.740  18.318  -40.090 0.0000000000
101891  22.595  18.497  -38.888 0.0000000000
100999  23.993  17.733  -39.229 0.0000000000
100031  23.939  16.690  -38.976 0.0000000000
81295  19.753  -0.556  -37.413 0.0000000000
80147  20.670  -2.183  -36.837 0.0000000000
81281  21.139  -0.509  -36.590 0.0000000000
83662  24.704  0.662  -34.924 0.0000000000
81267  24.286  -0.194  -34.827 0.0000000000
73960  18.870  -6.284  -33.273 0.0000000000
73959  19.612  -6.529  -33.429 0.0000000000
73938  21.311  -6.856  -32.979 0.0000000000
75235  20.944  -5.851  -33.917 0.0000000000
76525  21.716  -4.903  -34.111 0.0000000000
77795  22.397  -3.527  -34.017 0.0000000000
85899  15.969  3.355  -36.276 0.0000000000
87000  16.428  4.421  -37.392 0.0000000000
88049  17.026  5.528  -38.233 0.0000000000
93568  16.383  11.203  -40.380 0.0000000000
93553  17.552  9.892  -40.029 0.0000000000
94592  17.677  11.273  -40.283 0.0000000000
94578  18.926  11.333  -38.423 0.0000000000
94577  19.790  11.474  -37.925 0.0000000000
93522  21.606  10.526  -37.190 0.0000000000
95660  20.969  12.592  -37.415 0.0000000000
96771  22.371  13.254  -37.484 0.0000000000
98928  23.323  14.163  -37.715 0.0000000000
102765  16.717  19.369  -38.976 0.0000000000
103737  16.915  19.766  -41.362 0.0000000000
103736  17.747  19.941  -41.100 0.0000000000
103735  18.909  20.165  -40.436 0.0000000000
83693  21.359  1.264  -36.334 0.0000000000
82469  21.668  0.359  -36.335 0.0000000000
83692  22.281  1.266  -36.230 0.0000000000
84800  24.199  1.632  -35.716 0.0000000000
93570  15.652  11.065  -39.475 0.0000000000
95700  16.123  12.505  -40.749 0.0000000000
96816  17.112  13.543  -41.019 0.0000000000
97914  18.086  14.599  -40.119 0.0000000000
73916  22.553  -6.860  -32.185 0.0000000000
88026  24.706  5.393  -37.446 0.0000000000
86992  24.862  4.695  -37.264 0.0000000000
78996  18.123  -1.613  -35.239 0.0000000000
78994  19.078  -2.678  -35.988 0.0000000000
80125  18.496  -1.517  -35.931 0.0000000000
81282  18.534  -0.750  -36.895 0.0000000000
82486  19.333  0.457  -37.468 0.0000000000
83712  17.338  1.540  -37.236 0.0000000000
83710  18.401  1.657  -37.482 0.0000000000
83708  19.829  1.363  -37.189 0.0000000000
85897  20.848  2.875  -36.506 0.0000000000
85913  21.217  3.591  -36.508 0.0000000000
88029  21.862  5.194  -36.560 0.0000000000
89108  16.406  6.399  -38.241 0.0000000000
89106  17.976  6.492  -39.158 0.0000000000
92476  17.780  8.805  -39.986 0.0000000000
90239  18.503  7.248  -39.284 0.0000000000
89105  18.722  6.383  -38.784 0.0000000000
89089  20.010  6.392  -37.319 0.0000000000
89088  21.099  6.386  -36.761 0.0000000000
89086  23.451  6.393  -36.874 0.0000000000
90222  23.697  7.442  -37.364 0.0000000000
90221  24.748  7.524  -38.141 0.0000000000
93520  23.491  10.383  -37.594 0.0000000000
98976  16.873  15.528  -40.567 0.0000000000
98975  17.711  15.538  -40.493 0.0000000000
98962  19.267  15.577  -39.743 0.0000000000
105764  20.950  22.264  -40.689 0.0000000000
103734  20.148  20.441  -40.391 0.0000000000
103732  22.197  20.859  -39.658 0.0000000000
103717  20.667  19.903  -39.811 0.0000000000
101893  20.597  18.372  -39.481 0.0000000000
101002  20.981  17.607  -38.982 0.0000000000
98961  20.059  15.707  -39.209 0.0000000000
98959  22.111  16.029  -38.390 0.0000000000
98958  23.253  15.881  -38.423 0.0000000000
97904  24.439  14.232  -39.070 0.0000000000
76571  20.119  -3.922  -37.194 0.0000000000
77812  21.688  -3.110  -35.343 0.0000000000
78984  22.543  -2.624  -34.507 0.0000000000
81269  23.081  -0.597  -35.543 0.0000000000
80112  23.078  -1.602  -34.698 0.0000000000
77808  17.795  -2.929  -34.238 0.0000000000
77796  17.313  -2.959  -33.660 0.0000000000
76539  17.894  -3.416  -34.117 0.0000000000
76537  19.630  -4.358  -34.782 0.0000000000
77806  19.220  -3.492  -35.102 0.0000000000
95686  18.804  13.112  -39.284 0.0000000000
96803  19.855  14.292  -38.691 0.0000000000
105782  17.280  21.576  -42.823 0.0000000000
72699  19.466  -7.226  -32.774 0.0000000000
71559  19.188  -7.781  -32.303 0.0000000000
71558  19.851  -8.056  -32.425 0.0000000000
71542  20.170  -8.823  -32.003 0.0000000000
71557  20.578  -8.141  -32.281 0.0000000000
71540  21.645  -8.024  -31.373 0.0000000000
72683  21.167  -7.798  -32.265 0.0000000000
76511  23.397  -4.726  -32.741 0.0000000000
77782  23.411  -4.086  -32.889 0.0000000000
77793  23.695  -3.010  -32.941 0.0000000000
82455  16.925  0.557  -35.597 0.0000000000
83663  16.427  1.117  -35.250 0.0000000000
85931  18.135  4.046  -38.263 0.0000000000
86998  18.530  4.326  -38.311 0.0000000000
86997  19.174  4.490  -38.090 0.0000000000
87013  18.636  4.918  -38.415 0.0000000000
92478  16.365  9.493  -39.537 0.0000000000
91328  20.761  8.607  -37.321 0.0000000000
92417  20.950  9.155  -37.222 0.0000000000
91346  21.982  9.023  -36.807 0.0000000000
92435  21.418  9.500  -37.182 0.0000000000
95673  24.024  12.110  -38.562 0.0000000000
101907  18.796  18.304  -40.528 0.0000000000
101889  24.232  18.534  -39.577 0.0000000000
101015  24.543  17.682  -39.775 0.0000000000
81294  20.520  -0.512  -37.092 0.0000000000
80135  20.802  -1.072  -36.838 0.0000000000
83661  25.119  1.291  -34.517 0.0000000000
82434  25.067  0.565  -33.951 0.0000000000
75251  18.864  -4.861  -34.038 0.0000000000
75237  18.447  -5.616  -33.229 0.0000000000
75236  19.068  -6.052  -33.602 0.0000000000
73975  20.008  -5.999  -34.030 0.0000000000
73974  20.375  -6.108  -33.852 0.0000000000
76535  21.280  -4.626  -34.691 0.0000000000
76534  21.872  -4.210  -34.235 0.0000000000
77805  21.367  -4.046  -35.215 0.0000000000
88034  15.640  5.324  -36.933 0.0000000000
86978  15.795  4.395  -36.462 0.0000000000
87001  15.933  4.917  -37.091 0.0000000000
87016  16.782  4.959  -37.955 0.0000000000
94608  16.751  11.518  -40.714 0.0000000000
94593  17.180  10.741  -40.451 0.0000000000
95676  19.011  12.523  -38.555 0.0000000000
95677  18.449  11.932  -38.855 0.0000000000
94563  20.711  11.545  -37.334 0.0000000000
97895  21.171  14.693  -37.864 0.0000000000
96772  21.414  13.520  -37.511 0.0000000000
97877  22.044  14.188  -37.473 0.0000000000
97876  22.838  13.831  -37.507 0.0000000000
98929  22.738  14.636  -37.557 0.0000000000
104759  16.641  21.445  -40.625 0.0000000000
103706  16.994  19.994  -39.490 0.0000000000
102786  16.735  19.254  -39.952 0.0000000000
104789  17.875  21.049  -42.120 0.0000000000
104775  18.349  20.996  -41.197 0.0000000000
84815  21.986  2.154  -36.332 0.0000000000
84813  23.853  2.162  -35.926 0.0000000000
84812  24.287  2.500  -35.788 0.0000000000
84799  24.539  2.122  -35.596 0.0000000000
93556  15.231  10.960  -38.728 0.0000000000
94610  15.459  11.714  -39.531 0.0000000000
94609  15.951  11.722  -40.399 0.0000000000
95701  15.560  12.552  -39.951 0.0000000000
97917  16.088  14.079  -40.244 0.0000000000
96817  16.399  13.424  -40.815 0.0000000000
96815  17.845  13.561  -40.431 0.0000000000
97915  17.368  14.548  -40.619 0.0000000000
73957  21.607  -6.330  -33.195 0.0000000000
73937  22.104  -6.616  -32.647 0.0000000000
73936  22.939  -6.311  -32.338 0.0000000000
73914  23.882  -6.308  -31.568 0.0000000000
80115  16.774  -0.892  -34.410 0.0000000000
80126  18.114  -0.972  -35.686 0.0000000000
81297  17.866  -0.016  -37.261 0.0000000000
81283  18.206  -0.560  -36.515 0.0000000000
81296  18.712  -0.481  -37.353 0.0000000000
81307  18.072  0.195  -37.723 0.0000000000
84817  16.685  2.512  -36.714 0.0000000000
84836  17.375  2.368  -37.296 0.0000000000
83709  19.070  1.510  -37.417 0.0000000000
84833  19.607  2.416  -37.256 0.0000000000
84832  20.338  2.242  -36.838 0.0000000000
86995  20.974  4.386  -36.842 0.0000000000
86994  21.767  4.256  -36.424 0.0000000000
90240  16.210  7.585  -38.661 0.0000000000
90241  15.660  7.145  -38.031 0.0000000000
90251  16.732  7.131  -39.101 0.0000000000
89122  16.924  6.622  -38.873 0.0000000000
89121  17.325  6.805  -39.200 0.0000000000
92459  18.174  8.931  -39.421 0.0000000000
91367  19.254  7.928  -38.376 0.0000000000
90238  19.055  7.197  -38.649 0.0000000000
89090  19.284  6.358  -38.089 0.0000000000
90224  21.582  7.363  -36.719 0.0000000000
89087  22.318  6.385  -36.541 0.0000000000
91343  24.566  8.188  -38.662 0.0000000000
91364  24.359  8.634  -38.828 0.0000000000
94562  21.761  11.571  -37.205 0.0000000000
93521  22.735  10.590  -37.373 0.0000000000
93535  23.362  10.872  -37.531 0.0000000000
102804  16.398  18.684  -40.129 0.0000000000
101895  16.016  18.149  -39.820 0.0000000000
101018  16.822  17.379  -40.474 0.0000000000
101019  16.027  17.377  -40.084 0.0000000000
100037  15.422  16.385  -39.633 0.0000000000
98963  16.065  15.523  -40.181 0.0000000000
100051  17.248  16.484  -40.592 0.0000000000
100049  18.860  16.850  -40.349 0.0000000000
100036  18.897  16.196  -40.224 0.0000000000
100035  19.552  16.581  -39.808 0.0000000000
106762  20.640  22.887  -41.120 0.0000000000
104773  20.477  21.347  -40.546 0.0000000000
104772  21.607  21.532  -40.281 0.0000000000
103731  23.402  20.493  -39.952 0.0000000000
103716  21.619  20.055  -39.405 0.0000000000
102783  21.103  19.209  -39.367 0.0000000000
102782  22.092  19.297  -39.033 0.0000000000
101001  22.080  17.644  -38.812 0.0000000000
100034  20.527  16.666  -39.166 0.0000000000
98960  21.010  15.776  -38.526 0.0000000000
100032  22.686  16.823  -38.588 0.0000000000
100048  24.503  16.117  -39.267 0.0000000000
98957  24.329  15.198  -39.126 0.0000000000
79004  19.186  -2.529  -36.407 0.0000000000
77824  19.378  -3.207  -36.892 0.0000000000
77830  19.625  -3.187  -37.251 0.0000000000
80124  21.576  -2.179  -35.875 0.0000000000
79003  21.365  -2.779  -36.227 0.0000000000
78993  21.697  -2.672  -35.629 0.0000000000
78992  22.028  -2.586  -35.106 0.0000000000
80113  22.457  -2.084  -34.933 0.0000000000
82468  22.582  0.323  -36.154 0.0000000000
82453  23.109  -0.040  -35.952 0.0000000000
81252  24.204  -0.471  -34.514 0.0000000000
81268  23.768  -0.597  -35.034 0.0000000000
81253  23.811  -1.018  -34.310 0.0000000000
80100  23.547  -1.658  -33.948 0.0000000000
76526  18.223  -4.688  -33.635 0.0000000000
76546  20.410  -4.398  -35.688 0.0000000000
95698  17.512  12.545  -40.701 0.0000000000
96791  19.659  13.127  -38.390 0.0000000000
104778  15.943  21.558  -41.913 0.0000000000
104777  16.708  20.814  -41.730 0.0000000000
104790  17.133  21.040  -42.583 0.0000000000
85895  22.557  3.148  -36.302 0.0000000000
97908  15.942  14.771  -40.051 0.0000000000
73940  18.584  -6.653  -32.500 0.0000000000
73917  18.103  -7.087  -31.735 0.0000000000
72684  18.619  -7.595  -31.905 0.0000000000
71524  20.976  -8.801  -30.607 0.0000000000
71523  21.774  -8.088  -30.715 0.0000000000
72661  22.469  -7.526  -30.910 0.0000000000
75233  22.354  -5.349  -33.283 0.0000000000
75217  22.732  -5.616  -32.774 0.0000000000
81255  16.581  -0.221  -34.753 0.0000000000
81270  17.601  -0.347  -35.626 0.0000000000
82471  17.595  0.261  -36.298 0.0000000000
82488  17.436  0.670  -37.118 0.0000000000
86999  17.069  3.988  -37.642 0.0000000000
85917  17.674  3.584  -37.773 0.0000000000
85915  19.440  3.454  -37.605 0.0000000000
91383  16.608  8.280  -39.241 0.0000000000
93537  18.786  10.316  -38.424 0.0000000000
92458  19.004  9.001  -38.296 0.0000000000
91348  19.657  8.146  -37.754 0.0000000000
90207  20.710  8.163  -37.390 0.0000000000
90206  21.179  8.098  -37.198 0.0000000000
90205  21.887  8.174  -36.718 0.0000000000
91326  21.975  8.671  -36.733 0.0000000000
92455  22.531  9.117  -37.024 0.0000000000
95658  22.947  12.372  -37.482 0.0000000000
94576  23.583  11.477  -37.640 0.0000000000
95674  23.677  12.244  -37.879 0.0000000000
102802  17.344  19.006  -41.109 0.0000000000
101910  16.588  18.160  -40.301 0.0000000000
101017  17.569  17.394  -40.724 0.0000000000
101016  18.393  17.477  -40.568 0.0000000000
101004  19.261  17.503  -40.245 0.0000000000
103714  23.211  19.905  -39.495 0.0000000000
102781  23.096  19.314  -39.206 0.0000000000
101890  23.520  18.502  -39.121 0.0000000000
101000  23.163  17.677  -38.820 0.0000000000
100030  24.301  17.188  -39.441 0.0000000000
80149  19.448  -1.364  -37.198 0.0000000000
79012  20.387  -2.650  -37.243 0.0000000000
80148  20.292  -1.593  -37.131 0.0000000000
80134  21.263  -1.643  -36.403 0.0000000000
80133  22.012  -1.116  -36.108 0.0000000000
83677  24.483  1.097  -35.382 0.0000000000
82452  23.744  0.245  -35.587 0.0000000000
82451  24.349  0.195  -35.105 0.0000000000
82435  24.650  0.156  -34.458 0.0000000000
75219  18.055  -5.961  -32.477 0.0000000000
73939  19.189  -6.841  -32.940 0.0000000000
72714  19.940  -7.051  -33.121 0.0000000000
72697  21.456  -7.287  -32.560 0.0000000000
73958  20.791  -6.494  -33.442 0.0000000000
75234  21.685  -5.644  -33.667 0.0000000000
75249  20.562  -5.508  -34.292 0.0000000000
75248  21.265  -5.350  -34.187 0.0000000000
76524  22.364  -4.556  -33.596 0.0000000000
85898  16.343  3.373  -36.821 0.0000000000
86977  16.127  3.892  -36.729 0.0000000000
87015  17.302  4.594  -38.102 0.0000000000
88048  17.691  5.497  -38.660 0.0000000000
93554  16.685  10.416  -40.211 0.0000000000
94579  18.355  11.232  -39.202 0.0000000000
93536  19.521  10.461  -37.835 0.0000000000
93523  20.511  10.471  -37.426 0.0000000000
95659  22.006  12.495  -37.386 0.0000000000
96770  23.173  13.050  -37.649 0.0000000000
97875  23.404  13.561  -37.773 0.0000000000
97894  23.852  13.752  -38.239 0.0000000000
83694  20.536  1.285  -36.714 0.0000000000
83691  23.141  1.280  -36.093 0.0000000000
84814  22.916  2.188  -36.277 0.0000000000
83678  23.822  1.159  -35.829 0.0000000000
93569  16.021  11.103  -39.975 0.0000000000
95699  16.833  12.556  -41.082 0.0000000000
97907  18.912  14.651  -39.680 0.0000000000
73935  23.522  -6.209  -32.063 0.0000000000
88027  24.027  5.294  -37.124 0.0000000000
86993  24.507  4.867  -37.250 0.0000000000
78986  17.634  -2.274  -34.454 0.0000000000
78985  18.284  -2.532  -34.845 0.0000000000
77815  18.905  -3.014  -35.348 0.0000000000
78995  18.642  -2.422  -35.522 0.0000000000
79005  18.862  -1.885  -36.269 0.0000000000
80136  19.202  -1.766  -36.784 0.0000000000
80138  18.441  -1.020  -36.179 0.0000000000
80137  18.707  -1.144  -36.645 0.0000000000
80150  19.014  -1.208  -37.082 0.0000000000
82485  20.179  0.384  -37.256 0.0000000000
83679  16.783  1.733  -35.940 0.0000000000
83695  17.032  1.713  -36.805 0.0000000000
82502  17.210  0.857  -37.272 0.0000000000
83721  17.975  1.408  -37.564 0.0000000000
82500  17.953  0.770  -37.751 0.0000000000
82487  18.454  0.708  -37.620 0.0000000000
84816  21.084  2.131  -36.436 0.0000000000
85914  20.347  3.354  -37.026 0.0000000000
85912  21.922  3.603  -36.317 0.0000000000
86976  22.442  4.047  -36.372 0.0000000000
88012  22.232  4.555  -36.465 0.0000000000
88011  22.764  4.657  -36.548 0.0000000000
89092  15.305  6.371  -37.208 0.0000000000
89091  15.817  6.193  -37.729 0.0000000000
89107  17.265  6.235  -38.723 0.0000000000
92477  17.123  9.147  -39.945 0.0000000000
91382  17.553  8.160  -39.851 0.0000000000
91381  18.269  8.054  -39.854 0.0000000000
90249  17.927  7.421  -39.550 0.0000000000
88047  18.375  5.570  -38.708 0.0000000000
88032  19.000  5.511  -38.365 0.0000000000
88028  23.063  5.440  -36.619 0.0000000000
89085  24.339  6.327  -37.512 0.0000000000
92433  23.588  9.755  -37.666 0.0000000000
92454  24.014  9.279  -38.431 0.0000000000
98974  18.491  15.523  -40.140 0.0000000000
105780  19.244  22.794  -42.409 0.0000000000
105765  19.513  22.052  -41.338 0.0000000000
104774  19.493  21.013  -40.774 0.0000000000
103733  21.167  20.658  -40.086 0.0000000000
103718  19.833  19.774  -40.108 0.0000000000
102784  20.185  19.125  -39.816 0.0000000000
101892  21.552  18.446  -39.019 0.0000000000
98947  21.730  15.414  -38.051 0.0000000000
98946  22.569  15.381  -37.931 0.0000000000
98945  23.554  14.835  -38.089 0.0000000000
98944  24.146  14.328  -38.660 0.0000000000
98972  24.821  15.373  -40.201 0.0000000000
98956  24.705  14.637  -39.892 0.0000000000
97903  24.730  13.814  -39.667 0.0000000000
77814  19.359  -3.080  -35.961 0.0000000000
76559  20.251  -4.303  -36.544 0.0000000000
76558  20.993  -4.322  -36.331 0.0000000000
77828  20.621  -3.432  -37.210 0.0000000000
77823  21.164  -3.595  -36.709 0.0000000000
77813  21.477  -3.659  -35.803 0.0000000000
77804  21.748  -3.510  -34.824 0.0000000000
78971  22.933  -2.862  -33.853 0.0000000000
81280  21.874  -0.539  -36.269 0.0000000000
80122  23.056  -1.086  -35.195 0.0000000000
78983  23.136  -2.240  -34.105 0.0000000000
78970  23.515  -2.465  -33.457 0.0000000000
86973  25.313  4.212  -36.505 0.0000000000
72713  20.209  -6.887  -33.241 0.0000000000
73915  23.066  -6.825  -31.846 0.0000000000
75204  23.964  -5.802  -31.954 0.0000000000
76512  22.796  -4.935  -33.129 0.0000000000
76560  19.684  -3.775  -36.667 0.0000000000
76570  20.774  -4.196  -37.058 0.0000000000
76572  19.685  -3.563  -37.177 0.0000000000
77829  19.995  -3.259  -37.398 0.0000000000
79011  21.032  -2.731  -36.935 0.0000000000
81234  23.925  -1.223  -33.849 0.0000000000
81254  17.153  -0.414  -35.152 0.0000000000
81271  17.104  -0.064  -35.363 0.0000000000
81279  22.511  -0.601  -35.966 0.0000000000
82489  17.240  1.192  -36.881 0.0000000000
82501  17.580  0.941  -37.605 0.0000000000
83711  18.099  1.889  -37.415 0.0000000000
83720  18.128  1.109  -37.650 0.0000000000
83722  17.524  1.317  -37.483 0.0000000000
84846  17.939  2.239  -37.521 0.0000000000
84847  17.596  1.696  -37.406 0.0000000000
88050  16.505  5.365  -37.885 0.0000000000
89120  17.675  7.048  -39.376 0.0000000000
91347  20.248  8.417  -37.452 0.0000000000
91365  22.579  8.888  -36.924 0.0000000000
91366  22.366  9.013  -36.874 0.0000000000
92418  20.811  8.956  -37.260 0.0000000000
92456  22.192  9.279  -37.006 0.0000000000
101906  24.825  18.494  -40.195 0.0000000000
102800  23.621  19.708  -39.575 0.0000000000
104799  16.803  21.537  -42.919 0.0000000000
104800  16.325  21.808  -43.123 0.0000000000
