#!ascii label  , from subject sub001 vox2ras=TkReg
208
88010  23.503  4.693  -36.803 0.0000000000
77794  23.164  -3.561  -33.275 0.0000000000
92436  20.179  9.308  -37.462 0.0000000000
102785  19.323  19.128  -40.382 0.0000000000
75218  22.092  -5.914  -33.110 0.0000000000
94561  22.730  11.574  -37.373 0.0000000000
98930  21.993  14.980  -37.573 0.0000000000
85896  21.610  2.919  -36.354 0.0000000000
82467  23.304  0.587  -35.958 0.0000000000
85893  24.512  3.144  -35.877 0.0000000000
89084  24.994  6.229  -37.718 0.0000000000
88008  25.755  5.185  -36.639 0.0000000000
90223  22.664  7.416  -36.704 0.0000000000
91344  23.883  8.591  -37.906 0.0000000000
101003  20.094  17.515  -39.635 0.0000000000
100033  21.536  16.774  -38.723 0.0000000000
81233  24.415  -0.745  -33.787 0.0000000000
96790  20.286  13.697  -38.104 0.0000000000
97905  20.287  14.860  -38.560 0.0000000000
86975  23.242  3.980  -36.523 0.0000000000
85894  23.560  3.145  -36.339 0.0000000000
86974  24.231  4.184  -36.901 0.0000000000
76523  23.009  -4.363  -33.099 0.0000000000
91327  21.366  8.772  -37.061 0.0000000000
91345  22.676  8.597  -36.937 0.0000000000
92434  22.612  9.495  -37.256 0.0000000000
96789  23.706  12.931  -38.125 0.0000000000
94575  24.156  11.346  -38.273 0.0000000000
102801  18.286  19.133  -40.776 0.0000000000
100050  18.188  16.488  -40.585 0.0000000000
101894  19.740  18.318  -40.090 0.0000000000
103731  23.402  20.493  -39.952 0.0000000000
102780  23.814  19.141  -39.442 0.0000000000
101891  22.595  18.497  -38.888 0.0000000000
100999  23.993  17.733  -39.229 0.0000000000
100031  23.939  16.690  -38.976 0.0000000000
83662  24.704  0.662  -34.924 0.0000000000
81267  24.286  -0.194  -34.827 0.0000000000
73938  21.311  -6.856  -32.979 0.0000000000
93522  21.606  10.526  -37.190 0.0000000000
95660  20.969  12.592  -37.415 0.0000000000
96771  22.371  13.254  -37.484 0.0000000000
98928  23.323  14.163  -37.715 0.0000000000
82469  21.668  0.359  -36.335 0.0000000000
83692  22.281  1.266  -36.230 0.0000000000
84800  24.199  1.632  -35.716 0.0000000000
84798  25.086  2.157  -35.167 0.0000000000
88026  24.706  5.393  -37.446 0.0000000000
86992  24.862  4.695  -37.264 0.0000000000
89072  25.461  6.066  -37.242 0.0000000000
88029  21.862  5.194  -36.560 0.0000000000
89088  21.099  6.386  -36.761 0.0000000000
89086  23.451  6.393  -36.874 0.0000000000
90222  23.697  7.442  -37.364 0.0000000000
90221  24.748  7.524  -38.141 0.0000000000
91363  24.905  8.185  -39.179 0.0000000000
93520  23.491  10.383  -37.594 0.0000000000
92453  24.388  9.385  -39.147 0.0000000000
98962  19.267  15.577  -39.743 0.0000000000
103717  20.667  19.903  -39.811 0.0000000000
101893  20.597  18.372  -39.481 0.0000000000
101002  20.981  17.607  -38.982 0.0000000000
98961  20.059  15.707  -39.209 0.0000000000
98959  22.111  16.029  -38.390 0.0000000000
98958  23.253  15.881  -38.423 0.0000000000
78984  22.543  -2.624  -34.507 0.0000000000
81269  23.081  -0.597  -35.543 0.0000000000
86973  25.313  4.212  -36.505 0.0000000000
85872  25.775  3.595  -35.211 0.0000000000
96803  19.855  14.292  -38.691 0.0000000000
97906  19.660  14.790  -39.208 0.0000000000
71557  20.578  -8.141  -32.281 0.0000000000
72683  21.167  -7.798  -32.265 0.0000000000
92417  20.950  9.155  -37.222 0.0000000000
91346  21.982  9.023  -36.807 0.0000000000
92435  21.418  9.500  -37.182 0.0000000000
95673  24.024  12.110  -38.562 0.0000000000
101908  17.848  18.261  -40.799 0.0000000000
101907  18.796  18.304  -40.528 0.0000000000
101889  24.232  18.534  -39.577 0.0000000000
101015  24.543  17.682  -39.775 0.0000000000
83661  25.119  1.291  -34.517 0.0000000000
82434  25.067  0.565  -33.951 0.0000000000
76534  21.872  -4.210  -34.235 0.0000000000
94563  20.711  11.545  -37.334 0.0000000000
95675  20.095  12.490  -38.004 0.0000000000
97895  21.171  14.693  -37.864 0.0000000000
96772  21.414  13.520  -37.511 0.0000000000
97877  22.044  14.188  -37.473 0.0000000000
97876  22.838  13.831  -37.507 0.0000000000
98929  22.738  14.636  -37.557 0.0000000000
103736  17.747  19.941  -41.100 0.0000000000
84815  21.986  2.154  -36.332 0.0000000000
84813  23.853  2.162  -35.926 0.0000000000
84812  24.287  2.500  -35.788 0.0000000000
84799  24.539  2.122  -35.596 0.0000000000
85874  24.896  2.624  -35.489 0.0000000000
73957  21.607  -6.330  -33.195 0.0000000000
73937  22.104  -6.616  -32.647 0.0000000000
86994  21.767  4.256  -36.424 0.0000000000
90224  21.582  7.363  -36.719 0.0000000000
89087  22.318  6.385  -36.541 0.0000000000
91343  24.566  8.188  -38.662 0.0000000000
91364  24.359  8.634  -38.828 0.0000000000
94562  21.761  11.571  -37.205 0.0000000000
93521  22.735  10.590  -37.373 0.0000000000
93535  23.362  10.872  -37.531 0.0000000000
93534  24.065  10.352  -38.030 0.0000000000
100049  18.860  16.850  -40.349 0.0000000000
100036  18.897  16.196  -40.224 0.0000000000
100035  19.552  16.581  -39.808 0.0000000000
103716  21.619  20.055  -39.405 0.0000000000
102782  22.092  19.297  -39.033 0.0000000000
101001  22.080  17.644  -38.812 0.0000000000
100034  20.527  16.666  -39.166 0.0000000000
98960  21.010  15.776  -38.526 0.0000000000
100032  22.686  16.823  -38.588 0.0000000000
100048  24.503  16.117  -39.267 0.0000000000
98957  24.329  15.198  -39.126 0.0000000000
78992  22.028  -2.586  -35.106 0.0000000000
82468  22.582  0.323  -36.154 0.0000000000
82453  23.109  -0.040  -35.952 0.0000000000
81252  24.204  -0.471  -34.514 0.0000000000
81268  23.768  -0.597  -35.034 0.0000000000
81253  23.811  -1.018  -34.310 0.0000000000
80100  23.547  -1.658  -33.948 0.0000000000
86972  25.895  4.631  -36.161 0.0000000000
85895  22.557  3.148  -36.302 0.0000000000
75233  22.354  -5.349  -33.283 0.0000000000
75217  22.732  -5.616  -32.774 0.0000000000
76511  23.397  -4.726  -32.741 0.0000000000
76510  24.025  -4.751  -32.281 0.0000000000
90237  25.056  7.609  -38.670 0.0000000000
90220  25.289  7.332  -37.880 0.0000000000
90206  21.179  8.098  -37.198 0.0000000000
90205  21.887  8.174  -36.718 0.0000000000
91326  21.975  8.671  -36.733 0.0000000000
92455  22.531  9.117  -37.024 0.0000000000
95658  22.947  12.372  -37.482 0.0000000000
94576  23.583  11.477  -37.640 0.0000000000
95674  23.677  12.244  -37.879 0.0000000000
101016  18.393  17.477  -40.568 0.0000000000
101004  19.261  17.503  -40.245 0.0000000000
102800  23.621  19.708  -39.575 0.0000000000
103714  23.211  19.905  -39.495 0.0000000000
101890  23.520  18.502  -39.121 0.0000000000
101000  23.163  17.677  -38.820 0.0000000000
100030  24.301  17.188  -39.441 0.0000000000
83677  24.483  1.097  -35.382 0.0000000000
82452  23.744  0.245  -35.587 0.0000000000
82451  24.349  0.195  -35.105 0.0000000000
82435  24.650  0.156  -34.458 0.0000000000
72697  21.456  -7.287  -32.560 0.0000000000
73958  20.791  -6.494  -33.442 0.0000000000
75234  21.685  -5.644  -33.667 0.0000000000
76524  22.364  -4.556  -33.596 0.0000000000
77795  22.397  -3.527  -34.017 0.0000000000
93523  20.511  10.471  -37.426 0.0000000000
95659  22.006  12.495  -37.386 0.0000000000
96770  23.173  13.050  -37.649 0.0000000000
97875  23.404  13.561  -37.773 0.0000000000
97894  23.852  13.752  -38.239 0.0000000000
103735  18.909  20.165  -40.436 0.0000000000
83691  23.141  1.280  -36.093 0.0000000000
84814  22.916  2.188  -36.277 0.0000000000
83678  23.822  1.159  -35.829 0.0000000000
83676  24.854  1.654  -35.222 0.0000000000
83660  25.545  1.894  -34.104 0.0000000000
88027  24.027  5.294  -37.124 0.0000000000
86993  24.507  4.867  -37.250 0.0000000000
88009  25.238  5.221  -37.296 0.0000000000
90204  25.622  6.686  -37.036 0.0000000000
89071  26.012  6.096  -36.434 0.0000000000
86976  22.442  4.047  -36.372 0.0000000000
88012  22.232  4.555  -36.465 0.0000000000
88011  22.764  4.657  -36.548 0.0000000000
88028  23.063  5.440  -36.619 0.0000000000
89085  24.339  6.327  -37.512 0.0000000000
92433  23.588  9.755  -37.666 0.0000000000
92454  24.014  9.279  -38.431 0.0000000000
103734  20.148  20.441  -40.391 0.0000000000
103718  19.833  19.774  -40.108 0.0000000000
102784  20.185  19.125  -39.816 0.0000000000
101892  21.552  18.446  -39.019 0.0000000000
98947  21.730  15.414  -38.051 0.0000000000
98946  22.569  15.381  -37.931 0.0000000000
98945  23.554  14.835  -38.089 0.0000000000
98944  24.146  14.328  -38.660 0.0000000000
78971  22.933  -2.862  -33.853 0.0000000000
80123  22.247  -1.600  -35.512 0.0000000000
80122  23.056  -1.086  -35.195 0.0000000000
80112  23.078  -1.602  -34.698 0.0000000000
78983  23.136  -2.240  -34.105 0.0000000000
85892  25.188  3.559  -35.848 0.0000000000
86953  25.953  4.151  -35.497 0.0000000000
86954  25.532  3.729  -35.695 0.0000000000
85873  25.408  3.027  -35.240 0.0000000000
85853  25.782  2.757  -34.606 0.0000000000
75215  24.156  -5.303  -32.043 0.0000000000
76512  22.796  -4.935  -33.129 0.0000000000
81234  23.925  -1.223  -33.849 0.0000000000
81279  22.511  -0.601  -35.966 0.0000000000
84782  25.441  2.281  -34.613 0.0000000000
91365  22.579  8.888  -36.924 0.0000000000
91366  22.366  9.013  -36.874 0.0000000000
92418  20.811  8.956  -37.260 0.0000000000
92456  22.192  9.279  -37.006 0.0000000000
102781  23.096  19.314  -39.206 0.0000000000
