#!ascii label  , from subject sub001 vox2ras=TkReg
557
67927  19.996  -12.039  -28.190 0.1428571492
66747  18.788  -12.621  -27.979 0.1428571492
67947  19.427  -11.296  -28.707 0.1428571492
66745  20.629  -12.557  -27.483 0.1428571492
66763  18.964  -12.052  -28.457 0.1428571492
67926  20.668  -11.581  -28.084 0.1428571492
69181  19.626  -10.441  -29.614 0.5714285970
69159  20.731  -10.449  -28.489 0.1428571492
70335  22.391  -9.550  -28.511 0.2857142985
70336  21.492  -9.671  -28.608 0.2857142985
70358  23.543  -8.808  -28.683 0.1428571492
70359  22.768  -8.781  -28.821 0.2857142985
73891  23.984  -6.627  -30.776 0.2857142985
72660  23.186  -7.221  -30.641 0.2857142985
77762  24.850  -4.127  -31.903 0.2857142985
75186  25.009  -5.756  -31.120 0.2857142985
77780  25.180  -3.329  -32.075 0.2857142985
77781  24.080  -3.704  -32.489 0.2857142985
80098  24.826  -1.427  -32.867 0.2857142985
82434  25.067  0.565  -33.951 0.8571428657
81233  24.415  -0.745  -33.787 0.4285714328
80080  25.249  -1.864  -32.522 0.2857142985
84798  25.086  2.157  -35.167 0.7142857313
83660  25.545  1.894  -34.104 0.7142857313
83661  25.119  1.291  -34.517 0.7142857313
82435  24.650  0.156  -34.458 0.7142857313
85872  25.775  3.595  -35.211 0.8571428657
85853  25.782  2.757  -34.606 0.5714285970
85874  24.896  2.624  -35.489 0.8571428657
83676  24.854  1.654  -35.222 0.7142857313
83662  24.704  0.662  -34.924 0.7142857313
87994  26.268  5.144  -35.619 0.4285714328
86954  25.532  3.729  -35.695 0.7142857313
85873  25.408  3.027  -35.240 0.8571428657
89071  26.012  6.096  -36.434 0.2857142985
86972  25.895  4.631  -36.161 0.8571428657
88008  25.755  5.185  -36.639 0.7142857313
86973  25.313  4.212  -36.505 0.8571428657
90203  26.044  7.391  -36.485 0.1428571492
91361  25.844  8.564  -38.322 0.1428571492
91325  26.113  8.139  -36.633 0.1428571492
90219  25.678  7.764  -37.553 0.1428571492
88009  25.238  5.221  -37.296 0.8571428657
92473  25.737  9.316  -39.120 0.1428571492
92451  26.029  9.152  -38.528 0.1428571492
92452  25.544  8.647  -39.021 0.1428571492
91342  25.546  7.921  -37.981 0.1428571492
90236  25.176  7.784  -38.752 0.4285714328
90220  25.289  7.332  -37.880 0.5714285970
89084  24.994  6.229  -37.718 0.7142857313
88026  24.706  5.393  -37.446 0.8571428657
92474  25.402  9.090  -39.320 0.1428571492
92475  24.912  9.202  -39.589 0.1428571492
91379  25.267  8.478  -39.240 0.1428571492
91363  24.905  8.185  -39.179 0.5714285970
93551  25.104  10.021  -40.054 0.1428571492
93552  24.637  10.321  -39.784 0.2857142985
91380  25.105  8.632  -39.424 0.1428571492
92453  24.388  9.385  -39.147 0.8571428657
90237  25.056  7.609  -38.670 0.8571428657
90221  24.748  7.524  -38.141 0.8571428657
94574  24.369  11.271  -39.106 0.1428571492
94591  24.442  11.302  -39.774 0.1428571492
93533  24.371  10.511  -38.875 0.4285714328
93534  24.065  10.352  -38.030 0.8571428657
92454  24.014  9.279  -38.431 0.8571428657
91344  23.883  8.591  -37.906 0.8571428657
92433  23.588  9.755  -37.666 0.8571428657
92434  22.612  9.495  -37.256 0.8571428657
95672  24.189  12.003  -39.281 0.1428571492
96788  24.247  12.807  -38.650 0.2857142985
95673  24.024  12.110  -38.562 0.5714285970
95674  23.677  12.244  -37.879 0.8571428657
94575  24.156  11.346  -38.273 0.8571428657
93535  23.362  10.872  -37.531 0.8571428657
93520  23.491  10.383  -37.594 0.8571428657
97893  24.517  13.532  -38.910 0.2857142985
96789  23.706  12.931  -38.125 0.7142857313
94561  22.730  11.574  -37.373 0.8571428657
95659  22.006  12.495  -37.386 0.8571428657
93521  22.735  10.590  -37.373 0.8571428657
97875  23.404  13.561  -37.773 0.8571428657
97876  22.838  13.831  -37.507 0.8571428657
96772  21.414  13.520  -37.511 0.7142857313
98928  23.323  14.163  -37.715 0.8571428657
98929  22.738  14.636  -37.557 0.8571428657
96771  22.371  13.254  -37.484 0.8571428657
98930  21.993  14.980  -37.573 0.8571428657
98947  21.730  15.414  -38.051 0.8571428657
97895  21.171  14.693  -37.864 0.7142857313
98958  23.253  15.881  -38.423 0.7142857313
100032  22.686  16.823  -38.588 0.8571428657
101001  22.080  17.644  -38.812 0.7142857313
97877  22.044  14.188  -37.473 0.8571428657
98959  22.111  16.029  -38.390 0.8571428657
101905  25.334  18.441  -40.941 0.1428571492
101000  23.163  17.677  -38.820 0.7142857313
101890  23.520  18.502  -39.121 0.7142857313
100033  21.536  16.774  -38.723 0.8571428657
102817  25.250  19.510  -41.410 0.1428571492
101889  24.232  18.534  -39.577 0.5714285970
102780  23.814  19.141  -39.442 0.5714285970
103731  23.402  20.493  -39.952 0.5714285970
102799  24.322  19.534  -40.042 0.1428571492
103759  25.211  20.402  -42.955 0.1428571492
104787  25.369  21.485  -41.763 0.1428571492
105790  25.571  22.377  -42.377 0.1428571492
103730  24.453  20.665  -40.504 0.1428571492
105778  25.128  22.470  -41.522 0.1428571492
106776  24.754  23.371  -41.400 0.1428571492
106791  25.792  23.336  -42.930 0.1428571492
65490  20.061  -12.783  -27.370 0.1428571492
65491  19.518  -12.955  -27.366 0.1428571492
67946  20.148  -10.974  -28.435 0.2857142985
69134  21.220  -11.187  -28.028 0.1428571492
69158  22.037  -10.298  -28.232 0.2857142985
73874  24.405  -6.708  -30.139 0.2857142985
72659  23.754  -7.125  -30.015 0.2857142985
71521  23.257  -7.466  -29.995 0.1428571492
78968  24.895  -2.171  -32.530 0.2857142985
78969  24.196  -2.414  -32.778 0.2857142985
82413  24.888  -0.010  -33.720 0.4285714328
86937  26.453  4.459  -34.544 0.2857142985
82451  24.349  0.195  -35.105 0.7142857313
89072  25.461  6.066  -37.242 0.7142857313
91343  24.566  8.188  -38.662 0.8571428657
90222  23.697  7.442  -37.364 0.8571428657
97894  23.852  13.752  -38.239 0.8571428657
100031  23.939  16.690  -38.976 0.8571428657
100999  23.993  17.733  -39.229 0.7142857313
105801  25.129  22.360  -44.423 0.1428571492
65468  19.493  -13.539  -26.802 0.1428571492
69180  20.360  -10.078  -29.333 0.4285714328
70360  21.800  -9.022  -29.063 0.2857142985
70361  20.836  -9.463  -29.374 0.4285714328
70362  20.255  -9.894  -29.884 0.2857142985
71522  22.680  -7.677  -30.142 0.1428571492
75185  25.564  -5.675  -30.826 0.2857142985
75202  25.486  -5.286  -31.299 0.2857142985
75203  24.612  -5.527  -31.615 0.2857142985
73914  23.882  -6.308  -31.568 0.2857142985
76497  24.564  -4.822  -31.950 0.2857142985
81252  24.204  -0.471  -34.514 0.7142857313
92432  26.386  9.200  -37.678 0.1428571492
93550  25.748  9.832  -39.325 0.1428571492
89085  24.339  6.327  -37.512 0.8571428657
95685  24.329  11.924  -39.966 0.1428571492
96787  24.501  12.661  -39.326 0.1428571492
97904  24.439  14.232  -39.070 0.2857142985
95660  20.969  12.592  -37.415 0.8571428657
98944  24.146  14.328  -38.660 0.5714285970
100048  24.503  16.117  -39.267 0.5714285970
101014  25.130  17.502  -40.425 0.2857142985
102798  24.992  19.200  -40.623 0.1428571492
102818  24.849  19.916  -40.735 0.1428571492
104770  23.882  21.728  -40.479 0.2857142985
103746  25.349  20.465  -42.092 0.1428571492
105779  24.496  22.564  -40.889 0.1428571492
106758  24.142  23.427  -40.823 0.1428571492
104798  25.431  21.391  -42.716 0.1428571492
107760  24.986  24.044  -41.816 0.1428571492
107761  24.352  24.369  -41.359 0.1428571492
107778  25.358  24.334  -42.517 0.1428571492
98957  24.329  15.198  -39.126 0.4285714328
98973  24.657  15.845  -39.538 0.4285714328
100047  24.703  16.608  -39.769 0.4285714328
100030  24.301  17.188  -39.441 0.5714285970
101015  24.543  17.682  -39.775 0.5714285970
66762  19.517  -12.005  -28.371 0.1428571492
66746  19.634  -12.429  -27.890 0.1428571492
65492  18.668  -13.142  -27.384 0.1428571492
69160  19.956  -10.771  -28.760 0.4285714328
67948  18.352  -11.561  -28.975 0.2857142985
69133  21.881  -11.099  -28.058 0.1428571492
71499  22.249  -8.286  -29.580 0.1428571492
73913  24.500  -6.120  -31.184 0.2857142985
83677  24.483  1.097  -35.382 0.7142857313
86953  25.953  4.151  -35.497 0.8571428657
85892  25.188  3.559  -35.848 0.8571428657
90204  25.622  6.686  -37.036 0.5714285970
91362  25.473  8.218  -38.613 0.2857142985
91341  25.990  8.470  -37.548 0.1428571492
91364  24.359  8.634  -38.828 0.8571428657
95658  22.947  12.372  -37.482 0.8571428657
94576  23.583  11.477  -37.640 0.8571428657
94562  21.761  11.571  -37.205 0.8571428657
96770  23.173  13.050  -37.649 0.8571428657
98945  23.554  14.835  -38.089 0.8571428657
98946  22.569  15.381  -37.931 0.8571428657
101920  25.366  18.436  -41.857 0.1428571492
102800  23.621  19.708  -39.575 0.5714285970
103714  23.211  19.905  -39.495 0.5714285970
103771  24.807  20.337  -43.639 0.1428571492
104788  24.873  21.612  -40.917 0.1428571492
105797  25.542  22.344  -43.365 0.1428571492
104808  25.089  21.356  -43.631 0.1428571492
103747  25.042  20.611  -41.223 0.1428571492
106775  25.338  23.335  -42.049 0.1428571492
73873  25.087  -6.624  -29.893 0.1428571492
70382  20.512  -9.391  -30.296 0.4285714328
76510  24.025  -4.751  -32.281 0.5714285970
105762  23.081  22.473  -40.496 0.1428571492
75217  22.732  -5.616  -32.774 0.5714285970
73957  21.607  -6.330  -33.195 0.5714285970
73958  20.791  -6.494  -33.442 0.2857142985
76523  23.009  -4.363  -33.099 0.5714285970
75234  21.685  -5.644  -33.667 0.5714285970
72698  20.533  -7.361  -32.844 0.4285714328
75233  22.354  -5.349  -33.283 0.5714285970
73959  19.612  -6.529  -33.429 0.2857142985
75235  20.944  -5.851  -33.917 0.4285714328
78970  23.515  -2.465  -33.457 0.4285714328
77795  22.397  -3.527  -34.017 0.5714285970
76534  21.872  -4.210  -34.235 0.5714285970
76535  21.280  -4.626  -34.691 0.4285714328
78983  23.136  -2.240  -34.105 0.5714285970
78984  22.543  -2.624  -34.507 0.5714285970
80112  23.078  -1.602  -34.698 0.7142857313
80113  22.457  -2.084  -34.933 0.4285714328
75248  21.265  -5.350  -34.187 0.4285714328
73975  20.008  -5.999  -34.030 0.2857142985
77805  21.367  -4.046  -35.215 0.4285714328
80100  23.547  -1.658  -33.948 0.7142857313
81269  23.081  -0.597  -35.543 0.7142857313
80133  22.012  -1.116  -36.108 0.4285714328
82468  22.582  0.323  -36.154 0.7142857313
82469  21.668  0.359  -36.335 0.5714285970
83692  22.281  1.266  -36.230 0.7142857313
83693  21.359  1.264  -36.334 0.2857142985
81267  24.286  -0.194  -34.827 0.5714285970
82452  23.744  0.245  -35.587 0.5714285970
82453  23.109  -0.040  -35.952 0.7142857313
83691  23.141  1.280  -36.093 0.7142857313
84815  21.986  2.154  -36.332 0.7142857313
85895  22.557  3.148  -36.302 0.7142857313
85896  21.610  2.919  -36.354 0.7142857313
85912  21.922  3.603  -36.317 0.4285714328
84799  24.539  2.122  -35.596 0.5714285970
83678  23.822  1.159  -35.829 0.5714285970
84812  24.287  2.500  -35.788 0.5714285970
85894  23.560  3.145  -36.339 0.5714285970
86975  23.242  3.980  -36.523 0.7142857313
88011  22.764  4.657  -36.548 0.7142857313
86976  22.442  4.047  -36.372 0.7142857313
86994  21.767  4.256  -36.424 0.5714285970
88029  21.862  5.194  -36.560 0.5714285970
86974  24.231  4.184  -36.901 0.5714285970
88028  23.063  5.440  -36.619 0.8571428657
85913  21.217  3.591  -36.508 0.4285714328
89086  23.451  6.393  -36.874 0.7142857313
89087  22.318  6.385  -36.541 0.7142857313
89088  21.099  6.386  -36.761 0.5714285970
90224  21.582  7.363  -36.719 0.7142857313
88010  23.503  4.693  -36.803 0.7142857313
90223  22.664  7.416  -36.704 0.7142857313
91328  20.761  8.607  -37.321 0.2857142985
92436  20.179  9.308  -37.462 0.7142857313
90205  21.887  8.174  -36.718 0.8571428657
93522  21.606  10.526  -37.190 0.8571428657
91326  21.975  8.671  -36.733 0.8571428657
92417  20.950  9.155  -37.222 0.5714285970
92435  21.418  9.500  -37.182 0.8571428657
93523  20.511  10.471  -37.426 0.7142857313
91345  22.676  8.597  -36.937 0.8571428657
94563  20.711  11.545  -37.334 0.7142857313
97905  20.287  14.860  -38.560 0.7142857313
98960  21.010  15.776  -38.526 0.5714285970
97906  19.660  14.790  -39.208 0.7142857313
101002  20.981  17.607  -38.982 0.7142857313
98961  20.059  15.707  -39.209 0.7142857313
101003  20.094  17.515  -39.635 0.7142857313
101894  19.740  18.318  -40.090 0.7142857313
101004  19.261  17.503  -40.245 0.5714285970
101893  20.597  18.372  -39.481 0.7142857313
102783  21.103  19.209  -39.367 0.4285714328
102784  20.185  19.125  -39.816 0.5714285970
102785  19.323  19.128  -40.382 0.5714285970
101892  21.552  18.446  -39.019 0.5714285970
101907  18.796  18.304  -40.528 0.5714285970
103717  20.667  19.903  -39.811 0.5714285970
103718  19.833  19.774  -40.108 0.5714285970
101908  17.848  18.261  -40.799 0.5714285970
103735  18.909  20.165  -40.436 0.5714285970
102801  18.286  19.133  -40.776 0.5714285970
102802  17.344  19.006  -41.109 0.4285714328
101018  16.822  17.379  -40.474 0.4285714328
103736  17.747  19.941  -41.100 0.5714285970
103737  16.915  19.766  -41.362 0.4285714328
83641  25.369  0.945  -33.768 0.2857142985
85893  24.512  3.144  -35.877 0.5714285970
104776  17.338  20.502  -41.804 0.2857142985
73937  22.104  -6.616  -32.647 0.5714285970
72683  21.167  -7.798  -32.265 0.5714285970
77782  23.411  -4.086  -32.889 0.2857142985
76511  23.397  -4.726  -32.741 0.4285714328
73938  21.311  -6.856  -32.979 0.5714285970
77793  23.695  -3.010  -32.941 0.2857142985
77794  23.164  -3.561  -33.275 0.5714285970
72714  19.940  -7.051  -33.121 0.2857142985
77804  21.748  -3.510  -34.824 0.4285714328
78992  22.028  -2.586  -35.106 0.5714285970
75250  19.573  -5.490  -34.067 0.2857142985
76536  20.464  -4.779  -34.810 0.2857142985
80123  22.247  -1.600  -35.512 0.5714285970
81281  21.139  -0.509  -36.590 0.2857142985
91327  21.366  8.772  -37.061 0.7142857313
96790  20.286  13.697  -38.104 0.7142857313
101016  18.393  17.477  -40.568 0.5714285970
101909  17.081  18.195  -40.855 0.2857142985
101891  22.595  18.497  -38.888 0.5714285970
102782  22.092  19.297  -39.033 0.5714285970
103716  21.619  20.055  -39.405 0.5714285970
77812  21.688  -3.110  -35.343 0.4285714328
77763  24.371  -4.357  -32.131 0.2857142985
86992  24.862  4.695  -37.264 0.7142857313
88027  24.027  5.294  -37.124 0.7142857313
86993  24.507  4.867  -37.250 0.7142857313
92455  22.531  9.117  -37.024 0.7142857313
81253  23.811  -1.018  -34.310 0.5714285970
81268  23.768  -0.597  -35.034 0.5714285970
95675  20.095  12.490  -38.004 0.7142857313
84800  24.199  1.632  -35.716 0.5714285970
75218  22.092  -5.914  -33.110 0.5714285970
73936  22.939  -6.311  -32.338 0.4285714328
72697  21.456  -7.287  -32.560 0.5714285970
73974  20.375  -6.108  -33.852 0.4285714328
76524  22.364  -4.556  -33.596 0.5714285970
76525  21.716  -4.903  -34.111 0.4285714328
71557  20.578  -8.141  -32.281 0.5714285970
75249  20.562  -5.508  -34.292 0.4285714328
78971  22.933  -2.862  -33.853 0.5714285970
76545  21.049  -4.378  -35.490 0.4285714328
80122  23.056  -1.086  -35.195 0.5714285970
81280  21.874  -0.539  -36.269 0.4285714328
82467  23.304  0.587  -35.958 0.7142857313
84813  23.853  2.162  -35.926 0.7142857313
84814  22.916  2.188  -36.277 0.7142857313
88012  22.232  4.555  -36.465 0.7142857313
88030  20.650  5.363  -37.166 0.2857142985
90206  21.179  8.098  -37.198 0.5714285970
90207  20.710  8.163  -37.390 0.2857142985
91346  21.982  9.023  -36.807 0.8571428657
100034  20.527  16.666  -39.166 0.7142857313
103734  20.148  20.441  -40.391 0.7142857313
76546  20.410  -4.398  -35.688 0.1428571492
77823  21.164  -3.595  -36.709 0.4285714328
67962  19.041  -10.883  -29.437 0.4285714328
77761  25.797  -3.908  -31.710 0.1428571492
80097  25.304  -0.933  -32.757 0.1428571492
81232  25.066  -0.513  -33.169 0.1428571492
77779  26.162  -3.143  -32.130 0.1428571492
81231  25.617  -0.390  -32.623 0.1428571492
80079  25.765  -1.430  -32.419 0.1428571492
78954  26.408  -2.337  -32.135 0.1428571492
82412  25.410  0.378  -33.287 0.1428571492
84762  26.424  2.459  -33.555 0.2857142985
85852  26.282  3.331  -34.356 0.1428571492
108756  23.922  25.891  -42.257 0.1428571492
94577  19.790  11.474  -37.925 0.4285714328
109649  23.335  25.784  -41.941 0.1428571492
107739  23.667  24.057  -40.721 0.1428571492
96804  19.407  13.711  -39.040 0.4285714328
96803  19.855  14.292  -38.691 0.5714285970
106778  20.182  23.415  -41.685 0.2857142985
105764  20.950  22.264  -40.689 0.2857142985
96815  17.845  13.561  -40.431 0.1428571492
98962  19.267  15.577  -39.743 0.5714285970
105765  19.513  22.052  -41.338 0.2857142985
98974  18.491  15.523  -40.140 0.4285714328
100036  18.897  16.196  -40.224 0.5714285970
98975  17.711  15.538  -40.493 0.4285714328
100051  17.248  16.484  -40.592 0.2857142985
104789  17.875  21.049  -42.120 0.1428571492
104775  18.349  20.996  -41.197 0.1428571492
105766  18.479  21.456  -41.828 0.1428571492
101017  17.569  17.394  -40.724 0.4285714328
104790  17.133  21.040  -42.583 0.1428571492
105781  18.166  21.805  -42.478 0.1428571492
100052  16.373  16.477  -40.292 0.2857142985
104777  16.708  20.814  -41.730 0.2857142985
103706  16.994  19.994  -39.490 0.1428571492
105782  17.280  21.576  -42.823 0.1428571492
104778  15.943  21.558  -41.913 0.1428571492
104791  16.375  21.417  -42.624 0.1428571492
104760  16.276  21.934  -41.261 0.1428571492
69202  18.785  -10.282  -30.412 0.4285714328
70384  18.987  -9.835  -31.095 0.2857142985
76495  26.283  -4.660  -31.301 0.1428571492
80061  26.688  -1.524  -32.114 0.1428571492
83624  26.562  0.968  -32.694 0.1428571492
96791  19.659  13.127  -38.390 0.2857142985
102781  23.096  19.314  -39.206 0.4285714328
104772  21.607  21.532  -40.281 0.2857142985
105780  19.244  22.794  -42.409 0.2857142985
106762  20.640  22.887  -41.120 0.2857142985
105792  18.392  22.931  -42.662 0.2857142985
70385  18.018  -9.616  -30.555 0.2857142985
72640  24.482  -7.249  -29.632 0.1428571492
71498  23.570  -8.009  -29.306 0.1428571492
76474  26.437  -5.104  -30.960 0.1428571492
83640  25.977  1.464  -33.361 0.1428571492
98976  16.873  15.528  -40.567 0.1428571492
97915  17.368  14.548  -40.619 0.2857142985
100049  18.860  16.850  -40.349 0.5714285970
103732  22.197  20.859  -39.658 0.4285714328
105763  22.093  22.320  -40.661 0.2857142985
106761  21.549  23.090  -40.926 0.2857142985
106777  21.014  23.493  -41.192 0.2857142985
107764  21.233  24.276  -41.401 0.1428571492
108739  20.857  25.160  -41.886 0.1428571492
107762  23.365  24.660  -41.142 0.1428571492
105793  17.220  22.263  -42.838 0.2857142985
107763  22.379  24.572  -41.223 0.1428571492
108737  22.919  25.317  -41.511 0.1428571492
106759  23.363  23.354  -40.492 0.1428571492
107740  22.855  24.053  -40.627 0.1428571492
104771  22.725  21.548  -40.320 0.4285714328
106792  19.475  23.731  -42.489 0.2857142985
106760  22.496  23.204  -40.627 0.2857142985
69201  19.294  -10.128  -30.475 0.4285714328
84781  25.889  2.389  -34.088 0.4285714328
103715  22.621  20.020  -39.379 0.4285714328
103733  21.167  20.658  -40.086 0.2857142985
103720  16.688  20.055  -40.634 0.2857142985
100035  19.552  16.581  -39.808 0.5714285970
100050  18.188  16.488  -40.585 0.5714285970
104774  19.493  21.013  -40.774 0.2857142985
77778  26.686  -2.958  -32.022 0.1428571492
82411  26.099  0.448  -32.622 0.1428571492
95686  18.804  13.112  -39.284 0.2857142985
104773  20.477  21.347  -40.546 0.2857142985
97914  18.086  14.599  -40.119 0.2857142985
69203  18.242  -10.259  -30.215 0.2857142985
95676  19.011  12.523  -38.555 0.2857142985
107741  22.029  23.791  -41.036 0.2857142985
108738  21.823  25.373  -41.594 0.1428571492
90225  20.482  7.544  -37.262 0.2857142985
107782  16.967  24.281  -43.386 0.1428571492
108775  17.439  25.582  -43.975 0.1428571492
106763  16.733  23.639  -41.300 0.1428571492
108760  17.021  24.887  -43.945 0.1428571492
106794  17.771  23.736  -42.767 0.1428571492
106793  18.729  23.846  -42.827 0.1428571492
106779  16.808  23.427  -42.013 0.1428571492
107766  16.983  24.381  -41.817 0.1428571492
106795  17.019  23.055  -42.386 0.1428571492
108740  16.987  25.262  -42.447 0.1428571492
108776  17.056  26.054  -44.115 0.1428571492
107783  16.845  24.302  -42.719 0.1428571492
109637  17.830  25.960  -41.423 0.1428571492
108761  16.901  25.464  -43.592 0.1428571492
107743  17.169  24.441  -40.909 0.1428571492
109638  17.348  25.961  -42.020 0.1428571492
108774  18.391  25.749  -43.819 0.1428571492
80099  24.026  -1.613  -33.402 0.2857142985
107780  19.104  24.757  -42.755 0.1428571492
107792  18.254  24.856  -43.368 0.1428571492
108719  17.338  25.262  -41.418 0.1428571492
108703  17.637  25.068  -40.682 0.1428571492
71540  21.645  -8.024  -31.373 0.4285714328
72661  22.469  -7.526  -30.910 0.2857142985
73916  22.553  -6.860  -32.185 0.2857142985
72681  22.825  -7.203  -31.305 0.1428571492
71524  20.976  -8.801  -30.607 0.2857142985
75216  23.555  -5.549  -32.340 0.2857142985
71541  21.110  -8.366  -31.576 0.4285714328
73892  23.388  -6.848  -31.248 0.1428571492
71523  21.774  -8.088  -30.715 0.1428571492
73935  23.522  -6.209  -32.063 0.2857142985
72682  22.032  -7.508  -31.770 0.2857142985
97907  18.912  14.651  -39.680 0.2857142985
70399  19.612  -9.309  -31.419 0.2857142985
70398  20.403  -9.191  -31.165 0.2857142985
71542  20.170  -8.823  -32.003 0.2857142985
78993  21.697  -2.672  -35.629 0.2857142985
80124  21.576  -2.179  -35.875 0.2857142985
80134  21.263  -1.643  -36.403 0.2857142985
84816  21.084  2.131  -36.436 0.1428571492
85897  20.848  2.875  -36.506 0.2857142985
86995  20.974  4.386  -36.842 0.1428571492
90226  19.488  7.272  -37.784 0.1428571492
92437  19.717  8.720  -37.653 0.1428571492
93536  19.521  10.461  -37.835 0.1428571492
93537  18.786  10.316  -38.424 0.1428571492
96805  18.581  13.680  -39.758 0.1428571492
101910  16.588  18.160  -40.301 0.1428571492
101019  16.027  17.377  -40.084 0.1428571492
102803  16.795  18.996  -40.702 0.1428571492
102804  16.398  18.684  -40.129 0.1428571492
69182  18.639  -10.628  -29.887 0.2857142985
94578  18.926  11.333  -38.423 0.1428571492
69183  17.694  -10.347  -29.800 0.2857142985
77813  21.477  -3.659  -35.803 0.2857142985
79003  21.365  -2.779  -36.227 0.2857142985
80147  20.670  -2.183  -36.837 0.2857142985
91348  19.657  8.146  -37.754 0.1428571492
92458  19.004  9.001  -38.296 0.1428571492
95698  17.512  12.545  -40.701 0.1428571492
77828  20.621  -3.432  -37.210 0.2857142985
70383  19.805  -9.782  -30.603 0.2857142985
100037  15.422  16.385  -39.633 0.1428571492
76558  20.993  -4.322  -36.331 0.1428571492
70400  19.080  -9.222  -31.434 0.2857142985
80148  20.292  -1.593  -37.131 0.1428571492
92457  19.260  9.769  -37.862 0.1428571492
91367  19.254  7.928  -38.376 0.1428571492
69184  17.149  -10.213  -29.320 0.1428571492
70364  16.999  -9.518  -29.353 0.1428571492
70363  17.420  -9.548  -29.978 0.1428571492
71543  19.182  -8.549  -31.813 0.1428571492
87976  26.847  5.324  -34.463 0.1428571492
98956  24.705  14.637  -39.892 0.1428571492
71526  17.895  -8.443  -30.804 0.1428571492
71558  19.851  -8.056  -32.425 0.1428571492
71525  18.577  -9.014  -31.218 0.1428571492
73939  19.189  -6.841  -32.940 0.1428571492
97903  24.730  13.814  -39.667 0.1428571492
98972  24.821  15.373  -40.201 0.1428571492
73960  18.870  -6.284  -33.273 0.1428571492
67964  17.809  -11.052  -29.336 0.1428571492
72699  19.466  -7.226  -32.774 0.1428571492
69161  17.362  -10.639  -29.213 0.1428571492
71559  19.188  -7.781  -32.303 0.1428571492
67963  18.474  -11.039  -29.438 0.4285714328
71501  20.842  -9.033  -30.003 0.4285714328
72713  20.209  -6.887  -33.241 0.2857142985
73915  23.066  -6.825  -31.846 0.2857142985
75201  26.028  -5.254  -31.024 0.1428571492
75204  23.964  -5.802  -31.954 0.2857142985
75215  24.156  -5.303  -32.043 0.5714285970
76496  25.292  -4.753  -31.659 0.2857142985
76512  22.796  -4.935  -33.129 0.5714285970
78953  26.960  -2.674  -31.901 0.1428571492
78955  25.505  -2.448  -32.330 0.2857142985
79011  21.032  -2.731  -36.935 0.2857142985
81234  23.925  -1.223  -33.849 0.5714285970
81279  22.511  -0.601  -35.966 0.7142857313
84782  25.441  2.281  -34.613 0.7142857313
91347  20.248  8.417  -37.452 0.1428571492
91365  22.579  8.888  -36.924 0.7142857313
91366  22.366  9.013  -36.874 0.7142857313
92418  20.811  8.956  -37.260 0.5714285970
92456  22.192  9.279  -37.006 0.8571428657
97892  24.710  13.152  -39.419 0.1428571492
101906  24.825  18.494  -40.195 0.4285714328
104799  16.803  21.537  -42.919 0.1428571492
104800  16.325  21.808  -43.123 0.1428571492
105761  23.834  22.714  -40.562 0.1428571492
105767  16.119  22.347  -41.543 0.1428571492
105791  19.054  23.273  -42.740 0.1428571492
106801  18.286  24.252  -43.002 0.1428571492
106802  17.937  24.375  -43.169 0.1428571492
107742  21.486  23.658  -41.152 0.2857142985
107781  18.617  24.425  -42.977 0.1428571492
107793  17.450  24.630  -43.504 0.1428571492
109652  16.969  26.151  -42.878 0.1428571492
109682  17.783  26.206  -44.315 0.1428571492
