#!ascii label  , from subject sub001 vox2ras=TkReg
1432
117237  -51.515  37.949  5.182 0.0000000000
130285  -39.771  53.429  -11.320 0.0000000000
126998  -40.760  48.931  -2.677 0.0000000000
122099  -47.342  43.625  -7.366 0.0000000000
131102  -44.508  54.466  -15.242 0.0000000000
124889  -43.960  46.581  -11.478 0.0000000000
124898  -42.349  46.025  -13.367 0.0000000000
124809  -41.181  46.509  -6.797 0.0000000000
115360  -44.929  35.898  13.769 0.0000000000
118053  -48.975  38.469  7.626 0.0000000000
134776  -37.820  59.398  -5.741 0.0000000000
134824  -41.061  59.123  -8.709 0.0000000000
135641  -42.390  62.430  -11.784 0.0000000000
125466  -47.300  48.123  2.918 0.0000000000
128651  -45.101  52.092  -8.350 0.0000000000
125571  -47.319  47.369  -5.471 0.0000000000
123884  -48.658  45.543  0.192 0.0000000000
121217  -45.424  42.089  -0.168 0.0000000000
121212  -40.655  42.411  0.564 0.0000000000
116409  -51.709  36.788  1.414 0.0000000000
131108  -42.725  54.493  -15.783 0.0000000000
127176  -43.650  49.501  -15.968 0.0000000000
127139  -41.102  49.488  -13.522 0.0000000000
124871  -39.625  45.986  -10.300 0.0000000000
117169  -47.634  37.381  11.335 0.0000000000
118050  -45.935  37.887  7.477 0.0000000000
134759  -34.589  59.555  -4.461 0.0000000000
134859  -41.794  59.725  -10.643 0.0000000000
123848  -44.896  46.071  2.630 0.0000000000
127759  -44.033  50.306  -0.105 0.0000000000
130234  -38.250  53.108  -7.577 0.0000000000
128648  -41.329  52.080  -8.869 0.0000000000
122162  -47.093  44.281  -10.989 0.0000000000
125625  -46.967  47.338  -9.830 0.0000000000
123968  -49.718  45.729  -7.480 0.0000000000
125520  -48.660  47.939  -3.012 0.0000000000
122977  -48.707  44.763  -3.729 0.0000000000
122043  -47.284  43.453  0.115 0.0000000000
122976  -46.508  44.205  -3.786 0.0000000000
123915  -40.884  45.943  -2.068 0.0000000000
131084  -42.263  54.082  -13.666 0.0000000000
127116  -41.786  49.891  -11.784 0.0000000000
127950  -44.291  50.575  -14.645 0.0000000000
124075  -44.612  45.276  -14.489 0.0000000000
122143  -44.491  43.181  -11.227 0.0000000000
123983  -44.475  45.061  -8.085 0.0000000000
123052  -40.113  43.077  -10.101 0.0000000000
123011  -38.011  44.302  -8.242 0.0000000000
116232  -48.902  36.673  14.980 0.0000000000
117159  -51.003  37.528  11.514 0.0000000000
118056  -51.065  38.851  7.102 0.0000000000
131716  -34.031  55.769  -3.341 0.0000000000
132530  -35.302  56.162  -6.178 0.0000000000
132561  -37.374  56.368  -8.821 0.0000000000
132579  -39.904  56.762  -11.054 0.0000000000
133331  -43.191  57.803  -11.353 0.0000000000
134126  -44.358  58.282  -13.082 0.0000000000
133363  -41.219  57.316  -14.061 0.0000000000
135639  -40.404  60.988  -11.657 0.0000000000
120390  -45.602  41.496  4.522 0.0000000000
121170  -48.160  43.119  4.526 0.0000000000
122855  -50.390  44.593  5.060 0.0000000000
127050  -41.568  50.246  -6.256 0.0000000000
126357  -44.586  49.608  -10.096 0.0000000000
126330  -44.648  48.519  -8.439 0.0000000000
126284  -43.802  48.247  -3.552 0.0000000000
126985  -46.646  50.367  -1.528 0.0000000000
125474  -49.418  47.836  1.660 0.0000000000
120416  -51.102  42.355  2.906 0.0000000000
118871  -49.583  39.774  2.724 0.0000000000
118103  -47.590  38.699  2.501 0.0000000000
118116  -44.443  38.458  1.690 0.0000000000
123919  -44.183  45.290  -3.225 0.0000000000
121215  -43.440  42.422  0.478 0.0000000000
118127  -41.852  38.962  0.015 0.0000000000
116374  -50.792  36.627  6.673 0.0000000000
116382  -51.070  36.046  4.491 0.0000000000
116390  -51.512  36.874  3.744 0.0000000000
130331  -41.362  53.525  -15.206 0.0000000000
128748  -41.796  51.757  -15.027 0.0000000000
128739  -40.467  51.645  -13.962 0.0000000000
127114  -40.226  49.964  -12.016 0.0000000000
126961  -42.595  49.712  -0.628 0.0000000000
130261  -38.614  53.466  -9.669 0.0000000000
122134  -47.585  43.457  -9.798 0.0000000000
123037  -48.691  44.719  -8.967 0.0000000000
122101  -48.672  43.959  -7.780 0.0000000000
122985  -49.827  45.186  -5.494 0.0000000000
122084  -49.120  43.709  -5.603 0.0000000000
122071  -47.669  43.703  -3.337 0.0000000000
122990  -46.995  43.980  -5.724 0.0000000000
131085  -43.422  54.308  -14.189 0.0000000000
129526  -43.493  52.056  -14.188 0.0000000000
128742  -44.745  51.612  -15.049 0.0000000000
125681  -43.184  47.251  -14.853 0.0000000000
125703  -44.611  47.434  -15.697 0.0000000000
124053  -43.011  45.248  -13.646 0.0000000000
122179  -44.167  44.084  -13.488 0.0000000000
122170  -42.725  43.429  -12.328 0.0000000000
122141  -42.031  42.664  -10.988 0.0000000000
123077  -40.644  43.310  -11.421 0.0000000000
123050  -38.377  43.930  -9.665 0.0000000000
117183  -48.770  37.558  10.049 0.0000000000
117157  -49.811  37.717  11.877 0.0000000000
117197  -49.878  37.643  9.013 0.0000000000
117186  -51.147  37.310  9.702 0.0000000000
118054  -49.792  38.678  7.607 0.0000000000
134774  -35.916  59.174  -5.447 0.0000000000
133255  -34.718  57.796  -5.531 0.0000000000
134005  -36.333  58.357  -6.263 0.0000000000
132552  -36.550  56.581  -7.559 0.0000000000
134022  -37.797  58.298  -7.110 0.0000000000
134042  -40.939  58.747  -8.412 0.0000000000
133294  -40.329  58.230  -8.869 0.0000000000
133306  -41.105  58.337  -9.645 0.0000000000
133330  -41.843  57.398  -11.730 0.0000000000
133317  -42.248  58.275  -10.490 0.0000000000
136360  -42.480  62.102  -10.999 0.0000000000
134862  -44.282  59.302  -11.343 0.0000000000
134900  -43.577  60.070  -12.443 0.0000000000
133365  -43.088  57.985  -14.162 0.0000000000
134898  -42.023  60.077  -12.781 0.0000000000
134897  -40.977  59.844  -12.409 0.0000000000
135659  -41.427  60.897  -12.118 0.0000000000
123818  -40.744  45.582  3.184 0.0000000000
121179  -41.083  42.879  3.676 0.0000000000
122001  -42.409  43.672  3.379 0.0000000000
120389  -44.575  41.438  4.319 0.0000000000
122002  -43.478  43.697  3.340 0.0000000000
124663  -46.179  47.112  2.819 0.0000000000
122897  -46.505  44.883  3.329 0.0000000000
123824  -47.813  45.897  3.621 0.0000000000
121957  -49.347  43.601  5.136 0.0000000000
123825  -48.808  45.956  4.193 0.0000000000
129430  -44.422  52.897  -6.411 0.0000000000
128612  -42.202  51.935  -5.914 0.0000000000
127857  -43.408  50.946  -7.514 0.0000000000
126388  -42.684  48.499  -11.793 0.0000000000
127108  -42.565  49.177  -10.332 0.0000000000
125640  -44.139  48.118  -10.438 0.0000000000
124831  -47.056  46.459  -7.952 0.0000000000
125611  -45.836  47.772  -8.977 0.0000000000
125586  -45.325  46.951  -7.131 0.0000000000
125584  -43.857  47.822  -5.979 0.0000000000
125552  -45.626  47.557  -4.606 0.0000000000
126270  -45.206  48.760  -2.459 0.0000000000
126287  -46.884  48.886  -3.437 0.0000000000
124719  -48.461  46.754  -0.951 0.0000000000
126241  -48.320  48.661  -0.918 0.0000000000
124701  -49.296  47.297  0.824 0.0000000000
123826  -50.660  45.230  3.195 0.0000000000
122919  -50.369  44.638  2.319 0.0000000000
120415  -50.677  41.913  2.533 0.0000000000
122017  -49.203  43.397  2.200 0.0000000000
121218  -46.444  42.390  0.167 0.0000000000
120412  -47.459  41.274  2.532 0.0000000000
119647  -46.153  40.092  2.243 0.0000000000
117272  -46.129  37.739  1.731 0.0000000000
119663  -45.025  40.005  1.683 0.0000000000
123964  -42.706  46.081  -7.258 0.0000000000
123953  -44.387  45.552  -6.012 0.0000000000
124765  -42.942  46.175  -4.599 0.0000000000
122950  -41.428  44.635  -0.444 0.0000000000
122951  -42.606  44.378  -0.468 0.0000000000
122038  -41.799  43.073  0.575 0.0000000000
119661  -42.761  40.283  1.183 0.0000000000
119674  -41.210  40.572  0.611 0.0000000000
118904  -41.168  39.311  -0.424 0.0000000000
116308  -49.501  36.244  10.244 0.0000000000
116431  -51.682  36.693  -0.694 0.0000000000
131110  -44.291  54.439  -16.135 0.0000000000
128757  -44.872  51.544  -16.438 0.0000000000
128755  -43.181  51.669  -16.295 0.0000000000
127157  -42.195  49.411  -14.889 0.0000000000
125666  -41.875  47.573  -13.018 0.0000000000
124888  -41.268  46.020  -11.425 0.0000000000
126378  -40.790  48.175  -11.481 0.0000000000
117143  -46.411  37.241  13.421 0.0000000000
116305  -45.669  37.157  11.353 0.0000000000
118051  -46.933  38.149  7.425 0.0000000000
135528  -37.734  60.611  -4.504 0.0000000000
134839  -41.755  59.221  -9.979 0.0000000000
136358  -40.675  61.842  -10.703 0.0000000000
137052  -41.239  62.896  -10.538 0.0000000000
124660  -43.124  46.831  2.488 0.0000000000
126218  -44.436  49.228  1.540 0.0000000000
126219  -45.412  49.005  1.466 0.0000000000
128650  -43.108  52.346  -8.839 0.0000000000
124044  -45.117  45.440  -11.546 0.0000000000
124875  -45.453  46.991  -10.525 0.0000000000
124878  -47.478  45.934  -10.201 0.0000000000
124847  -48.007  45.946  -8.676 0.0000000000
124797  -48.505  47.022  -6.294 0.0000000000
126300  -48.630  48.790  -4.277 0.0000000000
124780  -49.284  46.939  -5.323 0.0000000000
123932  -49.021  46.147  -3.907 0.0000000000
123908  -47.864  45.169  -1.567 0.0000000000
122928  -48.238  44.390  0.976 0.0000000000
122963  -47.634  44.306  -1.556 0.0000000000
122059  -47.285  43.611  -1.552 0.0000000000
122063  -45.915  43.601  -2.051 0.0000000000
124763  -41.418  46.461  -3.946 0.0000000000
127012  -39.525  49.807  -3.694 0.0000000000
131070  -40.548  54.264  -12.415 0.0000000000
128706  -40.600  51.966  -11.687 0.0000000000
128725  -41.557  51.777  -12.935 0.0000000000
127141  -43.183  50.050  -13.510 0.0000000000
126399  -43.925  48.215  -13.762 0.0000000000
127160  -44.711  49.639  -15.727 0.0000000000
125683  -45.115  47.115  -14.720 0.0000000000
124908  -44.545  46.120  -13.793 0.0000000000
122173  -44.949  44.024  -12.580 0.0000000000
122144  -45.486  43.242  -11.156 0.0000000000
123057  -45.635  43.511  -9.544 0.0000000000
123013  -45.709  44.496  -7.842 0.0000000000
123055  -43.853  44.042  -9.819 0.0000000000
124000  -42.533  45.011  -9.082 0.0000000000
123980  -41.074  45.518  -8.457 0.0000000000
123066  -39.475  43.646  -10.198 0.0000000000
123029  -39.186  43.703  -9.004 0.0000000000
117131  -48.339  37.384  13.994 0.0000000000
117146  -49.948  37.537  12.804 0.0000000000
116284  -50.616  36.695  11.981 0.0000000000
116331  -51.204  36.743  10.136 0.0000000000
116371  -51.491  37.004  8.279 0.0000000000
117235  -51.318  38.110  6.394 0.0000000000
130955  -35.644  54.686  -3.884 0.0000000000
131753  -34.624  55.985  -5.152 0.0000000000
130994  -36.329  54.168  -5.425 0.0000000000
130217  -36.960  54.011  -7.187 0.0000000000
131028  -37.230  54.678  -8.475 0.0000000000
131797  -38.190  55.286  -10.254 0.0000000000
134796  -39.889  59.317  -6.228 0.0000000000
133283  -38.508  58.132  -7.913 0.0000000000
132569  -38.613  56.664  -9.946 0.0000000000
131810  -39.154  55.236  -11.351 0.0000000000
132609  -40.559  56.140  -12.401 0.0000000000
132626  -42.389  55.887  -13.218 0.0000000000
132628  -43.779  56.372  -13.646 0.0000000000
133318  -43.679  58.201  -10.448 0.0000000000
133351  -44.327  57.705  -12.593 0.0000000000
132642  -44.574  56.414  -14.536 0.0000000000
132648  -43.502  56.087  -15.381 0.0000000000
132639  -41.967  56.191  -15.031 0.0000000000
133362  -39.809  57.371  -13.562 0.0000000000
134103  -39.478  58.477  -12.554 0.0000000000
137064  -40.394  63.005  -11.002 0.0000000000
119589  -45.700  39.733  6.178 0.0000000000
119591  -47.380  40.246  6.246 0.0000000000
122004  -45.402  43.945  3.295 0.0000000000
120392  -47.167  42.339  4.582 0.0000000000
119592  -48.295  40.703  6.348 0.0000000000
120351  -49.352  41.720  6.136 0.0000000000
120370  -50.410  41.837  6.010 0.0000000000
119628  -51.172  40.909  5.106 0.0000000000
126295  -40.927  49.114  -4.781 0.0000000000
127888  -41.131  50.481  -10.275 0.0000000000
127877  -42.848  51.094  -9.399 0.0000000000
127879  -45.203  51.348  -9.391 0.0000000000
126372  -46.130  48.657  -10.259 0.0000000000
126344  -45.207  49.280  -9.023 0.0000000000
127080  -44.336  50.263  -8.287 0.0000000000
126317  -42.820  49.257  -7.063 0.0000000000
126297  -42.424  48.485  -4.761 0.0000000000
126267  -42.180  48.532  -3.024 0.0000000000
126254  -43.583  48.764  -1.900 0.0000000000
126964  -45.183  50.072  -0.742 0.0000000000
126937  -46.523  49.263  1.013 0.0000000000
127002  -48.309  49.300  -2.622 0.0000000000
126948  -47.624  49.450  0.219 0.0000000000
126199  -48.430  48.195  3.084 0.0000000000
124638  -50.120  46.094  4.005 0.0000000000
121984  -50.922  43.784  4.343 0.0000000000
118860  -51.589  39.776  3.535 0.0000000000
118873  -51.497  39.367  2.571 0.0000000000
118120  -51.105  38.422  1.468 0.0000000000
117276  -50.775  37.812  0.738 0.0000000000
122016  -48.032  43.254  2.046 0.0000000000
118104  -48.837  38.694  2.488 0.0000000000
117288  -48.874  37.148  0.273 0.0000000000
116418  -46.999  36.659  0.081 0.0000000000
116417  -45.979  36.664  0.187 0.0000000000
123954  -45.291  45.258  -6.290 0.0000000000
122975  -45.569  44.721  -3.637 0.0000000000
122056  -44.735  43.648  -1.265 0.0000000000
123917  -42.447  45.827  -2.694 0.0000000000
122952  -43.481  44.226  -0.891 0.0000000000
121216  -44.395  42.331  0.046 0.0000000000
119662  -43.726  40.101  1.223 0.0000000000
118129  -43.091  38.446  0.926 0.0000000000
116379  -51.248  37.157  5.980 0.0000000000
116378  -50.852  36.471  5.557 0.0000000000
116383  -51.373  36.968  4.854 0.0000000000
117241  -51.625  37.827  4.033 0.0000000000
130330  -40.460  53.484  -14.733 0.0000000000
129537  -40.271  52.539  -14.381 0.0000000000
129523  -39.926  52.185  -13.899 0.0000000000
126960  -41.533  49.680  -0.512 0.0000000000
126980  -42.001  49.187  -1.394 0.0000000000
130272  -38.807  53.745  -10.402 0.0000000000
130262  -39.317  52.907  -9.942 0.0000000000
129496  -39.815  52.823  -10.864 0.0000000000
122114  -47.808  43.378  -8.742 0.0000000000
122100  -48.011  43.448  -7.623 0.0000000000
122093  -49.024  43.604  -6.766 0.0000000000
122092  -48.145  43.424  -6.486 0.0000000000
122083  -47.811  43.608  -5.430 0.0000000000
122091  -47.405  43.662  -6.279 0.0000000000
131101  -44.201  54.383  -14.624 0.0000000000
130332  -43.693  53.330  -14.444 0.0000000000
129541  -44.841  52.608  -15.246 0.0000000000
125667  -42.403  47.195  -13.769 0.0000000000
124906  -43.025  46.139  -14.317 0.0000000000
123088  -42.987  44.267  -13.071 0.0000000000
124052  -42.248  45.003  -12.790 0.0000000000
123078  -41.310  43.535  -11.793 0.0000000000
124042  -41.435  44.714  -11.812 0.0000000000
115361  -45.948  36.054  14.277 0.0000000000
117196  -48.875  37.620  8.894 0.0000000000
118035  -49.274  37.877  8.295 0.0000000000
118036  -49.881  37.978  8.175 0.0000000000
133995  -36.834  58.934  -5.950 0.0000000000
133994  -36.118  58.825  -5.752 0.0000000000
133269  -36.595  57.692  -6.906 0.0000000000
134006  -37.372  58.539  -6.511 0.0000000000
134810  -41.084  59.320  -7.711 0.0000000000
133295  -40.859  58.669  -9.023 0.0000000000
134057  -41.170  58.874  -9.134 0.0000000000
133307  -41.790  58.691  -9.998 0.0000000000
136381  -42.973  62.208  -11.569 0.0000000000
136382  -43.357  61.813  -11.910 0.0000000000
136398  -43.165  62.067  -12.040 0.0000000000
134899  -42.981  60.469  -12.904 0.0000000000
135660  -42.517  61.685  -12.263 0.0000000000
135640  -41.743  62.001  -11.710 0.0000000000
124644  -40.938  46.565  3.107 0.0000000000
123819  -41.727  45.627  3.013 0.0000000000
122892  -41.553  44.628  3.266 0.0000000000
122893  -42.611  44.641  3.065 0.0000000000
125465  -46.509  47.911  2.543 0.0000000000
123823  -46.806  45.759  3.368 0.0000000000
124647  -47.079  46.759  3.350 0.0000000000
124648  -48.120  46.855  3.644 0.0000000000
130252  -44.264  53.208  -7.755 0.0000000000
129444  -44.462  52.651  -7.391 0.0000000000
129443  -44.223  52.444  -7.043 0.0000000000
128639  -44.571  51.989  -7.634 0.0000000000
125661  -43.449  47.192  -12.083 0.0000000000
125654  -43.485  47.498  -10.974 0.0000000000
124795  -46.743  46.884  -6.177 0.0000000000
124812  -46.180  46.729  -6.659 0.0000000000
124794  -46.295  46.900  -6.202 0.0000000000
125570  -45.958  47.129  -5.823 0.0000000000
125553  -46.824  47.725  -4.710 0.0000000000
125537  -46.341  48.071  -3.893 0.0000000000
125538  -47.258  48.489  -4.163 0.0000000000
124700  -48.942  46.603  -0.069 0.0000000000
123885  -49.424  46.398  0.730 0.0000000000
122930  -50.078  45.332  1.853 0.0000000000
123868  -49.595  45.689  1.234 0.0000000000
122918  -49.920  44.235  2.007 0.0000000000
122929  -49.453  44.655  1.573 0.0000000000
121225  -46.277  42.647  -0.657 0.0000000000
121205  -46.659  42.024  1.201 0.0000000000
120443  -46.061  41.755  0.449 0.0000000000
119664  -45.830  40.590  1.601 0.0000000000
120442  -45.272  41.535  0.389 0.0000000000
124810  -42.154  46.300  -7.156 0.0000000000
124793  -42.895  46.248  -6.336 0.0000000000
124792  -42.161  46.470  -6.056 0.0000000000
122037  -40.921  43.203  0.524 0.0000000000
122940  -41.358  43.904  0.264 0.0000000000
121213  -41.618  42.395  0.738 0.0000000000
120438  -41.433  41.497  0.853 0.0000000000
120437  -40.375  41.561  0.480 0.0000000000
116330  -50.470  36.392  9.659 0.0000000000
115483  -51.088  35.966  1.425 0.0000000000
116420  -51.758  36.762  0.309 0.0000000000
131109  -43.624  54.582  -16.188 0.0000000000
129549  -43.628  53.060  -16.391 0.0000000000
129548  -42.901  52.678  -16.057 0.0000000000
127948  -41.660  50.555  -14.687 0.0000000000
127962  -42.220  51.149  -15.327 0.0000000000
127140  -41.578  49.411  -14.243 0.0000000000
126412  -42.117  48.755  -14.459 0.0000000000
126396  -41.134  48.885  -12.969 0.0000000000
126387  -41.452  48.149  -12.666 0.0000000000
127105  -40.105  49.285  -11.016 0.0000000000
116326  -45.201  36.747  10.315 0.0000000000
117219  -46.781  37.557  8.229 0.0000000000
135527  -36.543  60.447  -4.486 0.0000000000
137037  -40.437  62.911  -10.271 0.0000000000
137678  -39.199  63.504  -9.478 0.0000000000
127729  -43.369  50.523  1.139 0.0000000000
127730  -44.259  50.471  1.061 0.0000000000
126935  -44.925  49.912  1.286 0.0000000000
127731  -44.963  50.436  0.903 0.0000000000
130218  -37.635  53.338  -6.925 0.0000000000
128649  -42.278  52.164  -8.768 0.0000000000
123079  -45.987  44.352  -11.621 0.0000000000
124030  -46.536  45.831  -10.776 0.0000000000
123068  -46.977  44.997  -10.756 0.0000000000
124005  -49.187  45.301  -8.304 0.0000000000
124004  -48.775  45.311  -8.725 0.0000000000
124833  -48.898  46.189  -8.057 0.0000000000
124815  -48.718  46.589  -7.173 0.0000000000
124816  -49.398  46.230  -7.299 0.0000000000
125574  -49.083  47.129  -5.746 0.0000000000
123944  -49.640  45.904  -5.839 0.0000000000
122984  -49.268  44.869  -4.843 0.0000000000
123921  -48.492  45.752  -2.767 0.0000000000
123920  -48.109  45.161  -2.253 0.0000000000
122970  -47.875  44.425  -2.280 0.0000000000
122076  -47.155  43.742  -3.837 0.0000000000
122065  -47.494  43.767  -2.444 0.0000000000
122070  -47.001  43.632  -3.138 0.0000000000
122064  -46.667  43.519  -2.365 0.0000000000
122969  -46.346  44.169  -3.060 0.0000000000
131071  -41.275  54.233  -13.085 0.0000000000
129509  -41.269  52.476  -12.749 0.0000000000
130302  -41.592  53.262  -13.235 0.0000000000
128741  -43.928  51.447  -14.391 0.0000000000
128727  -43.155  51.412  -13.811 0.0000000000
127142  -43.756  49.507  -13.951 0.0000000000
127128  -43.389  48.854  -13.269 0.0000000000
126414  -44.459  48.710  -14.500 0.0000000000
127973  -44.190  50.612  -16.442 0.0000000000
127965  -44.990  50.665  -16.165 0.0000000000
127186  -44.758  49.989  -16.352 0.0000000000
124919  -44.701  46.324  -15.470 0.0000000000
125704  -45.138  47.200  -15.512 0.0000000000
124920  -45.137  46.041  -14.959 0.0000000000
124063  -44.668  45.226  -13.942 0.0000000000
124055  -44.581  45.163  -12.675 0.0000000000
123099  -44.489  44.678  -13.987 0.0000000000
122158  -43.540  42.951  -12.002 0.0000000000
122159  -44.624  43.241  -12.111 0.0000000000
121269  -46.134  42.974  -10.223 0.0000000000
123056  -45.062  43.743  -9.642 0.0000000000
122131  -44.228  43.454  -10.457 0.0000000000
122129  -41.659  42.962  -10.317 0.0000000000
123054  -42.526  44.105  -9.798 0.0000000000
124017  -41.672  44.233  -9.594 0.0000000000
123999  -41.157  44.625  -9.221 0.0000000000
124872  -40.505  45.924  -10.771 0.0000000000
124873  -40.852  45.392  -11.140 0.0000000000
124026  -39.636  44.602  -10.416 0.0000000000
122124  -37.818  43.714  -9.087 0.0000000000
122126  -38.663  43.619  -9.300 0.0000000000
117154  -46.633  37.416  12.635 0.0000000000
117144  -47.500  37.500  13.334 0.0000000000
117155  -47.654  37.503  12.410 0.0000000000
117158  -50.518  37.681  11.631 0.0000000000
116265  -50.832  37.455  12.462 0.0000000000
116264  -50.280  36.937  13.063 0.0000000000
116285  -51.214  37.066  12.189 0.0000000000
116310  -51.271  36.842  11.253 0.0000000000
116332  -51.401  37.067  10.494 0.0000000000
118038  -50.978  38.224  7.771 0.0000000000
117199  -51.161  37.536  8.547 0.0000000000
117222  -51.274  37.768  7.564 0.0000000000
131700  -33.572  56.242  -2.512 0.0000000000
131689  -34.443  55.841  -1.909 0.0000000000
131702  -34.760  55.423  -2.627 0.0000000000
131718  -35.724  54.885  -3.330 0.0000000000
131717  -35.209  55.034  -3.680 0.0000000000
134758  -34.046  59.097  -4.374 0.0000000000
133984  -33.721  58.586  -4.278 0.0000000000
133267  -35.050  57.311  -6.042 0.0000000000
132529  -34.891  56.670  -5.879 0.0000000000
131754  -35.105  55.726  -5.708 0.0000000000
131736  -34.960  55.184  -4.876 0.0000000000
131007  -35.651  55.034  -6.387 0.0000000000
131008  -36.167  54.581  -6.621 0.0000000000
131763  -35.778  55.289  -6.746 0.0000000000
132553  -37.212  56.813  -8.212 0.0000000000
131779  -36.614  55.608  -7.960 0.0000000000
131780  -37.007  55.571  -8.525 0.0000000000
131788  -37.834  55.081  -9.690 0.0000000000
131796  -37.840  55.659  -9.791 0.0000000000
134008  -39.274  58.770  -6.779 0.0000000000
134024  -39.681  58.650  -7.441 0.0000000000
133305  -39.622  57.452  -9.733 0.0000000000
132570  -39.185  56.730  -10.314 0.0000000000
132577  -38.619  56.112  -10.583 0.0000000000
132591  -39.478  56.151  -11.510 0.0000000000
132608  -39.872  56.020  -12.084 0.0000000000
132592  -40.342  56.672  -11.641 0.0000000000
133348  -42.200  57.007  -12.472 0.0000000000
132611  -42.615  56.591  -12.858 0.0000000000
132627  -43.100  56.076  -13.433 0.0000000000
132612  -43.427  56.839  -12.950 0.0000000000
134858  -41.256  59.690  -10.175 0.0000000000
134076  -42.898  58.771  -10.164 0.0000000000
134860  -42.831  59.670  -10.920 0.0000000000
134901  -44.326  59.020  -12.588 0.0000000000
133333  -44.556  58.304  -11.442 0.0000000000
134106  -44.580  58.563  -12.131 0.0000000000
132629  -44.355  56.612  -13.805 0.0000000000
133367  -44.539  57.248  -13.787 0.0000000000
132650  -44.570  56.545  -14.998 0.0000000000
133377  -44.215  57.207  -14.885 0.0000000000
133364  -42.462  57.817  -14.084 0.0000000000
133375  -42.219  57.035  -14.612 0.0000000000
133374  -41.608  56.682  -14.562 0.0000000000
132638  -41.094  56.161  -14.503 0.0000000000
134122  -40.722  58.251  -13.290 0.0000000000
135658  -40.695  60.409  -12.112 0.0000000000
134104  -40.433  58.815  -12.543 0.0000000000
134896  -40.042  59.742  -12.238 0.0000000000
134895  -39.195  59.236  -12.019 0.0000000000
134879  -39.403  60.136  -11.926 0.0000000000
137065  -41.390  63.052  -11.065 0.0000000000
119609  -43.947  40.306  5.381 0.0000000000
121166  -44.856  41.973  3.968 0.0000000000
119610  -45.297  40.304  5.579 0.0000000000
120365  -45.830  40.923  5.169 0.0000000000
119590  -46.427  39.955  6.188 0.0000000000
120366  -46.555  41.282  5.161 0.0000000000
123847  -43.877  46.050  2.617 0.0000000000
122895  -44.616  44.696  3.063 0.0000000000
123821  -45.057  45.304  2.964 0.0000000000
121980  -47.745  43.584  3.999 0.0000000000
121979  -46.850  43.441  3.769 0.0000000000
121169  -47.391  42.928  4.311 0.0000000000
120367  -47.481  41.732  5.165 0.0000000000
120368  -48.533  41.985  5.578 0.0000000000
119593  -49.212  40.921  6.551 0.0000000000
121958  -49.984  43.896  5.400 0.0000000000
121133  -50.131  42.210  6.040 0.0000000000
121144  -50.369  42.766  5.705 0.0000000000
119615  -50.836  40.975  6.052 0.0000000000
120371  -50.859  41.864  5.456 0.0000000000
128625  -41.700  51.400  -6.249 0.0000000000
127037  -40.658  50.046  -5.330 0.0000000000
128707  -41.069  51.551  -12.215 0.0000000000
127895  -40.631  51.202  -11.188 0.0000000000
127896  -41.057  50.686  -11.361 0.0000000000
126356  -43.996  49.462  -10.046 0.0000000000
127093  -42.081  50.007  -9.727 0.0000000000
127094  -43.624  49.938  -9.804 0.0000000000
127878  -44.340  51.257  -9.497 0.0000000000
127095  -44.907  50.482  -9.770 0.0000000000
125643  -47.050  47.093  -10.338 0.0000000000
125642  -46.179  47.917  -10.198 0.0000000000
125610  -45.097  48.115  -8.551 0.0000000000
126345  -45.990  48.843  -9.644 0.0000000000
127081  -45.165  50.629  -8.789 0.0000000000
126343  -44.683  49.810  -8.578 0.0000000000
127066  -43.632  50.096  -7.774 0.0000000000
126329  -43.812  49.007  -8.065 0.0000000000
125568  -43.884  47.822  -4.925 0.0000000000
126309  -43.086  48.178  -5.430 0.0000000000
126298  -43.289  48.154  -4.407 0.0000000000
126283  -42.781  48.424  -3.760 0.0000000000
126268  -43.175  48.506  -2.807 0.0000000000
126269  -44.182  48.525  -2.592 0.0000000000
126257  -45.997  49.704  -1.889 0.0000000000
126256  -45.457  49.424  -1.879 0.0000000000
126984  -45.818  50.086  -1.354 0.0000000000
127747  -46.149  50.448  0.076 0.0000000000
127762  -46.581  50.402  -0.504 0.0000000000
125539  -49.146  48.212  -3.906 0.0000000000
127015  -48.239  49.310  -3.332 0.0000000000
126274  -48.544  48.742  -3.217 0.0000000000
125481  -49.052  48.170  0.919 0.0000000000
126228  -48.328  48.897  0.626 0.0000000000
126222  -48.490  48.686  1.988 0.0000000000
126223  -49.138  48.251  2.271 0.0000000000
125456  -49.109  47.564  3.333 0.0000000000
125457  -49.750  47.008  3.380 0.0000000000
122008  -50.736  44.085  3.178 0.0000000000
122871  -50.860  44.514  3.965 0.0000000000
121185  -51.166  43.035  3.570 0.0000000000
119638  -51.353  40.884  4.034 0.0000000000
120405  -51.310  41.992  3.645 0.0000000000
119652  -51.201  40.856  2.876 0.0000000000
119651  -50.410  40.782  2.725 0.0000000000
118872  -50.966  39.603  2.109 0.0000000000
118106  -50.952  38.952  1.765 0.0000000000
118119  -50.538  38.182  1.274 0.0000000000
118105  -50.202  38.686  1.849 0.0000000000
122927  -47.631  43.975  0.620 0.0000000000
122027  -47.612  43.645  1.127 0.0000000000
119648  -47.241  40.355  2.642 0.0000000000
118870  -48.122  39.590  2.728 0.0000000000
117260  -48.090  37.948  2.201 0.0000000000
117261  -49.132  38.041  1.898 0.0000000000
117274  -48.505  37.505  1.368 0.0000000000
116419  -47.911  36.820  -0.109 0.0000000000
117273  -47.333  37.492  1.614 0.0000000000
118117  -45.350  38.337  1.938 0.0000000000
117285  -45.489  37.052  0.905 0.0000000000
116416  -45.089  36.732  0.182 0.0000000000
116426  -45.393  36.546  -0.541 0.0000000000
117284  -44.355  37.078  0.421 0.0000000000
123984  -45.095  44.845  -7.806 0.0000000000
123001  -46.082  44.728  -6.613 0.0000000000
123967  -45.215  45.067  -7.291 0.0000000000
123940  -43.616  45.773  -4.726 0.0000000000
123941  -44.410  45.490  -4.995 0.0000000000
123930  -44.501  45.402  -3.968 0.0000000000
122974  -44.871  44.860  -3.191 0.0000000000
122967  -44.555  44.757  -2.512 0.0000000000
124749  -41.447  46.320  -3.108 0.0000000000
123916  -41.577  45.927  -2.308 0.0000000000
122047  -42.925  43.794  0.045 0.0000000000
122959  -42.589  44.857  -1.205 0.0000000000
122048  -43.519  43.670  -0.363 0.0000000000
122041  -44.169  43.106  -0.204 0.0000000000
120441  -44.261  41.573  0.571 0.0000000000
120440  -43.298  41.662  0.885 0.0000000000
118894  -42.145  39.309  0.623 0.0000000000
118114  -42.745  38.994  1.111 0.0000000000
118128  -42.547  38.557  0.470 0.0000000000
117297  -42.714  37.772  -0.350 0.0000000000
116370  -51.017  36.538  7.836 0.0000000000
116373  -50.140  36.239  6.095 0.0000000000
115448  -49.860  35.821  4.708 0.0000000000
131099  -41.770  54.432  -15.347 0.0000000000
129547  -41.961  52.645  -15.466 0.0000000000
129538  -41.129  52.619  -14.878 0.0000000000
128740  -41.076  51.732  -14.451 0.0000000000
127927  -40.603  50.607  -13.518 0.0000000000
127125  -40.579  49.614  -12.724 0.0000000000
127926  -40.040  51.141  -13.141 0.0000000000
127757  -42.352  50.171  -0.056 0.0000000000
127758  -43.148  50.300  -0.112 0.0000000000
130249  -38.270  53.268  -8.498 0.0000000000
129465  -38.953  52.802  -8.776 0.0000000000
128661  -40.610  51.823  -9.316 0.0000000000
121281  -47.134  43.266  -10.527 0.0000000000
123058  -47.693  44.139  -10.091 0.0000000000
122135  -48.146  44.149  -9.551 0.0000000000
123015  -48.807  44.477  -8.241 0.0000000000
123003  -49.832  45.060  -7.369 0.0000000000
122993  -50.223  44.859  -6.298 0.0000000000
122085  -49.888  43.935  -6.209 0.0000000000
122078  -48.551  43.980  -4.551 0.0000000000
122072  -48.290  43.913  -3.561 0.0000000000
122983  -47.387  43.865  -5.091 0.0000000000
122982  -46.823  44.103  -4.670 0.0000000000
130318  -42.227  53.063  -13.711 0.0000000000
129539  -43.415  52.685  -14.245 0.0000000000
129540  -44.118  52.438  -14.633 0.0000000000
126432  -43.456  48.766  -15.625 0.0000000000
126433  -44.105  48.628  -15.877 0.0000000000
125702  -43.733  47.884  -15.558 0.0000000000
124918  -43.856  46.189  -15.087 0.0000000000
124062  -44.205  44.935  -14.633 0.0000000000
122180  -44.340  44.333  -13.663 0.0000000000
123097  -43.580  44.715  -13.782 0.0000000000
122171  -43.795  43.598  -12.854 0.0000000000
122142  -43.215  43.085  -11.212 0.0000000000
122157  -42.374  43.004  -11.656 0.0000000000
122156  -41.281  42.824  -11.466 0.0000000000
122139  -40.397  42.714  -10.537 0.0000000000
124015  -39.195  45.288  -10.213 0.0000000000
116231  -47.812  36.801  14.774 0.0000000000
117182  -47.565  37.195  10.242 0.0000000000
117170  -48.757  37.518  11.116 0.0000000000
117171  -49.749  37.625  10.957 0.0000000000
117172  -50.515  37.537  10.840 0.0000000000
117173  -51.093  37.349  10.711 0.0000000000
117198  -50.607  37.653  8.900 0.0000000000
118037  -50.537  38.100  8.031 0.0000000000
118055  -50.465  38.798  7.462 0.0000000000
132504  -33.366  56.830  -3.517 0.0000000000
134760  -35.666  59.612  -5.009 0.0000000000
133992  -34.817  58.529  -5.252 0.0000000000
133993  -35.379  58.675  -5.496 0.0000000000
133268  -35.557  57.682  -6.236 0.0000000000
132543  -35.785  56.661  -6.659 0.0000000000
132551  -36.023  56.160  -7.124 0.0000000000
132544  -36.407  57.060  -7.126 0.0000000000
133281  -36.749  57.270  -7.356 0.0000000000
133282  -37.559  57.675  -7.714 0.0000000000
134041  -39.985  58.505  -8.131 0.0000000000
133316  -40.699  57.463  -10.794 0.0000000000
135620  -42.079  60.968  -10.978 0.0000000000
134880  -43.205  60.277  -11.477 0.0000000000
134881  -43.579  60.016  -11.789 0.0000000000
134918  -44.100  59.023  -13.013 0.0000000000
134125  -43.898  58.383  -13.671 0.0000000000
134917  -43.437  59.343  -13.154 0.0000000000
134916  -42.717  59.444  -13.197 0.0000000000
134123  -41.930  58.615  -13.360 0.0000000000
134105  -41.251  59.071  -12.783 0.0000000000
125451  -40.262  47.451  3.093 0.0000000000
124643  -40.037  46.536  3.267 0.0000000000
122891  -40.524  44.611  3.393 0.0000000000
122000  -41.337  43.653  3.469 0.0000000000
120388  -43.474  41.551  4.234 0.0000000000
121181  -43.277  42.831  3.574 0.0000000000
121182  -44.438  42.815  3.639 0.0000000000
124662  -45.162  47.018  2.567 0.0000000000
123822  -45.806  45.645  3.105 0.0000000000
124646  -46.285  46.347  3.136 0.0000000000
122898  -47.476  44.982  3.493 0.0000000000
122007  -47.990  44.274  3.733 0.0000000000
121142  -48.823  42.913  5.125 0.0000000000
122899  -48.389  44.996  3.964 0.0000000000
122868  -49.151  44.920  4.580 0.0000000000
123802  -49.562  45.450  4.571 0.0000000000
129429  -43.800  52.448  -6.440 0.0000000000
128627  -43.341  51.923  -6.671 0.0000000000
127856  -42.548  50.831  -7.073 0.0000000000
127117  -42.211  49.054  -11.316 0.0000000000
125653  -43.532  48.177  -10.542 0.0000000000
126369  -43.741  48.857  -10.268 0.0000000000
124846  -47.210  46.573  -9.010 0.0000000000
125612  -46.571  47.329  -9.339 0.0000000000
124845  -46.498  46.856  -8.681 0.0000000000
125598  -45.351  47.411  -8.088 0.0000000000
125597  -44.583  47.806  -7.778 0.0000000000
125596  -43.868  47.948  -7.080 0.0000000000
125585  -44.635  47.382  -6.524 0.0000000000
125569  -44.717  47.452  -5.346 0.0000000000
125535  -44.376  47.961  -3.771 0.0000000000
126285  -44.776  48.286  -3.191 0.0000000000
126286  -45.844  48.417  -3.108 0.0000000000
126271  -46.292  49.354  -2.474 0.0000000000
127000  -46.983  50.277  -2.322 0.0000000000
125509  -48.435  47.699  -2.091 0.0000000000
126240  -48.349  48.149  -1.507 0.0000000000
125496  -48.375  47.687  -1.277 0.0000000000
124665  -50.007  46.706  2.788 0.0000000000
124666  -50.169  46.261  2.313 0.0000000000
123850  -50.337  45.595  2.429 0.0000000000
122019  -50.642  43.847  2.787 0.0000000000
121196  -50.625  42.961  2.655 0.0000000000
121195  -49.948  42.715  2.442 0.0000000000
120414  -49.667  41.718  2.814 0.0000000000
121219  -47.124  42.990  0.488 0.0000000000
121206  -47.221  42.782  1.238 0.0000000000
120411  -46.531  40.907  2.097 0.0000000000
118869  -46.932  39.465  2.580 0.0000000000
117258  -46.411  38.178  2.190 0.0000000000
118868  -46.049  39.378  2.408 0.0000000000
118867  -45.477  39.416  2.158 0.0000000000
118883  -45.007  39.077  1.953 0.0000000000
123982  -43.459  45.462  -8.023 0.0000000000
123966  -44.378  45.425  -7.088 0.0000000000
123965  -43.359  45.874  -6.913 0.0000000000
123952  -43.610  45.865  -5.699 0.0000000000
123929  -43.424  45.798  -3.800 0.0000000000
123895  -41.152  45.169  -1.095 0.0000000000
123905  -41.583  45.443  -1.559 0.0000000000
122941  -42.210  44.115  0.099 0.0000000000
121214  -42.521  42.438  0.719 0.0000000000
120426  -43.064  40.924  1.128 0.0000000000
120439  -42.356  41.677  1.054 0.0000000000
119660  -41.941  40.417  1.034 0.0000000000
119675  -41.828  39.934  0.748 0.0000000000
118893  -41.465  39.660  0.272 0.0000000000
118892  -40.716  39.985  -0.125 0.0000000000
116283  -49.551  36.354  11.416 0.0000000000
131111  -44.466  54.298  -15.787 0.0000000000
129550  -45.089  52.886  -15.708 0.0000000000
130347  -44.434  53.571  -16.275 0.0000000000
128756  -43.973  51.657  -16.424 0.0000000000
127972  -43.561  51.116  -16.363 0.0000000000
128749  -42.485  51.740  -15.720 0.0000000000
127963  -42.998  50.563  -15.836 0.0000000000
127158  -42.882  49.422  -15.481 0.0000000000
126413  -42.773  48.463  -15.128 0.0000000000
126398  -42.434  48.040  -14.376 0.0000000000
125660  -42.119  46.799  -12.894 0.0000000000
124897  -41.866  45.942  -12.397 0.0000000000
125659  -41.653  47.129  -12.202 0.0000000000
125652  -41.172  47.227  -11.438 0.0000000000
125638  -40.151  47.092  -10.388 0.0000000000
127115  -40.523  49.080  -11.806 0.0000000000
126368  -40.335  48.124  -10.881 0.0000000000
116262  -45.750  36.974  13.456 0.0000000000
117152  -45.031  37.337  12.875 0.0000000000
117167  -46.002  37.347  12.110 0.0000000000
116306  -46.717  37.171  10.970 0.0000000000
116347  -45.641  36.753  9.594 0.0000000000
116327  -46.214  36.864  10.273 0.0000000000
116307  -47.214  37.176  10.730 0.0000000000
117195  -47.748  37.373  9.096 0.0000000000
117220  -47.829  37.772  8.083 0.0000000000
118052  -47.887  38.447  7.286 0.0000000000
135526  -35.252  60.278  -4.332 0.0000000000
134761  -36.355  59.943  -5.005 0.0000000000
135542  -36.696  60.037  -5.005 0.0000000000
135543  -37.310  60.080  -5.039 0.0000000000
134838  -41.115  59.397  -9.519 0.0000000000
135619  -41.024  60.625  -10.521 0.0000000000
136359  -41.675  61.900  -10.837 0.0000000000
136380  -42.227  62.676  -11.280 0.0000000000
136379  -41.114  62.178  -10.968 0.0000000000
137679  -40.065  63.743  -9.775 0.0000000000
126207  -43.903  48.555  1.827 0.0000000000
125463  -44.522  47.760  2.252 0.0000000000
126208  -44.973  48.441  1.871 0.0000000000
126209  -45.979  48.405  1.980 0.0000000000
130250  -43.406  52.981  -8.112 0.0000000000
129468  -44.511  52.493  -8.774 0.0000000000
124043  -44.375  45.805  -11.944 0.0000000000
124890  -44.735  46.194  -11.001 0.0000000000
124029  -45.697  45.991  -10.831 0.0000000000
124876  -46.427  46.756  -10.584 0.0000000000
125644  -47.344  46.535  -10.196 0.0000000000
124033  -48.064  45.200  -9.996 0.0000000000
124018  -47.890  45.579  -9.783 0.0000000000
124861  -47.539  46.190  -9.597 0.0000000000
124832  -47.978  46.311  -7.975 0.0000000000
124814  -47.873  46.689  -7.092 0.0000000000
125572  -48.324  47.529  -5.504 0.0000000000
125554  -47.986  48.252  -4.747 0.0000000000
125555  -49.018  48.140  -4.899 0.0000000000
123943  -49.595  46.086  -4.944 0.0000000000
124751  -48.790  46.948  -2.869 0.0000000000
124736  -48.544  46.784  -1.917 0.0000000000
123909  -48.285  45.918  -1.699 0.0000000000
123867  -48.861  45.023  0.873 0.0000000000
123896  -47.857  45.055  -0.733 0.0000000000
123883  -47.895  44.835  -0.117 0.0000000000
122954  -47.583  44.235  -0.751 0.0000000000
122066  -48.028  43.909  -2.866 0.0000000000
122052  -47.248  43.563  -0.711 0.0000000000
122051  -46.766  43.058  -0.687 0.0000000000
121230  -46.181  42.916  -1.154 0.0000000000
121229  -45.708  42.903  -1.041 0.0000000000
124791  -41.349  46.718  -5.735 0.0000000000
124790  -40.698  46.984  -5.406 0.0000000000
124762  -40.495  46.765  -3.741 0.0000000000
124748  -40.557  46.394  -2.748 0.0000000000
123904  -40.469  45.676  -1.621 0.0000000000
123894  -40.402  45.167  -0.939 0.0000000000
122949  -40.363  44.587  -0.305 0.0000000000
122939  -40.177  43.967  0.210 0.0000000000
131056  -39.913  54.219  -11.789 0.0000000000
129497  -40.267  52.611  -11.394 0.0000000000
129508  -40.681  52.545  -12.141 0.0000000000
128708  -41.668  51.163  -12.741 0.0000000000
128726  -42.230  51.429  -13.328 0.0000000000
127126  -42.074  50.163  -12.342 0.0000000000
127127  -42.722  49.532  -12.664 0.0000000000
126389  -43.265  48.190  -12.614 0.0000000000
125668  -43.849  47.282  -13.118 0.0000000000
128750  -45.434  51.857  -15.856 0.0000000000
127951  -44.748  50.683  -15.528 0.0000000000
127159  -44.581  49.573  -14.953 0.0000000000
126434  -44.510  48.692  -15.628 0.0000000000
126415  -44.853  48.360  -15.155 0.0000000000
126400  -44.608  47.894  -14.508 0.0000000000
124907  -44.208  46.702  -13.438 0.0000000000
124899  -44.042  46.327  -12.693 0.0000000000
124056  -45.348  44.784  -11.804 0.0000000000
122172  -44.570  43.974  -12.997 0.0000000000
122160  -45.577  43.702  -11.829 0.0000000000
121290  -46.424  43.455  -11.238 0.0000000000
121280  -46.640  43.140  -10.736 0.0000000000
122133  -46.981  43.030  -9.628 0.0000000000
122113  -46.862  43.414  -8.724 0.0000000000
123014  -46.562  43.866  -8.101 0.0000000000
123035  -45.944  43.765  -8.978 0.0000000000
123034  -44.749  44.459  -8.822 0.0000000000
124002  -44.124  44.838  -8.723 0.0000000000
122130  -42.877  43.374  -10.474 0.0000000000
123033  -43.660  44.619  -9.245 0.0000000000
124001  -43.566  45.035  -8.752 0.0000000000
123981  -42.297  45.714  -8.059 0.0000000000
124828  -41.065  46.104  -7.760 0.0000000000
124028  -41.038  45.145  -11.349 0.0000000000
123067  -40.026  43.314  -10.789 0.0000000000
124025  -39.135  44.094  -10.198 0.0000000000
123051  -39.242  43.694  -9.728 0.0000000000
123030  -40.002  43.954  -9.630 0.0000000000
117129  -46.765  37.191  13.985 0.0000000000
117130  -47.385  37.333  14.101 0.0000000000
117113  -48.697  37.110  14.547 0.0000000000
117156  -48.788  37.577  12.149 0.0000000000
117145  -48.673  37.496  13.168 0.0000000000
117132  -49.540  37.189  14.048 0.0000000000
116251  -49.712  36.385  13.533 0.0000000000
116263  -49.605  36.394  12.626 0.0000000000
116309  -50.544  36.570  10.812 0.0000000000
116350  -51.181  36.580  9.004 0.0000000000
116351  -51.480  37.003  9.402 0.0000000000
116375  -51.374  37.113  7.139 0.0000000000
118078  -51.415  38.973  5.432 0.0000000000
132505  -33.893  56.211  -4.015 0.0000000000
133248  -33.945  57.779  -4.642 0.0000000000
132517  -34.098  56.758  -4.730 0.0000000000
131735  -34.392  55.747  -4.330 0.0000000000
130974  -35.714  54.567  -4.489 0.0000000000
130201  -36.972  53.703  -6.200 0.0000000000
130232  -37.096  54.250  -7.670 0.0000000000
131771  -36.136  55.518  -7.288 0.0000000000
131017  -36.706  54.726  -7.700 0.0000000000
130233  -37.506  53.830  -7.909 0.0000000000
130248  -37.734  53.872  -8.947 0.0000000000
131036  -38.128  54.455  -9.840 0.0000000000
131044  -38.575  54.342  -10.567 0.0000000000
134795  -38.767  59.115  -6.197 0.0000000000
134007  -38.326  58.625  -6.685 0.0000000000
134023  -38.596  58.394  -7.370 0.0000000000
133292  -37.814  57.180  -8.664 0.0000000000
133293  -38.921  57.836  -8.523 0.0000000000
133303  -37.811  56.807  -9.116 0.0000000000
132576  -38.104  56.068  -10.121 0.0000000000
131809  -38.663  55.270  -10.868 0.0000000000
131055  -39.203  54.236  -11.183 0.0000000000
131811  -39.596  54.868  -11.654 0.0000000000
131827  -40.926  55.244  -12.775 0.0000000000
132593  -41.034  56.829  -12.070 0.0000000000
132610  -41.650  56.334  -12.673 0.0000000000
131839  -41.823  55.189  -13.304 0.0000000000
131840  -42.799  55.149  -13.611 0.0000000000
131841  -43.620  55.397  -13.955 0.0000000000
131855  -44.078  55.196  -14.340 0.0000000000
134075  -42.195  58.873  -10.099 0.0000000000
134078  -44.484  58.932  -10.838 0.0000000000
133332  -44.199  57.900  -11.315 0.0000000000
133350  -43.747  57.532  -12.289 0.0000000000
132613  -44.096  56.985  -13.033 0.0000000000
131856  -44.458  55.496  -14.580 0.0000000000
131865  -44.458  55.475  -15.354 0.0000000000
131864  -43.988  55.454  -15.842 0.0000000000
131863  -43.177  55.303  -15.660 0.0000000000
133376  -43.277  57.446  -14.601 0.0000000000
132647  -42.756  55.901  -15.315 0.0000000000
131862  -42.265  55.282  -15.380 0.0000000000
131854  -41.327  55.297  -14.979 0.0000000000
131098  -40.792  54.403  -14.938 0.0000000000
134121  -39.935  58.182  -13.076 0.0000000000
136378  -39.752  61.851  -11.289 0.0000000000
118833  -45.263  39.228  6.420 0.0000000000
119626  -44.292  40.798  4.750 0.0000000000
118845  -45.204  39.768  6.045 0.0000000000
118073  -46.072  38.574  6.891 0.0000000000
118074  -47.015  38.834  7.008 0.0000000000
118075  -47.513  38.915  6.989 0.0000000000
118812  -48.232  39.035  7.037 0.0000000000
122894  -43.664  44.500  3.031 0.0000000000
122003  -44.496  43.771  3.284 0.0000000000
121183  -45.400  43.144  3.600 0.0000000000
122896  -45.590  44.747  3.202 0.0000000000
121184  -46.059  43.451  3.618 0.0000000000
120391  -46.492  41.946  4.548 0.0000000000
119612  -47.405  40.963  5.718 0.0000000000
118836  -48.232  39.815  6.773 0.0000000000
118837  -49.060  40.154  7.002 0.0000000000
118814  -49.795  39.474  7.272 0.0000000000
118838  -49.967  40.341  6.962 0.0000000000
120369  -49.250  42.396  5.702 0.0000000000
120352  -49.990  41.827  6.303 0.0000000000
118839  -50.749  39.937  6.552 0.0000000000
118076  -51.162  39.158  6.246 0.0000000000
118846  -51.177  39.972  5.704 0.0000000000
127825  -39.848  50.844  -4.766 0.0000000000
127026  -40.425  49.633  -4.687 0.0000000000
127013  -40.440  49.149  -3.548 0.0000000000
129483  -40.101  52.287  -10.763 0.0000000000
127876  -41.472  50.941  -9.519 0.0000000000
127107  -41.647  49.735  -10.741 0.0000000000
128662  -41.875  51.608  -9.065 0.0000000000
128663  -42.795  51.900  -9.109 0.0000000000
128664  -43.832  52.064  -9.109 0.0000000000
128665  -45.073  52.263  -9.111 0.0000000000
124874  -44.421  47.147  -10.633 0.0000000000
125641  -45.222  48.059  -10.435 0.0000000000
126370  -44.984  48.968  -10.435 0.0000000000
125624  -46.212  48.061  -9.776 0.0000000000
126358  -45.579  49.585  -9.993 0.0000000000
127096  -45.303  50.602  -9.314 0.0000000000
127082  -45.406  51.106  -8.915 0.0000000000
127866  -44.687  51.269  -8.287 0.0000000000
127865  -44.049  50.789  -7.934 0.0000000000
127065  -42.896  50.079  -7.315 0.0000000000
127051  -42.065  49.869  -6.521 0.0000000000
126318  -43.178  48.420  -6.636 0.0000000000
126308  -42.216  48.862  -5.926 0.0000000000
127039  -41.779  49.387  -5.929 0.0000000000
126296  -41.490  48.930  -5.040 0.0000000000
126282  -41.843  48.625  -4.026 0.0000000000
126252  -41.561  48.740  -2.308 0.0000000000
126253  -42.568  48.708  -2.068 0.0000000000
126981  -43.039  49.245  -1.293 0.0000000000
126962  -43.538  49.775  -0.627 0.0000000000
126255  -44.568  48.990  -1.829 0.0000000000
126983  -44.918  49.588  -1.237 0.0000000000
127760  -44.897  50.441  -0.209 0.0000000000
127746  -45.442  50.480  0.362 0.0000000000
126936  -45.801  49.486  1.111 0.0000000000
126210  -46.934  48.509  2.236 0.0000000000
126288  -48.002  49.251  -3.953 0.0000000000
126273  -47.829  49.678  -3.272 0.0000000000
126986  -47.392  50.241  -1.365 0.0000000000
126967  -47.897  49.540  -0.561 0.0000000000
127778  -47.137  50.438  -1.120 0.0000000000
126227  -47.606  49.197  0.734 0.0000000000
126221  -47.410  48.902  1.441 0.0000000000
125467  -47.796  48.152  3.216 0.0000000000
125455  -48.333  47.783  3.376 0.0000000000
124637  -49.590  46.133  4.233 0.0000000000
123803  -50.262  45.315  4.633 0.0000000000
124639  -50.389  45.814  3.609 0.0000000000
122870  -50.778  44.610  4.507 0.0000000000
121959  -50.699  43.782  5.078 0.0000000000
120393  -51.273  41.887  4.644 0.0000000000
118853  -51.424  39.887  4.680 0.0000000000
118084  -51.641  38.846  4.337 0.0000000000
118093  -51.762  38.687  3.227 0.0000000000
117249  -51.805  37.721  2.935 0.0000000000
117262  -51.791  37.636  1.900 0.0000000000
118885  -51.435  38.862  1.924 0.0000000000
118121  -51.588  38.218  1.649 0.0000000000
117277  -51.496  37.583  0.814 0.0000000000
117290  -51.010  37.515  -0.237 0.0000000000
122028  -48.663  43.920  1.667 0.0000000000
121194  -48.806  42.565  2.557 0.0000000000
120404  -49.083  41.280  3.094 0.0000000000
121193  -47.539  42.240  2.157 0.0000000000
119649  -48.487  40.684  2.987 0.0000000000
117289  -50.085  37.369  0.068 0.0000000000
117301  -50.213  37.378  -1.035 0.0000000000
116430  -49.383  37.155  -1.226 0.0000000000
116429  -48.565  36.848  -0.875 0.0000000000
117286  -46.601  36.976  0.971 0.0000000000
123002  -46.744  44.107  -6.990 0.0000000000
122989  -46.083  44.732  -5.507 0.0000000000
122981  -45.893  44.711  -4.537 0.0000000000
123942  -45.255  45.278  -5.270 0.0000000000
122968  -45.644  44.317  -2.642 0.0000000000
122962  -45.249  44.106  -2.052 0.0000000000
122050  -45.169  43.193  -1.038 0.0000000000
124777  -42.228  46.466  -5.084 0.0000000000
123906  -42.487  45.397  -1.878 0.0000000000
123907  -43.172  45.313  -2.179 0.0000000000
122966  -43.875  44.964  -2.113 0.0000000000
122953  -44.123  44.052  -1.238 0.0000000000
122049  -44.445  43.429  -0.720 0.0000000000
121223  -44.780  42.718  -0.349 0.0000000000
120428  -45.109  40.943  1.054 0.0000000000
120427  -44.081  40.813  0.980 0.0000000000
118882  -44.129  39.310  1.641 0.0000000000
118115  -43.533  38.663  1.375 0.0000000000
117270  -43.908  37.872  1.227 0.0000000000
115349  -47.906  36.111  15.340 0.0000000000
115484  -51.637  36.420  0.912 0.0000000000
115494  -51.525  36.174  0.580 0.0000000000
116216  -48.508  36.323  15.284 0.0000000000
116217  -49.187  36.118  15.309 0.0000000000
116248  -45.485  36.589  13.686 0.0000000000
116249  -46.337  36.790  13.987 0.0000000000
116250  -47.043  37.015  14.252 0.0000000000
116266  -50.967  37.650  12.217 0.0000000000
116286  -51.130  37.482  12.026 0.0000000000
116311  -51.291  37.216  11.437 0.0000000000
116328  -46.914  37.011  10.432 0.0000000000
116381  -50.468  35.835  4.637 0.0000000000
116415  -44.691  36.782  0.146 0.0000000000
116425  -44.695  36.684  -0.261 0.0000000000
116427  -46.361  36.522  -0.706 0.0000000000
117112  -48.055  37.254  14.413 0.0000000000
117114  -49.246  36.876  14.641 0.0000000000
117142  -45.457  37.236  13.152 0.0000000000
117147  -50.606  37.680  12.207 0.0000000000
117148  -50.957  37.702  11.954 0.0000000000
117153  -45.637  37.340  12.656 0.0000000000
117168  -46.708  37.348  11.798 0.0000000000
117181  -46.832  36.851  10.030 0.0000000000
117184  -49.776  37.616  9.963 0.0000000000
117185  -50.575  37.513  9.891 0.0000000000
117221  -48.606  37.966  7.958 0.0000000000
117259  -46.999  38.002  2.290 0.0000000000
117269  -43.434  38.193  1.040 0.0000000000
117271  -44.915  37.691  1.412 0.0000000000
117275  -49.799  37.725  1.130 0.0000000000
117282  -42.673  38.118  0.113 0.0000000000
117283  -43.228  37.845  0.487 0.0000000000
117287  -47.699  37.098  0.715 0.0000000000
117291  -51.515  37.185  -0.460 0.0000000000
117300  -49.444  37.148  -0.557 0.0000000000
118101  -45.697  38.855  2.298 0.0000000000
118102  -46.513  38.679  2.427 0.0000000000
118107  -51.764  38.455  2.291 0.0000000000
118118  -46.006  38.342  2.179 0.0000000000
118811  -47.763  38.951  6.988 0.0000000000
118813  -49.021  39.270  7.208 0.0000000000
118815  -50.450  39.507  7.124 0.0000000000
118834  -46.318  39.281  6.537 0.0000000000
118835  -47.367  39.399  6.729 0.0000000000
118880  -42.437  39.746  1.039 0.0000000000
118881  -43.206  39.510  1.318 0.0000000000
118884  -51.196  38.961  1.816 0.0000000000
119594  -49.885  41.187  6.573 0.0000000000
119595  -50.377  40.761  6.542 0.0000000000
119611  -46.496  40.605  5.678 0.0000000000
119613  -48.098  41.334  5.784 0.0000000000
119614  -50.318  41.335  6.350 0.0000000000
119627  -45.156  40.897  4.776 0.0000000000
119636  -48.660  40.896  3.117 0.0000000000
119637  -48.900  40.955  3.153 0.0000000000
119646  -45.671  39.731  2.156 0.0000000000
119650  -49.433  40.846  2.999 0.0000000000
119659  -41.597  40.601  0.906 0.0000000000
120350  -48.696  41.348  6.116 0.0000000000
120403  -48.708  41.136  3.085 0.0000000000
120413  -48.522  41.592  2.809 0.0000000000
120424  -41.655  40.817  1.009 0.0000000000
120425  -42.189  40.953  1.186 0.0000000000
120429  -46.127  41.226  1.137 0.0000000000
121132  -49.805  42.349  5.981 0.0000000000
121141  -47.964  42.458  4.851 0.0000000000
121143  -49.626  43.007  5.570 0.0000000000
121145  -51.010  42.770  5.079 0.0000000000
121165  -43.969  42.078  3.823 0.0000000000
121167  -45.558  42.319  4.002 0.0000000000
121168  -46.420  42.776  4.070 0.0000000000
121171  -51.210  42.818  4.360 0.0000000000
121192  -46.769  41.605  1.917 0.0000000000
121197  -50.972  43.308  3.009 0.0000000000
121224  -45.454  42.669  -0.626 0.0000000000
121270  -46.495  42.964  -10.244 0.0000000000
121271  -47.047  42.953  -10.229 0.0000000000
121279  -46.147  43.055  -10.590 0.0000000000
121289  -46.106  43.253  -11.148 0.0000000000
121960  -51.023  43.313  4.768 0.0000000000
121981  -48.669  43.941  4.501 0.0000000000
121982  -49.433  44.249  4.973 0.0000000000
121983  -50.770  44.237  4.748 0.0000000000
122005  -46.260  44.070  3.394 0.0000000000
122006  -47.167  44.156  3.505 0.0000000000
122009  -50.849  43.843  3.518 0.0000000000
122018  -50.123  43.673  2.259 0.0000000000
122020  -50.802  43.757  3.105 0.0000000000
122029  -49.523  43.970  1.908 0.0000000000
122039  -42.556  43.303  0.379 0.0000000000
122040  -43.514  43.123  0.087 0.0000000000
122042  -46.824  42.862  -0.136 0.0000000000
122057  -45.483  43.417  -1.519 0.0000000000
122058  -46.563  43.188  -1.491 0.0000000000
122077  -47.734  43.679  -4.316 0.0000000000
122082  -47.398  43.701  -5.783 0.0000000000
122094  -49.618  44.259  -6.982 0.0000000000
122102  -49.284  44.544  -7.684 0.0000000000
122109  -37.828  43.725  -8.840 0.0000000000
122110  -38.052  43.627  -8.898 0.0000000000
122111  -38.483  43.552  -8.980 0.0000000000
122112  -46.272  43.437  -9.277 0.0000000000
122115  -48.352  43.941  -8.867 0.0000000000
122125  -38.129  43.646  -9.209 0.0000000000
122127  -40.352  42.710  -10.293 0.0000000000
122128  -40.697  42.706  -10.272 0.0000000000
122132  -45.824  43.116  -9.965 0.0000000000
122140  -41.011  42.512  -10.774 0.0000000000
122145  -46.918  43.475  -11.009 0.0000000000
122146  -47.272  43.821  -10.677 0.0000000000
122155  -40.539  42.760  -11.078 0.0000000000
122161  -46.696  43.887  -11.364 0.0000000000
122169  -41.862  43.254  -11.962 0.0000000000
122856  -50.666  44.566  4.854 0.0000000000
122869  -49.819  44.800  5.019 0.0000000000
122900  -50.707  44.519  3.030 0.0000000000
122901  -50.749  44.456  3.467 0.0000000000
122916  -43.761  45.249  2.777 0.0000000000
122917  -44.432  45.447  2.785 0.0000000000
122942  -47.638  44.235  0.115 0.0000000000
122943  -48.238  44.828  0.429 0.0000000000
122958  -41.875  44.905  -0.943 0.0000000000
122960  -43.478  44.753  -1.572 0.0000000000
122961  -44.524  44.281  -1.716 0.0000000000
122971  -48.325  44.540  -2.881 0.0000000000
122991  -47.390  43.778  -5.390 0.0000000000
122992  -49.931  44.381  -5.600 0.0000000000
123012  -45.009  44.735  -8.120 0.0000000000
123016  -49.280  44.956  -8.168 0.0000000000
123027  -37.616  43.968  -8.666 0.0000000000
123032  -43.073  44.758  -9.257 0.0000000000
123036  -46.484  43.664  -8.611 0.0000000000
123038  -49.025  45.070  -8.531 0.0000000000
123049  -37.596  44.055  -9.264 0.0000000000
123053  -41.149  43.367  -9.866 0.0000000000
123059  -48.114  44.732  -9.899 0.0000000000
123065  -38.968  43.904  -9.999 0.0000000000
123069  -47.359  44.686  -10.544 0.0000000000
123070  -47.854  44.999  -10.227 0.0000000000
123080  -46.794  44.626  -11.107 0.0000000000
123081  -47.087  44.518  -10.898 0.0000000000
123087  -42.004  43.943  -12.384 0.0000000000
123089  -43.768  44.214  -13.483 0.0000000000
123090  -44.543  44.488  -13.085 0.0000000000
123091  -45.136  44.322  -12.258 0.0000000000
123098  -44.132  44.545  -14.122 0.0000000000
123109  -44.357  44.846  -14.469 0.0000000000
123110  -44.485  45.039  -14.505 0.0000000000
123796  -50.546  44.884  4.837 0.0000000000
123797  -50.668  44.965  4.665 0.0000000000
123804  -50.729  45.261  4.100 0.0000000000
123805  -50.780  44.889  3.652 0.0000000000
123827  -50.730  44.795  3.356 0.0000000000
123849  -45.666  46.427  2.833 0.0000000000
123869  -50.128  46.025  1.914 0.0000000000
123897  -48.372  45.837  -0.799 0.0000000000
123931  -45.170  45.223  -4.449 0.0000000000
123955  -49.795  45.776  -6.763 0.0000000000
123985  -49.152  45.676  -8.245 0.0000000000
123986  -49.510  45.458  -7.913 0.0000000000
124003  -48.175  45.581  -9.115 0.0000000000
124014  -38.692  44.717  -10.069 0.0000000000
124016  -41.114  43.965  -9.702 0.0000000000
124019  -48.382  45.210  -9.477 0.0000000000
124027  -40.598  44.483  -11.154 0.0000000000
124031  -47.126  45.489  -10.587 0.0000000000
124032  -47.642  45.331  -10.244 0.0000000000
124041  -40.966  43.912  -11.535 0.0000000000
124045  -46.084  45.177  -11.286 0.0000000000
124046  -46.720  45.227  -10.914 0.0000000000
124054  -44.328  45.729  -12.588 0.0000000000
124061  -43.797  45.243  -14.607 0.0000000000
124073  -44.232  45.694  -15.148 0.0000000000
124074  -44.467  45.389  -14.839 0.0000000000
124649  -48.940  46.988  4.009 0.0000000000
124650  -50.050  46.390  3.475 0.0000000000
124651  -50.259  46.003  3.002 0.0000000000
124664  -46.929  47.533  3.029 0.0000000000
124681  -49.940  46.756  1.744 0.0000000000
124682  -50.168  46.380  1.980 0.0000000000
124766  -49.010  47.338  -3.651 0.0000000000
124775  -40.745  46.902  -4.556 0.0000000000
124776  -41.482  46.661  -4.776 0.0000000000
124778  -42.950  46.248  -5.393 0.0000000000
124779  -49.205  47.212  -4.468 0.0000000000
124796  -47.676  47.015  -6.222 0.0000000000
124798  -49.195  46.733  -6.183 0.0000000000
124811  -42.816  46.170  -6.894 0.0000000000
124813  -46.941  46.598  -6.957 0.0000000000
124829  -41.677  45.970  -7.877 0.0000000000
124830  -46.043  46.675  -7.844 0.0000000000
124834  -49.471  45.935  -7.865 0.0000000000
124848  -48.629  45.708  -8.543 0.0000000000
124860  -47.281  46.772  -9.679 0.0000000000
124877  -47.066  46.336  -10.533 0.0000000000
124887  -40.968  46.621  -11.050 0.0000000000
124900  -44.301  45.757  -12.988 0.0000000000
124937  -45.077  46.794  -15.656 0.0000000000
124938  -45.132  46.588  -15.530 0.0000000000
125445  -49.603  46.805  3.873 0.0000000000
125446  -49.863  46.602  3.743 0.0000000000
125454  -47.589  47.590  3.319 0.0000000000
125464  -45.563  47.785  2.354 0.0000000000
125468  -49.107  47.812  2.883 0.0000000000
125469  -49.544  47.569  2.632 0.0000000000
125480  -48.627  47.750  -0.085 0.0000000000
125495  -48.353  47.913  -1.372 0.0000000000
125508  -48.358  47.904  -1.605 0.0000000000
125534  -44.011  48.023  -3.794 0.0000000000
125536  -45.266  47.889  -3.761 0.0000000000
125550  -43.949  47.914  -4.112 0.0000000000
125551  -44.602  47.677  -4.387 0.0000000000
125556  -49.102  47.278  -5.523 0.0000000000
125573  -48.914  47.328  -5.651 0.0000000000
125626  -47.337  46.884  -9.998 0.0000000000
125639  -43.773  48.367  -10.404 0.0000000000
125651  -40.701  47.225  -10.920 0.0000000000
125669  -44.387  47.192  -13.970 0.0000000000
125682  -44.074  46.971  -15.442 0.0000000000
126197  -39.637  48.468  2.915 0.0000000000
126200  -48.648  47.926  3.137 0.0000000000
126211  -47.954  48.566  2.796 0.0000000000
126212  -48.735  48.153  2.799 0.0000000000
126213  -49.106  47.945  2.662 0.0000000000
126217  -43.474  49.411  1.651 0.0000000000
126220  -46.353  48.897  1.530 0.0000000000
126229  -49.004  48.512  1.524 0.0000000000
126258  -48.349  48.089  -1.824 0.0000000000
126259  -48.400  48.572  -2.114 0.0000000000
126266  -41.259  48.711  -3.297 0.0000000000
126272  -47.359  49.668  -3.059 0.0000000000
126281  -40.980  48.872  -4.260 0.0000000000
126289  -48.727  48.868  -3.988 0.0000000000
126299  -48.493  48.682  -4.454 0.0000000000
126307  -41.673  49.211  -5.621 0.0000000000
126328  -43.276  49.588  -7.549 0.0000000000
126359  -46.183  48.843  -10.146 0.0000000000
126371  -45.879  48.820  -10.405 0.0000000000
126379  -41.336  47.968  -11.925 0.0000000000
126380  -42.845  48.291  -10.861 0.0000000000
126381  -43.015  47.844  -11.627 0.0000000000
126386  -40.939  48.663  -12.275 0.0000000000
126397  -41.738  48.450  -13.634 0.0000000000
126934  -43.934  50.036  1.437 0.0000000000
126945  -45.475  50.114  0.910 0.0000000000
126946  -46.150  49.934  0.616 0.0000000000
126947  -46.988  49.482  0.523 0.0000000000
126963  -44.432  49.893  -0.647 0.0000000000
126965  -46.622  50.104  0.108 0.0000000000
126966  -47.195  50.005  -0.327 0.0000000000
126982  -44.017  49.284  -1.179 0.0000000000
126987  -48.222  49.534  -1.698 0.0000000000
126999  -46.357  50.005  -1.923 0.0000000000
127001  -47.913  49.889  -2.673 0.0000000000
127014  -48.029  49.574  -3.349 0.0000000000
127025  -39.791  50.037  -4.360 0.0000000000
127027  -40.967  49.273  -5.077 0.0000000000
127097  -45.417  50.922  -9.069 0.0000000000
127106  -40.450  48.686  -11.291 0.0000000000
127124  -40.298  50.162  -12.553 0.0000000000
127177  -44.391  49.699  -16.245 0.0000000000
127178  -44.797  49.779  -16.177 0.0000000000
127185  -44.623  50.158  -16.419 0.0000000000
127744  -43.688  50.545  0.510 0.0000000000
127745  -44.551  50.553  0.450 0.0000000000
127761  -45.778  50.482  -0.475 0.0000000000
127763  -47.071  50.409  -0.874 0.0000000000
127776  -46.340  50.482  -1.003 0.0000000000
127777  -46.885  50.495  -1.074 0.0000000000
127814  -39.541  50.586  -4.233 0.0000000000
127815  -39.968  50.325  -4.660 0.0000000000
127826  -40.344  50.609  -5.221 0.0000000000
127843  -41.835  50.799  -6.642 0.0000000000
127858  -44.132  51.388  -7.739 0.0000000000
127867  -45.333  51.418  -8.754 0.0000000000
127880  -45.414  51.322  -9.083 0.0000000000
127887  -40.600  51.105  -10.692 0.0000000000
127908  -40.345  50.276  -12.857 0.0000000000
127909  -41.575  50.630  -12.238 0.0000000000
127910  -42.190  50.590  -12.760 0.0000000000
127928  -41.196  49.998  -14.000 0.0000000000
127929  -42.818  50.592  -13.358 0.0000000000
127930  -43.547  50.602  -13.938 0.0000000000
127947  -40.984  51.150  -14.102 0.0000000000
127949  -42.390  49.963  -15.254 0.0000000000
127964  -43.809  50.035  -16.316 0.0000000000
127974  -44.751  50.413  -16.387 0.0000000000
128626  -42.648  51.642  -6.456 0.0000000000
128637  -43.124  51.466  -7.015 0.0000000000
128638  -43.792  51.850  -7.197 0.0000000000
128652  -45.424  51.824  -8.943 0.0000000000
128666  -45.367  51.720  -9.165 0.0000000000
128690  -40.410  51.749  -11.086 0.0000000000
128691  -40.696  51.403  -11.535 0.0000000000
129412  -43.105  52.513  -5.724 0.0000000000
129414  -44.441  53.153  -5.973 0.0000000000
129428  -43.232  52.170  -6.329 0.0000000000
129456  -43.778  52.684  -8.517 0.0000000000
129457  -44.551  52.707  -8.233 0.0000000000
129469  -44.814  52.532  -8.743 0.0000000000
129524  -41.830  52.360  -13.422 0.0000000000
129525  -42.748  52.321  -13.844 0.0000000000
129536  -39.687  52.766  -14.001 0.0000000000
129556  -43.604  52.356  -16.373 0.0000000000
129557  -44.311  52.712  -16.455 0.0000000000
129558  -44.975  52.858  -16.199 0.0000000000
130209  -44.485  53.187  -6.194 0.0000000000
130225  -44.452  53.146  -6.543 0.0000000000
130251  -43.896  53.231  -8.006 0.0000000000
130260  -37.968  54.052  -9.493 0.0000000000
130273  -39.272  53.372  -10.549 0.0000000000
130286  -40.335  53.399  -11.952 0.0000000000
130301  -40.931  53.359  -12.598 0.0000000000
130319  -42.951  53.300  -14.047 0.0000000000
130333  -44.228  53.352  -14.826 0.0000000000
130334  -44.523  53.512  -15.281 0.0000000000
130339  -42.307  53.581  -15.694 0.0000000000
130340  -43.214  53.713  -16.187 0.0000000000
130341  -43.974  53.735  -16.476 0.0000000000
130342  -44.673  53.595  -15.720 0.0000000000
130348  -44.577  53.730  -16.055 0.0000000000
130993  -35.504  54.862  -5.725 0.0000000000
131018  -37.152  54.380  -7.927 0.0000000000
131027  -36.835  55.119  -8.192 0.0000000000
131035  -37.670  54.577  -9.308 0.0000000000
131045  -38.921  53.899  -10.718 0.0000000000
131054  -38.865  54.755  -11.026 0.0000000000
131086  -43.890  54.826  -14.248 0.0000000000
131100  -43.953  53.849  -14.491 0.0000000000
131120  -44.410  53.935  -16.171 0.0000000000
131121  -44.444  54.143  -16.040 0.0000000000
131701  -33.871  55.983  -2.319 0.0000000000
131703  -35.924  55.080  -2.839 0.0000000000
131715  -33.577  56.230  -2.825 0.0000000000
131762  -35.487  55.640  -6.351 0.0000000000
131770  -35.760  55.856  -6.881 0.0000000000
131787  -37.454  55.467  -9.213 0.0000000000
131825  -39.617  55.502  -11.772 0.0000000000
131826  -40.133  55.179  -12.138 0.0000000000
131842  -44.029  55.885  -14.203 0.0000000000
132542  -35.275  57.080  -6.265 0.0000000000
132560  -36.886  56.202  -8.256 0.0000000000
132568  -37.841  56.364  -9.545 0.0000000000
132578  -39.311  56.431  -10.839 0.0000000000
132590  -38.949  55.886  -11.115 0.0000000000
132640  -42.913  56.587  -15.023 0.0000000000
132641  -43.674  56.840  -15.181 0.0000000000
132649  -44.212  56.396  -15.316 0.0000000000
133256  -35.310  58.120  -5.830 0.0000000000
133270  -37.293  58.081  -7.091 0.0000000000
133304  -38.395  57.117  -9.296 0.0000000000
133315  -39.741  56.982  -10.532 0.0000000000
133319  -44.394  58.400  -10.780 0.0000000000
133320  -44.583  58.580  -11.046 0.0000000000
133329  -40.945  57.181  -11.583 0.0000000000
133347  -39.471  57.880  -13.113 0.0000000000
133349  -42.833  57.358  -12.364 0.0000000000
133366  -44.302  57.634  -14.086 0.0000000000
133378  -44.541  57.003  -14.565 0.0000000000
133384  -44.428  56.795  -15.064 0.0000000000
133385  -44.500  56.926  -14.864 0.0000000000
133985  -34.404  58.599  -4.779 0.0000000000
133986  -34.953  58.997  -5.017 0.0000000000
134004  -35.713  58.337  -5.946 0.0000000000
134040  -39.117  58.384  -7.906 0.0000000000
134058  -41.732  58.894  -9.617 0.0000000000
134059  -42.186  58.954  -9.979 0.0000000000
134077  -43.916  58.874  -10.357 0.0000000000
134088  -44.599  58.820  -11.399 0.0000000000
134124  -43.039  58.510  -13.662 0.0000000000
134132  -43.501  58.037  -14.119 0.0000000000
134133  -43.917  57.775  -14.332 0.0000000000
134747  -33.684  59.588  -3.741 0.0000000000
134775  -36.580  59.521  -5.395 0.0000000000
134794  -38.075  58.898  -6.279 0.0000000000
134840  -42.333  59.151  -10.230 0.0000000000
134861  -43.842  59.490  -11.049 0.0000000000
134882  -44.329  59.333  -11.937 0.0000000000
134919  -44.302  58.760  -12.864 0.0000000000
135621  -42.799  61.214  -11.350 0.0000000000
135642  -43.282  61.253  -11.734 0.0000000000
135643  -43.455  61.095  -12.020 0.0000000000
135661  -43.204  61.300  -12.339 0.0000000000
135662  -43.355  61.122  -12.221 0.0000000000
136344  -39.881  62.081  -10.372 0.0000000000
136397  -42.710  62.486  -11.833 0.0000000000
136399  -43.336  61.610  -12.072 0.0000000000
137702  -41.061  63.457  -10.851 0.0000000000
