#!ascii label  , from subject sub001 vox2ras=TkReg
1461
69853  -40.210  -7.232  24.347 0.0000000000
84525  -51.722  5.530  21.169 0.0000000000
78359  -44.291  0.541  22.180 0.0000000000
50248  -11.351  -23.132  46.034 0.0000000000
71047  -35.946  -5.857  29.529 0.0000000000
59720  -23.846  -14.908  44.869 0.0000000000
63408  -33.036  -11.547  43.749 0.0000000000
63481  -39.199  -12.028  38.459 0.0000000000
67354  -40.750  -8.244  36.360 0.0000000000
56239  -17.203  -17.955  38.004 0.0000000000
60985  -19.278  -13.960  42.181 0.0000000000
58646  -21.624  -15.903  37.619 0.0000000000
62253  -29.341  -12.759  38.637 0.0000000000
61018  -33.960  -13.518  39.318 0.0000000000
71036  -43.024  -5.549  30.924 0.0000000000
69785  -46.342  -6.808  27.607 0.0000000000
83317  -47.642  4.065  21.793 0.0000000000
73609  -42.772  -3.913  22.777 0.0000000000
85719  -51.399  6.428  16.329 0.0000000000
47884  -7.523  -24.834  47.345 0.0000000000
73473  -40.224  -4.891  34.245 0.0000000000
71099  -37.999  -6.161  27.173 0.0000000000
58650  -26.184  -15.447  38.023 0.0000000000
62159  -27.707  -12.834  44.212 0.0000000000
74678  -48.160  -2.658  27.191 0.0000000000
87877  -59.052  9.034  16.381 0.0000000000
62303  -37.388  -12.346  36.443 0.0000000000
63546  -38.584  -10.999  35.530 0.0000000000
57407  -19.139  -16.332  37.789 0.0000000000
61059  -31.821  -13.858  36.476 0.0000000000
61062  -34.985  -13.744  36.483 0.0000000000
62240  -36.488  -12.845  39.397 0.0000000000
71103  -41.874  -6.327  27.781 0.0000000000
71055  -44.488  -5.669  29.688 0.0000000000
69807  -43.170  -6.938  26.429 0.0000000000
84510  -49.770  4.878  22.032 0.0000000000
84465  -49.812  5.556  25.072 0.0000000000
85665  -54.520  6.779  20.676 0.0000000000
49110  -9.430  -23.722  43.199 0.0000000000
49069  -9.586  -23.966  46.707 0.0000000000
69683  -39.609  -7.006  33.177 0.0000000000
70965  -39.837  -5.802  35.181 0.0000000000
72260  -38.106  -4.630  32.770 0.0000000000
72294  -38.988  -4.889  30.518 0.0000000000
71069  -36.785  -5.409  28.749 0.0000000000
60952  -22.090  -13.785  43.344 0.0000000000
62137  -19.897  -11.970  45.723 0.0000000000
62101  -22.434  -12.895  47.238 0.0000000000
60833  -24.286  -14.030  47.992 0.0000000000
58700  -25.011  -15.450  34.575 0.0000000000
61097  -25.266  -13.217  34.793 0.0000000000
62198  -30.857  -12.283  41.704 0.0000000000
62213  -28.364  -12.598  40.521 0.0000000000
63405  -29.844  -11.604  43.592 0.0000000000
63363  -29.422  -11.253  46.674 0.0000000000
52662  -14.471  -20.636  41.428 0.0000000000
53765  -15.595  -19.092  44.766 0.0000000000
53724  -15.082  -19.315  47.295 0.0000000000
75877  -43.630  -1.399  22.085 0.0000000000
74706  -44.899  -3.088  24.704 0.0000000000
77054  -46.118  -0.943  24.910 0.0000000000
85769  -59.237  6.719  14.626 0.0000000000
50218  -11.519  -22.656  49.969 0.0000000000
64708  -40.762  -10.461  40.527 0.0000000000
65999  -41.926  -8.861  39.391 0.0000000000
64757  -39.980  -10.261  36.922 0.0000000000
66098  -39.220  -9.486  34.012 0.0000000000
56203  -16.840  -17.127  41.269 0.0000000000
58533  -17.469  -15.562  42.335 0.0000000000
58596  -18.061  -15.602  40.453 0.0000000000
59806  -20.461  -14.529  40.667 0.0000000000
59787  -22.958  -14.830  41.339 0.0000000000
63543  -26.805  -12.264  35.156 0.0000000000
62316  -29.433  -13.516  36.180 0.0000000000
62255  -31.347  -13.311  38.688 0.0000000000
62201  -33.978  -12.914  41.356 0.0000000000
62203  -36.026  -12.598  41.503 0.0000000000
63441  -38.357  -11.596  41.674 0.0000000000
55064  -15.812  -19.142  37.943 0.0000000000
72235  -43.985  -4.697  33.854 0.0000000000
73463  -47.298  -3.239  35.441 0.0000000000
73515  -46.367  -4.277  31.930 0.0000000000
71041  -47.879  -5.574  31.119 0.0000000000
82058  -45.541  2.552  21.799 0.0000000000
79595  -46.917  1.552  25.055 0.0000000000
83256  -47.611  3.981  24.816 0.0000000000
44423  -3.374  -27.672  50.682 0.0000000000
69888  -41.579  -6.062  22.729 0.0000000000
74809  -41.500  -1.967  19.557 0.0000000000
80895  -43.548  1.580  19.521 0.0000000000
80897  -45.232  2.403  19.268 0.0000000000
82139  -47.857  3.476  19.062 0.0000000000
83342  -49.995  4.912  19.001 0.0000000000
85672  -52.056  6.100  18.818 0.0000000000
84580  -49.301  5.607  16.349 0.0000000000
49037  -9.020  -23.351  51.091 0.0000000000
49035  -6.714  -23.528  51.512 0.0000000000
49025  -4.195  -24.251  52.008 0.0000000000
74553  -43.192  -2.765  38.778 0.0000000000
69594  -42.014  -5.987  38.661 0.0000000000
72184  -41.426  -4.322  37.576 0.0000000000
73458  -42.759  -4.042  35.661 0.0000000000
72264  -41.382  -5.281  32.585 0.0000000000
71072  -40.125  -5.894  28.543 0.0000000000
69830  -38.729  -7.152  25.373 0.0000000000
62152  -17.735  -13.435  45.024 0.0000000000
58626  -23.439  -15.951  38.291 0.0000000000
58540  -25.438  -15.629  42.310 0.0000000000
62250  -27.002  -12.983  38.331 0.0000000000
60990  -26.956  -14.092  41.542 0.0000000000
60908  -26.453  -14.147  45.372 0.0000000000
62105  -27.418  -12.526  47.522 0.0000000000
50292  -10.711  -23.263  43.038 0.0000000000
51502  -12.764  -21.839  42.313 0.0000000000
51474  -12.972  -22.093  46.014 0.0000000000
71150  -44.669  -5.999  24.977 0.0000000000
71104  -47.994  -5.776  27.121 0.0000000000
72320  -50.863  -4.515  28.177 0.0000000000
77024  -48.467  -0.420  27.513 0.0000000000
85688  -53.552  6.708  18.519 0.0000000000
85707  -55.512  6.702  17.729 0.0000000000
84570  -57.920  5.671  17.446 0.0000000000
86818  -57.588  7.873  15.252 0.0000000000
85727  -59.517  6.605  16.568 0.0000000000
61083  -36.165  -12.996  35.471 0.0000000000
62331  -37.265  -11.815  34.470 0.0000000000
62341  -36.065  -12.805  33.527 0.0000000000
61081  -34.488  -14.002  35.476 0.0000000000
61082  -35.403  -13.559  35.479 0.0000000000
61063  -35.808  -13.256  36.462 0.0000000000
69832  -40.730  -7.165  25.332 0.0000000000
69806  -42.146  -7.015  26.386 0.0000000000
69833  -41.755  -7.048  25.315 0.0000000000
84511  -50.760  5.319  22.110 0.0000000000
84499  -51.155  5.492  23.234 0.0000000000
84500  -51.723  5.826  22.797 0.0000000000
85639  -53.069  6.270  22.499 0.0000000000
85651  -52.793  5.883  21.349 0.0000000000
49101  -10.067  -23.490  44.488 0.0000000000
49089  -9.359  -23.707  44.979 0.0000000000
49079  -10.217  -23.617  46.212 0.0000000000
69696  -37.784  -6.397  31.446 0.0000000000
69681  -38.013  -6.010  32.314 0.0000000000
71031  -37.263  -5.734  30.717 0.0000000000
73521  -37.299  -5.157  30.021 0.0000000000
72317  -36.377  -5.553  29.373 0.0000000000
56172  -15.903  -17.332  45.319 0.0000000000
60930  -22.509  -13.833  44.292 0.0000000000
60906  -22.043  -13.253  45.398 0.0000000000
60881  -23.267  -14.064  46.319 0.0000000000
62102  -23.091  -13.280  47.579 0.0000000000
59674  -24.056  -14.470  46.290 0.0000000000
62183  -31.634  -12.266  42.200 0.0000000000
63437  -30.415  -11.997  42.132 0.0000000000
63406  -30.728  -11.438  43.699 0.0000000000
64643  -30.783  -10.820  45.361 0.0000000000
54999  -16.286  -18.036  42.820 0.0000000000
54987  -15.924  -18.511  44.130 0.0000000000
54961  -15.659  -17.976  46.056 0.0000000000
74565  -45.007  -2.244  38.642 0.0000000000
77083  -44.220  -0.520  22.486 0.0000000000
75858  -45.167  -1.239  23.580 0.0000000000
77072  -45.387  -0.484  23.470 0.0000000000
63466  -39.793  -11.719  39.390 0.0000000000
64722  -41.187  -10.476  39.364 0.0000000000
63482  -39.947  -11.493  38.329 0.0000000000
64827  -39.045  -10.187  34.344 0.0000000000
64875  -38.221  -9.911  32.834 0.0000000000
67434  -38.623  -8.269  31.826 0.0000000000
56226  -17.129  -17.355  39.079 0.0000000000
57355  -17.244  -16.643  40.421 0.0000000000
56227  -17.699  -16.942  38.833 0.0000000000
58665  -20.205  -16.072  37.163 0.0000000000
58622  -19.525  -15.568  38.856 0.0000000000
59837  -21.161  -15.256  39.346 0.0000000000
59807  -21.360  -14.574  40.644 0.0000000000
58601  -22.228  -15.235  39.579 0.0000000000
62329  -28.228  -13.418  34.778 0.0000000000
61030  -33.218  -13.781  38.440 0.0000000000
61044  -31.387  -13.516  37.584 0.0000000000
61017  -32.977  -13.604  39.296 0.0000000000
61002  -32.412  -13.349  39.910 0.0000000000
62219  -34.270  -13.204  40.396 0.0000000000
62202  -34.974  -12.798  41.354 0.0000000000
62220  -35.311  -12.966  40.462 0.0000000000
62259  -37.673  -12.574  38.440 0.0000000000
62223  -37.918  -12.672  40.185 0.0000000000
63465  -39.050  -12.231  39.490 0.0000000000
63452  -39.575  -11.600  40.566 0.0000000000
55065  -16.661  -18.519  37.438 0.0000000000
71008  -43.473  -5.206  32.139 0.0000000000
72252  -45.629  -4.431  33.218 0.0000000000
72282  -44.723  -5.078  31.524 0.0000000000
69753  -45.697  -6.872  28.566 0.0000000000
71057  -46.016  -5.911  30.085 0.0000000000
68625  -47.144  -6.828  29.772 0.0000000000
68608  -48.681  -6.708  30.673 0.0000000000
68643  -48.428  -6.920  28.912 0.0000000000
83315  -46.676  3.354  22.166 0.0000000000
82041  -46.882  3.263  23.316 0.0000000000
83277  -47.443  3.766  23.607 0.0000000000
85573  -50.276  6.070  25.823 0.0000000000
80896  -44.533  1.978  19.333 0.0000000000
80916  -44.667  2.340  18.357 0.0000000000
82160  -46.575  3.282  17.477 0.0000000000
83362  -47.416  3.768  17.560 0.0000000000
83341  -49.137  4.404  19.283 0.0000000000
83363  -48.431  4.638  17.358 0.0000000000
84555  -49.854  5.440  17.648 0.0000000000
47891  -7.679  -24.741  46.515 0.0000000000
47875  -6.473  -25.288  48.413 0.0000000000
50204  -10.947  -22.174  51.915 0.0000000000
50209  -9.944  -22.928  50.505 0.0000000000
50192  -10.088  -22.137  52.511 0.0000000000
50177  -7.003  -23.261  53.172 0.0000000000
49017  -6.126  -23.511  53.210 0.0000000000
49026  -4.845  -23.545  51.989 0.0000000000
46694  -4.843  -24.877  52.886 0.0000000000
45558  -5.069  -26.268  52.370 0.0000000000
66039  -41.407  -8.561  37.604 0.0000000000
67306  -41.852  -7.930  39.002 0.0000000000
68491  -41.460  -7.324  37.492 0.0000000000
72215  -39.865  -5.269  34.201 0.0000000000
70948  -40.446  -5.457  36.414 0.0000000000
73456  -40.557  -4.584  35.455 0.0000000000
73443  -41.356  -4.172  36.622 0.0000000000
73474  -40.882  -4.595  34.602 0.0000000000
72233  -41.986  -5.113  34.147 0.0000000000
72246  -40.126  -4.649  32.980 0.0000000000
71049  -38.313  -5.250  29.161 0.0000000000
71050  -39.318  -5.256  29.409 0.0000000000
71071  -38.951  -5.966  28.175 0.0000000000
69778  -39.491  -6.431  27.151 0.0000000000
69802  -38.233  -6.620  26.205 0.0000000000
59761  -18.254  -14.393  42.429 0.0000000000
60947  -17.673  -14.047  43.675 0.0000000000
62167  -18.591  -13.074  43.898 0.0000000000
58685  -25.443  -15.371  35.527 0.0000000000
58669  -24.068  -16.237  36.243 0.0000000000
57392  -25.127  -16.270  38.387 0.0000000000
58603  -24.558  -16.143  39.221 0.0000000000
58604  -25.786  -15.817  39.529 0.0000000000
62299  -27.847  -12.759  36.900 0.0000000000
63497  -26.897  -12.477  36.648 0.0000000000
62251  -27.536  -12.571  38.408 0.0000000000
62180  -28.310  -12.690  42.365 0.0000000000
62194  -27.740  -12.960  41.501 0.0000000000
62179  -27.701  -13.125  42.384 0.0000000000
60955  -26.990  -13.835  43.332 0.0000000000
62158  -26.982  -13.487  44.367 0.0000000000
62121  -26.787  -13.318  46.335 0.0000000000
62141  -27.394  -12.774  45.379 0.0000000000
64660  -36.396  -11.089  43.784 0.0000000000
51517  -13.258  -21.428  41.858 0.0000000000
51491  -13.704  -21.572  44.089 0.0000000000
50262  -13.049  -22.152  44.115 0.0000000000
53711  -15.527  -18.743  49.617 0.0000000000
71188  -42.267  -5.108  22.648 0.0000000000
71165  -43.498  -5.768  23.823 0.0000000000
72369  -43.789  -4.744  23.816 0.0000000000
74690  -46.791  -2.705  26.274 0.0000000000
72360  -46.200  -4.142  25.756 0.0000000000
73559  -47.645  -3.814  26.576 0.0000000000
71106  -49.552  -5.029  27.468 0.0000000000
73546  -49.310  -3.540  27.362 0.0000000000
80783  -47.874  2.183  26.033 0.0000000000
78324  -47.705  0.500  26.120 0.0000000000
79574  -49.311  1.091  27.992 0.0000000000
85685  -51.171  6.308  17.590 0.0000000000
85687  -52.619  6.466  18.271 0.0000000000
85704  -52.454  6.551  17.348 0.0000000000
85722  -54.200  6.687  16.657 0.0000000000
85723  -55.271  6.549  16.712 0.0000000000
85709  -57.249  5.819  18.125 0.0000000000
85724  -56.548  6.184  16.725 0.0000000000
87888  -58.199  9.161  15.433 0.0000000000
87898  -57.372  8.577  14.367 0.0000000000
86807  -58.642  8.210  16.133 0.0000000000
85726  -58.631  6.692  16.448 0.0000000000
86808  -59.147  7.984  16.199 0.0000000000
85748  -59.584  6.773  15.661 0.0000000000
83441  -60.031  4.455  13.734 0.0000000000
62282  -38.018  -12.081  37.453 0.0000000000
63498  -38.302  -11.684  36.911 0.0000000000
62318  -37.584  -11.963  35.539 0.0000000000
63562  -37.566  -11.334  33.913 0.0000000000
57405  -18.139  -17.134  37.626 0.0000000000
61079  -32.315  -14.015  35.421 0.0000000000
61061  -34.026  -14.160  36.503 0.0000000000
61032  -35.075  -13.455  38.354 0.0000000000
62239  -35.506  -13.105  39.397 0.0000000000
62257  -35.902  -13.023  38.402 0.0000000000
62281  -37.116  -12.610  37.433 0.0000000000
71053  -42.586  -5.569  29.641 0.0000000000
72309  -43.851  -5.290  30.065 0.0000000000
71075  -43.126  -5.945  28.884 0.0000000000
69751  -43.744  -6.541  28.364 0.0000000000
69784  -45.408  -6.901  27.608 0.0000000000
83318  -48.351  4.382  21.443 0.0000000000
83278  -48.277  4.461  23.280 0.0000000000
84497  -49.023  4.891  22.756 0.0000000000
84466  -50.500  5.765  24.729 0.0000000000
86781  -54.950  7.237  20.027 0.0000000000
47900  -8.493  -24.153  45.191 0.0000000000
47878  -8.640  -24.396  47.691 0.0000000000
68537  -40.338  -7.464  34.537 0.0000000000
69628  -40.552  -6.708  35.698 0.0000000000
69666  -39.271  -6.106  33.633 0.0000000000
70993  -38.704  -5.300  33.364 0.0000000000
73488  -38.350  -4.017  33.475 0.0000000000
72261  -39.143  -4.584  32.166 0.0000000000
72278  -38.679  -4.717  31.499 0.0000000000
71048  -37.598  -5.276  29.160 0.0000000000
71098  -36.913  -5.732  27.564 0.0000000000
60971  -20.387  -13.426  42.801 0.0000000000
60950  -19.856  -12.800  43.825 0.0000000000
60928  -20.694  -12.780  44.566 0.0000000000
62119  -21.030  -12.306  46.576 0.0000000000
62062  -23.517  -13.378  49.237 0.0000000000
59878  -25.483  -14.056  34.734 0.0000000000
59856  -26.028  -14.004  36.424 0.0000000000
62235  -30.167  -12.798  39.606 0.0000000000
62233  -28.336  -12.489  39.505 0.0000000000
62197  -29.918  -12.178  41.404 0.0000000000
63420  -29.467  -12.077  42.589 0.0000000000
63404  -29.173  -12.141  43.450 0.0000000000
63376  -28.379  -12.058  45.451 0.0000000000
63377  -29.509  -11.273  45.688 0.0000000000
53832  -14.651  -20.110  39.660 0.0000000000
53804  -15.025  -19.990  41.690 0.0000000000
53764  -15.255  -19.846  44.430 0.0000000000
52603  -14.668  -20.228  46.430 0.0000000000
53751  -15.601  -18.882  45.745 0.0000000000
74768  -43.177  -2.674  22.328 0.0000000000
73593  -43.944  -3.629  23.837 0.0000000000
74751  -44.495  -2.176  23.403 0.0000000000
74731  -45.314  -2.098  24.338 0.0000000000
75800  -46.842  -1.878  26.243 0.0000000000
85761  -51.521  6.622  14.525 0.0000000000
85720  -52.285  6.561  16.412 0.0000000000
85762  -52.658  6.806  14.367 0.0000000000
89971  -59.115  9.969  15.957 0.0000000000
86836  -59.471  7.657  15.084 0.0000000000
87899  -59.320  8.630  14.376 0.0000000000
85768  -58.837  7.450  14.131 0.0000000000
50233  -12.240  -22.455  48.128 0.0000000000
49062  -11.147  -23.255  48.080 0.0000000000
65956  -41.529  -8.994  41.695 0.0000000000
64709  -41.436  -9.929  40.189 0.0000000000
64739  -41.234  -9.991  38.335 0.0000000000
64784  -40.568  -9.584  36.609 0.0000000000
63526  -39.184  -10.703  36.392 0.0000000000
64806  -39.821  -9.700  35.188 0.0000000000
66074  -40.097  -9.122  34.978 0.0000000000
67419  -39.385  -8.267  33.058 0.0000000000
68587  -38.450  -7.232  31.674 0.0000000000
56192  -16.499  -17.196  42.463 0.0000000000
57314  -16.538  -16.493  43.414 0.0000000000
57325  -17.218  -16.292  42.149 0.0000000000
58572  -17.848  -15.267  41.122 0.0000000000
59804  -18.839  -14.678  40.831 0.0000000000
57390  -18.792  -16.127  38.696 0.0000000000
59824  -19.291  -14.939  40.286 0.0000000000
59784  -20.196  -14.149  41.381 0.0000000000
59785  -21.015  -14.259  41.428 0.0000000000
59762  -22.343  -14.181  42.717 0.0000000000
59741  -23.388  -14.766  42.712 0.0000000000
63561  -27.816  -12.887  35.245 0.0000000000
62300  -28.470  -13.079  36.740 0.0000000000
61058  -30.718  -13.798  36.502 0.0000000000
61043  -30.344  -13.489  37.247 0.0000000000
62254  -30.361  -13.147  38.711 0.0000000000
62236  -31.115  -13.157  39.563 0.0000000000
62199  -31.897  -12.528  41.331 0.0000000000
63424  -33.323  -12.107  43.013 0.0000000000
63409  -33.996  -11.593  43.669 0.0000000000
63425  -34.323  -12.096  42.992 0.0000000000
63427  -36.288  -11.818  42.721 0.0000000000
63428  -37.223  -11.461  42.464 0.0000000000
62221  -36.221  -12.782  40.396 0.0000000000
63440  -37.437  -11.933  41.555 0.0000000000
63429  -37.837  -11.226  42.267 0.0000000000
64676  -39.155  -10.510  42.459 0.0000000000
55050  -15.862  -18.935  39.233 0.0000000000
73460  -44.723  -3.766  35.569 0.0000000000
73477  -46.116  -3.885  34.468 0.0000000000
73493  -46.931  -3.812  33.575 0.0000000000
72269  -47.718  -4.050  32.361 0.0000000000
72298  -45.447  -5.047  31.101 0.0000000000
72300  -46.656  -4.908  31.206 0.0000000000
80822  -45.203  2.077  22.034 0.0000000000
79611  -45.782  1.302  23.386 0.0000000000
80808  -46.141  1.951  23.799 0.0000000000
80799  -47.102  2.792  24.715 0.0000000000
81997  -48.462  3.334  26.540 0.0000000000
83257  -48.189  4.526  24.430 0.0000000000
83232  -48.292  4.118  26.195 0.0000000000
69885  -38.917  -7.030  22.401 0.0000000000
69872  -40.626  -6.789  23.387 0.0000000000
71185  -39.963  -5.966  21.877 0.0000000000
71206  -40.793  -5.168  21.574 0.0000000000
72398  -41.258  -4.459  21.322 0.0000000000
74776  -41.867  -2.967  20.847 0.0000000000
74791  -42.258  -2.044  20.541 0.0000000000
77098  -42.938  -0.964  21.025 0.0000000000
78373  -43.614  0.298  21.164 0.0000000000
79633  -43.772  1.290  21.105 0.0000000000
80870  -44.524  2.156  20.356 0.0000000000
82080  -45.165  2.656  20.986 0.0000000000
82101  -46.996  3.383  20.668 0.0000000000
82136  -45.976  2.714  18.073 0.0000000000
82117  -46.843  2.994  19.510 0.0000000000
82102  -47.529  3.689  20.435 0.0000000000
83331  -48.357  4.132  20.627 0.0000000000
83333  -49.798  4.712  19.952 0.0000000000
84537  -50.650  5.155  19.595 0.0000000000
84539  -52.199  5.838  20.134 0.0000000000
84546  -50.637  5.554  18.718 0.0000000000
84556  -50.612  6.033  17.927 0.0000000000
85718  -50.568  6.136  16.315 0.0000000000
85760  -50.497  6.530  14.606 0.0000000000
49061  -10.479  -23.434  48.368 0.0000000000
49054  -9.642  -23.525  49.346 0.0000000000
49053  -8.333  -24.067  49.062 0.0000000000
50191  -8.866  -22.530  52.668 0.0000000000
49036  -7.995  -23.605  51.271 0.0000000000
49052  -7.230  -24.314  49.528 0.0000000000
49044  -6.315  -24.223  50.372 0.0000000000
47862  -4.762  -24.743  50.286 0.0000000000
47860  -3.370  -25.124  50.766 0.0000000000
46701  -3.057  -25.864  51.986 0.0000000000
74564  -43.966  -2.505  38.286 0.0000000000
70914  -42.386  -5.195  40.011 0.0000000000
69612  -40.790  -6.115  36.526 0.0000000000
70925  -41.420  -5.348  38.177 0.0000000000
73415  -41.820  -3.920  38.356 0.0000000000
74575  -42.982  -2.988  37.381 0.0000000000
73445  -43.339  -3.413  36.453 0.0000000000
72219  -43.330  -4.456  34.893 0.0000000000
72249  -42.542  -5.352  33.308 0.0000000000
71019  -41.803  -5.556  31.251 0.0000000000
72280  -40.199  -5.090  31.617 0.0000000000
71033  -40.767  -5.361  30.275 0.0000000000
71052  -41.448  -5.558  29.437 0.0000000000
71101  -40.736  -6.108  28.104 0.0000000000
69804  -40.160  -6.719  26.268 0.0000000000
69852  -39.195  -7.397  24.415 0.0000000000
71067  -34.797  -5.554  28.567 0.0000000000
71096  -34.949  -5.334  27.916 0.0000000000
71127  -36.110  -5.750  26.795 0.0000000000
71148  -36.315  -6.133  25.995 0.0000000000
69828  -36.794  -6.663  25.561 0.0000000000
69850  -37.183  -7.312  24.472 0.0000000000
69869  -37.571  -7.442  23.434 0.0000000000
69870  -38.515  -7.386  23.384 0.0000000000
62154  -18.903  -12.411  44.802 0.0000000000
58667  -21.886  -16.341  36.460 0.0000000000
58668  -22.968  -16.320  36.290 0.0000000000
58625  -22.420  -15.658  38.509 0.0000000000
58602  -23.281  -15.565  39.408 0.0000000000
58554  -23.682  -15.249  41.511 0.0000000000
58520  -24.794  -15.418  43.745 0.0000000000
64798  -26.186  -12.212  34.557 0.0000000000
61055  -26.035  -13.151  36.494 0.0000000000
59848  -26.404  -13.983  37.893 0.0000000000
62232  -27.492  -12.788  39.522 0.0000000000
61014  -26.973  -13.388  39.619 0.0000000000
59829  -26.716  -14.327  39.684 0.0000000000
59789  -26.676  -15.002  41.568 0.0000000000
59743  -26.085  -14.951  43.761 0.0000000000
59696  -25.357  -15.022  45.330 0.0000000000
60883  -25.427  -14.327  46.672 0.0000000000
62103  -25.907  -13.578  47.837 0.0000000000
49111  -10.160  -23.521  43.605 0.0000000000
49102  -10.733  -23.289  44.794 0.0000000000
51531  -12.698  -21.838  40.571 0.0000000000
50328  -11.593  -22.540  40.398 0.0000000000
50293  -11.443  -22.785  42.579 0.0000000000
50261  -12.351  -22.465  44.765 0.0000000000
50249  -11.974  -22.698  45.964 0.0000000000
51461  -13.058  -21.948  47.451 0.0000000000
52591  -14.583  -20.071  47.769 0.0000000000
69855  -42.338  -6.810  24.257 0.0000000000
69835  -43.906  -6.763  25.364 0.0000000000
71130  -45.792  -6.192  26.252 0.0000000000
72359  -45.599  -4.511  25.338 0.0000000000
71131  -46.315  -5.738  26.237 0.0000000000
69786  -47.361  -6.541  27.437 0.0000000000
69756  -48.766  -6.448  28.245 0.0000000000
77064  -46.391  0.091  24.635 0.0000000000
77041  -47.268  -0.745  26.245 0.0000000000
75780  -48.406  -1.381  27.766 0.0000000000
85673  -52.672  6.341  19.297 0.0000000000
85674  -53.622  6.641  19.526 0.0000000000
86793  -55.333  7.231  19.392 0.0000000000
85721  -53.220  6.621  16.543 0.0000000000
85706  -54.418  6.792  17.661 0.0000000000
86794  -56.181  7.189  19.384 0.0000000000
85691  -56.678  6.550  18.759 0.0000000000
85693  -58.736  5.778  18.638 0.0000000000
85766  -56.749  6.758  14.886 0.0000000000
85725  -57.639  6.273  16.341 0.0000000000
85710  -59.129  6.107  17.474 0.0000000000
84597  -59.881  5.664  15.342 0.0000000000
61106  -35.763  -13.216  34.493 0.0000000000
62330  -36.507  -12.617  34.477 0.0000000000
61105  -34.956  -13.774  34.468 0.0000000000
69854  -41.259  -7.007  24.292 0.0000000000
84512  -51.564  5.716  22.237 0.0000000000
85650  -52.028  5.837  21.773 0.0000000000
85638  -52.159  6.001  22.328 0.0000000000
49091  -10.796  -23.340  45.687 0.0000000000
49090  -10.101  -23.470  45.335 0.0000000000
49080  -10.878  -23.375  46.561 0.0000000000
71030  -36.626  -5.817  30.158 0.0000000000
72291  -36.903  -5.465  30.149 0.0000000000
72303  -36.571  -5.598  29.729 0.0000000000
57296  -16.118  -16.586  44.537 0.0000000000
59719  -23.274  -14.479  44.526 0.0000000000
60907  -22.837  -13.991  45.411 0.0000000000
59694  -23.599  -14.516  45.494 0.0000000000
63423  -32.253  -12.003  42.985 0.0000000000
63422  -31.082  -11.885  42.632 0.0000000000
63407  -31.887  -11.441  43.876 0.0000000000
63392  -32.071  -11.015  44.777 0.0000000000
56182  -16.006  -17.577  44.253 0.0000000000
78358  -43.878  -0.063  21.774 0.0000000000
77071  -44.739  -0.464  23.041 0.0000000000
78350  -44.872  0.309  22.860 0.0000000000
64874  -37.826  -10.306  32.450 0.0000000000
56240  -17.683  -17.340  38.217 0.0000000000
58645  -20.719  -15.707  37.805 0.0000000000
58623  -20.475  -15.407  38.840 0.0000000000
58624  -21.474  -15.436  38.791 0.0000000000
59838  -21.510  -15.248  39.344 0.0000000000
61031  -34.187  -13.659  38.352 0.0000000000
61004  -33.470  -13.384  39.897 0.0000000000
62238  -34.769  -13.254  39.728 0.0000000000
62260  -38.489  -12.334  38.518 0.0000000000
62242  -38.252  -12.655  39.434 0.0000000000
55051  -16.518  -18.334  38.560 0.0000000000
71021  -43.222  -5.358  31.484 0.0000000000
72266  -44.141  -5.081  32.156 0.0000000000
72281  -43.909  -5.136  31.418 0.0000000000
69729  -45.929  -6.473  29.440 0.0000000000
69754  -46.819  -7.181  28.717 0.0000000000
68642  -47.736  -7.089  29.190 0.0000000000
83316  -47.010  3.605  21.950 0.0000000000
83297  -46.928  3.500  22.701 0.0000000000
83298  -47.546  4.041  22.603 0.0000000000
85554  -50.196  6.178  26.994 0.0000000000
80932  -43.856  2.521  17.636 0.0000000000
83384  -48.309  5.105  16.567 0.0000000000
47883  -6.861  -25.296  47.487 0.0000000000
47876  -7.238  -24.854  48.182 0.0000000000
51422  -10.679  -21.808  52.998 0.0000000000
47844  -5.370  -24.235  53.068 0.0000000000
46705  -5.735  -25.454  52.757 0.0000000000
67338  -41.000  -8.343  36.852 0.0000000000
67339  -41.259  -8.125  37.232 0.0000000000
67355  -40.993  -7.926  36.766 0.0000000000
73454  -39.997  -4.998  33.972 0.0000000000
72216  -40.182  -5.295  35.178 0.0000000000
73455  -40.161  -5.083  34.429 0.0000000000
73491  -40.457  -4.796  33.760 0.0000000000
71070  -37.741  -5.664  28.368 0.0000000000
71100  -38.784  -6.357  27.370 0.0000000000
71129  -37.691  -6.320  26.440 0.0000000000
60969  -18.681  -13.769  42.701 0.0000000000
60968  -18.080  -14.068  43.012 0.0000000000
60949  -18.968  -13.165  43.450 0.0000000000
57431  -25.880  -15.615  37.460 0.0000000000
57430  -25.464  -15.949  37.183 0.0000000000
57409  -25.593  -15.940  37.869 0.0000000000
57375  -25.402  -16.036  38.926 0.0000000000
58628  -26.191  -15.534  38.900 0.0000000000
62276  -28.497  -12.733  37.665 0.0000000000
62275  -27.543  -12.660  37.388 0.0000000000
62252  -28.385  -12.494  38.535 0.0000000000
62171  -28.091  -12.841  43.267 0.0000000000
62170  -27.513  -13.317  43.344 0.0000000000
62142  -28.001  -12.504  44.798 0.0000000000
64661  -37.138  -10.641  43.755 0.0000000000
52602  -14.286  -20.928  45.735 0.0000000000
72387  -42.179  -4.453  22.364 0.0000000000
72378  -42.709  -4.759  22.918 0.0000000000
72379  -43.291  -4.257  23.295 0.0000000000
74691  -47.451  -2.732  26.764 0.0000000000
73545  -48.372  -3.487  27.056 0.0000000000
72328  -49.016  -4.468  27.192 0.0000000000
80784  -48.467  2.201  26.686 0.0000000000
79581  -48.919  1.338  27.501 0.0000000000
85703  -51.627  6.456  17.161 0.0000000000
85745  -56.096  6.440  15.722 0.0000000000
87876  -58.538  9.105  15.916 0.0000000000
87875  -58.216  8.950  15.569 0.0000000000
86820  -59.413  7.843  15.711 0.0000000000
62304  -37.941  -11.810  36.387 0.0000000000
62342  -36.669  -12.129  33.504 0.0000000000
63577  -37.235  -11.528  33.376 0.0000000000
61103  -32.909  -13.969  34.447 0.0000000000
61047  -34.563  -13.767  37.452 0.0000000000
61048  -35.441  -13.395  37.436 0.0000000000
62302  -36.605  -12.797  36.450 0.0000000000
62280  -36.268  -12.991  37.435 0.0000000000
71074  -42.113  -5.975  28.465 0.0000000000
69782  -43.488  -6.828  27.451 0.0000000000
69783  -44.458  -6.921  27.559 0.0000000000
69808  -44.195  -6.938  26.504 0.0000000000
84509  -48.895  4.766  21.882 0.0000000000
84485  -51.009  5.738  24.194 0.0000000000
85590  -51.032  6.357  25.018 0.0000000000
86768  -55.207  7.235  20.817 0.0000000000
49078  -9.572  -23.799  45.802 0.0000000000
47901  -9.101  -23.911  45.519 0.0000000000
47893  -8.990  -24.072  46.082 0.0000000000
47892  -8.305  -24.376  46.262 0.0000000000
47886  -8.878  -24.296  46.982 0.0000000000
69667  -40.028  -6.835  33.869 0.0000000000
71003  -38.117  -5.250  32.397 0.0000000000
71004  -38.490  -5.668  32.903 0.0000000000
70992  -38.292  -5.001  32.930 0.0000000000
72244  -38.274  -4.530  33.277 0.0000000000
73513  -38.396  -4.548  32.417 0.0000000000
72277  -38.202  -4.982  31.826 0.0000000000
72304  -37.217  -5.207  29.705 0.0000000000
72305  -37.847  -4.869  29.834 0.0000000000
60951  -20.967  -13.350  43.603 0.0000000000
60929  -21.606  -13.339  44.396 0.0000000000
62120  -21.909  -12.739  46.426 0.0000000000
62139  -21.463  -12.640  45.803 0.0000000000
62083  -23.461  -13.451  48.297 0.0000000000
62084  -24.437  -13.742  48.693 0.0000000000
58686  -25.753  -14.539  35.618 0.0000000000
59866  -25.653  -13.596  35.618 0.0000000000
62215  -30.051  -12.457  40.549 0.0000000000
63421  -30.225  -11.728  42.748 0.0000000000
63436  -29.850  -11.967  42.051 0.0000000000
63389  -29.266  -11.691  44.492 0.0000000000
64642  -30.338  -10.951  45.380 0.0000000000
53819  -15.323  -19.324  41.008 0.0000000000
53818  -14.828  -20.032  40.691 0.0000000000
53777  -15.628  -19.251  43.828 0.0000000000
53750  -15.188  -19.689  45.450 0.0000000000
74778  -43.105  -1.967  21.611 0.0000000000
74750  -43.924  -2.811  23.389 0.0000000000
75856  -43.942  -1.900  22.893 0.0000000000
75842  -45.501  -1.329  24.057 0.0000000000
75823  -45.930  -1.578  24.919 0.0000000000
75824  -46.454  -1.585  25.608 0.0000000000
88944  -58.453  9.743  15.355 0.0000000000
89982  -58.965  10.250  15.573 0.0000000000
88953  -59.392  9.501  15.151 0.0000000000
51429  -12.488  -21.388  52.239 0.0000000000
65955  -40.807  -9.672  41.697 0.0000000000
65977  -41.304  -9.646  40.957 0.0000000000
63483  -40.681  -10.837  38.377 0.0000000000
63501  -40.590  -10.399  37.831 0.0000000000
66019  -41.172  -9.531  37.674 0.0000000000
64758  -40.560  -9.966  37.246 0.0000000000
63525  -38.464  -11.359  36.368 0.0000000000
64805  -39.494  -10.182  35.285 0.0000000000
64828  -39.512  -9.884  34.789 0.0000000000
66055  -40.184  -9.437  35.551 0.0000000000
66099  -39.569  -9.313  34.403 0.0000000000
67404  -39.591  -8.503  33.719 0.0000000000
67403  -39.310  -8.796  33.342 0.0000000000
57371  -17.946  -16.389  39.607 0.0000000000
57356  -17.643  -15.978  40.702 0.0000000000
59803  -18.304  -14.843  41.207 0.0000000000
58573  -18.287  -15.106  40.720 0.0000000000
57406  -18.594  -16.676  37.911 0.0000000000
58599  -20.010  -15.226  39.461 0.0000000000
58598  -19.423  -15.323  39.703 0.0000000000
59825  -19.924  -14.916  40.125 0.0000000000
59805  -19.663  -14.503  40.745 0.0000000000
59808  -22.304  -14.726  40.594 0.0000000000
59786  -22.007  -14.275  41.692 0.0000000000
59763  -22.855  -14.519  42.295 0.0000000000
59764  -23.360  -14.900  41.980 0.0000000000
61076  -28.918  -13.880  35.069 0.0000000000
62315  -28.734  -13.337  35.803 0.0000000000
62301  -29.298  -13.377  36.675 0.0000000000
61078  -31.092  -13.990  35.306 0.0000000000
61028  -31.521  -13.380  38.227 0.0000000000
62279  -31.263  -13.271  38.107 0.0000000000
62278  -30.745  -13.215  37.981 0.0000000000
62200  -32.935  -12.844  41.332 0.0000000000
62184  -32.616  -12.455  42.204 0.0000000000
62185  -33.654  -12.506  42.184 0.0000000000
62187  -35.472  -12.415  42.175 0.0000000000
63439  -36.791  -12.094  41.913 0.0000000000
63450  -37.933  -12.309  40.950 0.0000000000
64675  -38.428  -10.709  42.515 0.0000000000
64691  -38.997  -11.068  42.083 0.0000000000
64707  -40.091  -10.870  40.890 0.0000000000
64692  -39.647  -10.696  41.721 0.0000000000
64693  -40.304  -10.334  41.412 0.0000000000
55023  -16.348  -18.003  40.771 0.0000000000
72220  -44.305  -4.323  34.912 0.0000000000
73476  -45.315  -3.941  35.001 0.0000000000
72236  -45.128  -4.370  34.198 0.0000000000
73504  -46.082  -4.289  32.487 0.0000000000
73492  -46.278  -4.167  33.343 0.0000000000
73505  -46.703  -4.037  32.650 0.0000000000
73506  -47.384  -3.802  32.883 0.0000000000
73516  -46.973  -4.085  32.106 0.0000000000
72297  -44.428  -5.228  30.667 0.0000000000
71037  -45.064  -5.388  30.405 0.0000000000
69714  -47.025  -6.018  30.507 0.0000000000
71039  -46.450  -5.548  30.656 0.0000000000
71040  -47.233  -5.350  30.990 0.0000000000
72285  -47.266  -4.529  31.604 0.0000000000
71023  -48.412  -5.316  31.665 0.0000000000
69716  -48.328  -6.173  31.094 0.0000000000
68609  -49.415  -6.992  30.797 0.0000000000
80823  -45.774  2.211  22.800 0.0000000000
82026  -47.263  3.372  24.383 0.0000000000
82025  -46.837  2.970  24.070 0.0000000000
82012  -47.591  3.236  25.228 0.0000000000
81996  -47.964  2.777  25.950 0.0000000000
83231  -48.016  3.502  25.892 0.0000000000
84483  -49.139  5.118  23.997 0.0000000000
84464  -48.794  5.128  25.313 0.0000000000
84445  -48.690  4.921  26.482 0.0000000000
45572  -2.810  -26.881  50.776 0.0000000000
44422  -2.843  -27.136  50.392 0.0000000000
72397  -40.327  -4.767  20.754 0.0000000000
72423  -40.277  -4.193  20.121 0.0000000000
73651  -41.189  -3.400  20.411 0.0000000000
74790  -41.526  -2.707  20.253 0.0000000000
74777  -42.396  -2.725  21.300 0.0000000000
75910  -41.952  -1.805  19.976 0.0000000000
75911  -42.422  -1.365  20.253 0.0000000000
77110  -42.833  -0.741  20.612 0.0000000000
77111  -43.225  -0.090  20.743 0.0000000000
78385  -42.849  0.083  20.178 0.0000000000
79652  -43.421  1.282  20.271 0.0000000000
80869  -43.952  1.712  20.632 0.0000000000
80843  -44.003  1.752  21.065 0.0000000000
82099  -45.066  2.468  20.474 0.0000000000
82100  -45.859  2.593  20.231 0.0000000000
82138  -47.443  3.390  18.634 0.0000000000
82137  -46.724  2.966  18.442 0.0000000000
82118  -47.594  3.570  19.758 0.0000000000
83340  -48.347  3.945  19.750 0.0000000000
83351  -50.098  5.342  18.305 0.0000000000
84567  -49.556  5.536  16.958 0.0000000000
84568  -50.232  5.873  17.068 0.0000000000
46727  -5.855  -25.700  48.237 0.0000000000
50226  -11.332  -22.991  48.772 0.0000000000
50225  -10.683  -23.252  48.985 0.0000000000
49038  -9.547  -23.093  50.886 0.0000000000
49047  -9.480  -23.327  50.354 0.0000000000
49046  -8.683  -23.658  50.258 0.0000000000
51420  -9.052  -22.317  53.141 0.0000000000
50189  -6.730  -23.295  52.543 0.0000000000
50201  -7.370  -23.257  52.003 0.0000000000
49045  -7.537  -23.878  50.339 0.0000000000
49051  -6.656  -24.525  49.578 0.0000000000
50199  -4.405  -23.849  51.939 0.0000000000
49033  -4.639  -23.847  51.435 0.0000000000
49032  -4.136  -24.393  51.543 0.0000000000
47861  -4.028  -24.829  50.444 0.0000000000
47857  -3.693  -25.065  51.683 0.0000000000
47859  -3.052  -25.380  51.267 0.0000000000
46702  -3.790  -25.511  52.211 0.0000000000
45549  -5.674  -26.397  52.259 0.0000000000
74554  -44.161  -2.453  39.202 0.0000000000
65978  -41.939  -9.079  40.572 0.0000000000
67260  -41.903  -7.942  41.601 0.0000000000
67282  -42.247  -7.780  40.341 0.0000000000
68480  -41.802  -7.060  38.376 0.0000000000
68466  -42.297  -6.799  39.594 0.0000000000
69586  -42.568  -6.055  40.326 0.0000000000
69585  -42.313  -5.760  39.526 0.0000000000
69627  -40.029  -6.054  35.809 0.0000000000
72183  -41.031  -4.768  37.447 0.0000000000
70933  -40.842  -5.297  37.041 0.0000000000
72172  -41.147  -4.806  37.854 0.0000000000
72173  -41.425  -4.604  38.278 0.0000000000
73403  -41.786  -4.075  38.815 0.0000000000
73444  -42.383  -3.720  36.425 0.0000000000
73429  -42.430  -3.429  37.327 0.0000000000
73430  -42.928  -3.205  36.974 0.0000000000
73459  -43.772  -3.962  35.701 0.0000000000
72248  -41.634  -5.183  33.338 0.0000000000
72265  -42.018  -5.385  32.733 0.0000000000
71007  -42.699  -5.424  32.284 0.0000000000
71006  -41.938  -5.537  32.049 0.0000000000
72279  -39.503  -4.959  31.349 0.0000000000
72262  -39.813  -4.690  32.213 0.0000000000
71051  -40.438  -5.465  29.415 0.0000000000
71032  -39.851  -5.238  30.323 0.0000000000
71034  -41.674  -5.521  30.377 0.0000000000
71073  -41.056  -5.783  28.617 0.0000000000
69803  -39.189  -6.749  26.198 0.0000000000
69779  -40.611  -6.387  27.346 0.0000000000
69831  -39.718  -7.169  25.358 0.0000000000
71125  -34.249  -5.622  27.077 0.0000000000
71147  -35.323  -6.131  26.099 0.0000000000
69826  -35.037  -6.565  25.314 0.0000000000
69827  -35.833  -6.516  25.321 0.0000000000
69849  -36.180  -7.129  24.501 0.0000000000
58532  -17.204  -15.698  43.019 0.0000000000
58512  -16.776  -15.677  43.820 0.0000000000
59759  -17.195  -15.169  43.500 0.0000000000
60926  -17.881  -13.553  44.086 0.0000000000
60927  -20.128  -12.467  44.502 0.0000000000
62169  -19.346  -12.501  44.342 0.0000000000
62155  -19.652  -12.272  44.777 0.0000000000
58648  -23.626  -16.228  37.224 0.0000000000
58577  -25.273  -15.931  40.471 0.0000000000
58576  -24.107  -15.601  40.428 0.0000000000
58555  -24.811  -15.802  41.492 0.0000000000
58539  -24.537  -15.538  42.616 0.0000000000
64799  -26.398  -12.243  34.825 0.0000000000
62274  -26.697  -12.714  37.104 0.0000000000
62297  -26.158  -12.596  36.161 0.0000000000
61040  -26.385  -13.025  36.962 0.0000000000
61041  -26.458  -13.325  37.421 0.0000000000
61027  -26.700  -13.408  38.519 0.0000000000
60991  -27.266  -13.367  41.521 0.0000000000
61001  -27.346  -13.212  40.673 0.0000000000
61000  -26.903  -13.736  40.617 0.0000000000
59810  -26.704  -14.641  40.609 0.0000000000
60931  -26.489  -14.324  44.472 0.0000000000
60954  -26.600  -14.438  43.440 0.0000000000
59722  -25.853  -14.908  44.624 0.0000000000
59721  -25.413  -15.170  44.707 0.0000000000
59697  -26.040  -14.574  45.266 0.0000000000
59675  -24.911  -14.678  46.312 0.0000000000
59677  -26.154  -14.344  45.734 0.0000000000
60860  -26.353  -13.619  46.862 0.0000000000
62104  -26.545  -13.282  47.459 0.0000000000
63362  -28.692  -11.583  46.578 0.0000000000
63395  -34.444  -11.267  44.152 0.0000000000
49112  -10.615  -23.338  44.102 0.0000000000
50275  -11.312  -22.953  43.930 0.0000000000
51550  -13.691  -21.205  40.495 0.0000000000
51533  -13.900  -21.216  41.215 0.0000000000
51516  -12.698  -21.822  41.466 0.0000000000
50312  -12.177  -22.279  41.006 0.0000000000
50294  -12.174  -22.282  42.012 0.0000000000
51490  -13.160  -21.933  44.862 0.0000000000
50241  -12.212  -22.506  47.000 0.0000000000
74600  -47.774  -2.823  35.868 0.0000000000
69887  -41.017  -6.228  22.644 0.0000000000
69873  -41.740  -6.491  23.287 0.0000000000
69874  -42.400  -6.422  23.560 0.0000000000
69857  -44.018  -6.176  24.499 0.0000000000
69836  -44.776  -6.558  25.735 0.0000000000
71151  -45.526  -5.772  25.599 0.0000000000
73594  -44.470  -3.633  24.303 0.0000000000
72370  -44.434  -4.347  24.295 0.0000000000
73573  -44.957  -3.701  24.806 0.0000000000
72346  -47.341  -4.506  26.378 0.0000000000
72345  -46.698  -4.764  26.102 0.0000000000
71132  -47.285  -5.560  26.556 0.0000000000
69787  -48.200  -6.285  27.661 0.0000000000
72319  -50.142  -4.879  27.815 0.0000000000
71078  -49.702  -5.593  28.086 0.0000000000
71079  -50.574  -5.408  28.339 0.0000000000
79603  -46.316  1.371  24.106 0.0000000000
78344  -46.459  0.752  24.476 0.0000000000
78336  -46.809  0.613  25.132 0.0000000000
78325  -48.126  0.486  26.692 0.0000000000
78311  -47.945  -0.110  26.846 0.0000000000
77023  -47.813  -1.027  27.160 0.0000000000
84548  -51.953  5.892  19.454 0.0000000000
86792  -54.805  7.174  19.492 0.0000000000
85689  -54.654  7.017  18.826 0.0000000000
85690  -55.808  7.006  18.622 0.0000000000
84569  -57.169  5.807  17.274 0.0000000000
84558  -58.162  5.650  18.117 0.0000000000
84559  -58.786  5.733  17.906 0.0000000000
86834  -57.153  7.484  14.551 0.0000000000
85767  -57.302  7.114  15.011 0.0000000000
85746  -57.375  6.636  15.588 0.0000000000
85747  -57.987  6.774  16.046 0.0000000000
85711  -59.595  5.823  17.811 0.0000000000
85728  -60.184  5.753  17.236 0.0000000000
84609  -59.666  5.259  14.386 0.0000000000
62317  -36.955  -12.493  35.457 0.0000000000
61080  -33.428  -14.093  35.467 0.0000000000
61104  -33.944  -13.906  34.481 0.0000000000
69805  -41.152  -6.898  26.340 0.0000000000
69781  -42.459  -6.685  27.464 0.0000000000
69834  -42.788  -6.911  25.357 0.0000000000
85640  -54.236  6.833  22.660 0.0000000000
85652  -53.898  6.395  21.537 0.0000000000
85664  -53.701  6.400  20.491 0.0000000000
49100  -9.459  -23.708  44.057 0.0000000000
69697  -38.495  -6.637  32.055 0.0000000000
69682  -38.901  -6.402  32.676 0.0000000000
71016  -37.751  -5.538  31.558 0.0000000000
72292  -37.510  -5.154  30.491 0.0000000000
73528  -37.078  -5.282  29.861 0.0000000000
72318  -36.573  -5.405  29.475 0.0000000000
56161  -15.680  -17.048  46.370 0.0000000000
60880  -22.571  -13.434  46.309 0.0000000000
60856  -23.039  -13.525  46.948 0.0000000000
60857  -23.746  -14.050  47.247 0.0000000000
62182  -31.160  -12.159  42.202 0.0000000000
63390  -30.210  -11.173  44.771 0.0000000000
63391  -31.213  -11.107  44.656 0.0000000000
54998  -15.993  -18.692  43.273 0.0000000000
54975  -15.923  -18.263  45.063 0.0000000000
75878  -44.094  -1.258  22.675 0.0000000000
75857  -44.623  -1.232  23.174 0.0000000000
77063  -45.934  -0.622  24.499 0.0000000000
63453  -40.215  -11.258  40.180 0.0000000000
63467  -40.559  -11.205  39.352 0.0000000000
63500  -39.923  -10.707  37.401 0.0000000000
63563  -38.135  -11.035  34.427 0.0000000000
63564  -38.740  -10.769  34.916 0.0000000000
64826  -38.375  -10.353  33.928 0.0000000000
64850  -38.513  -9.910  33.444 0.0000000000
66120  -39.025  -9.363  33.458 0.0000000000
67418  -39.065  -8.607  32.744 0.0000000000
66142  -38.606  -9.296  32.587 0.0000000000
56216  -16.831  -17.324  40.147 0.0000000000
57370  -17.214  -16.875  39.782 0.0000000000
58644  -19.805  -15.796  37.908 0.0000000000
57391  -19.327  -15.925  38.299 0.0000000000
59826  -20.714  -14.998  39.852 0.0000000000
59827  -21.643  -14.999  39.841 0.0000000000
59828  -22.112  -14.990  40.052 0.0000000000
58574  -22.366  -15.022  40.195 0.0000000000
61045  -32.497  -13.820  37.514 0.0000000000
61029  -32.134  -13.549  38.542 0.0000000000
61016  -32.293  -13.425  39.493 0.0000000000
61003  -32.777  -13.372  39.913 0.0000000000
62218  -33.275  -13.217  40.548 0.0000000000
62241  -37.395  -12.788  39.382 0.0000000000
63451  -38.698  -12.281  40.606 0.0000000000
63442  -39.134  -11.552  41.424 0.0000000000
55036  -16.442  -18.133  39.688 0.0000000000
70981  -43.865  -5.046  33.268 0.0000000000
72251  -44.891  -4.702  33.146 0.0000000000
72250  -44.252  -4.991  32.924 0.0000000000
72267  -44.855  -4.959  32.289 0.0000000000
72283  -45.424  -4.823  31.701 0.0000000000
69728  -45.223  -6.259  29.258 0.0000000000
71056  -45.395  -5.776  29.882 0.0000000000
69730  -46.741  -6.562  29.927 0.0000000000
69731  -47.210  -6.437  30.263 0.0000000000
68607  -48.133  -6.686  30.452 0.0000000000
68626  -47.521  -6.878  29.973 0.0000000000
68627  -48.595  -7.020  29.847 0.0000000000
82059  -46.452  3.012  22.345 0.0000000000
80824  -46.556  2.838  22.897 0.0000000000
82060  -46.739  3.218  22.782 0.0000000000
83276  -47.084  3.530  23.173 0.0000000000
84446  -49.382  5.661  26.240 0.0000000000
85677  -57.939  6.611  19.566 0.0000000000
80915  -43.719  1.905  18.438 0.0000000000
80917  -45.397  2.532  18.526 0.0000000000
83348  -47.704  3.614  18.227 0.0000000000
82119  -48.075  3.633  19.308 0.0000000000
83349  -48.298  3.799  18.550 0.0000000000
83350  -49.347  4.721  18.195 0.0000000000
83364  -49.228  5.108  17.390 0.0000000000
84566  -48.911  5.261  16.809 0.0000000000
46734  -6.143  -25.729  47.575 0.0000000000
50211  -11.742  -22.094  51.042 0.0000000000
50210  -10.740  -22.645  50.781 0.0000000000
50203  -9.692  -22.711  51.542 0.0000000000
50170  -7.875  -23.212  53.322 0.0000000000
49018  -6.711  -23.452  53.485 0.0000000000
49027  -5.897  -23.403  52.315 0.0000000000
49034  -5.523  -23.660  51.393 0.0000000000
49016  -4.939  -23.804  52.546 0.0000000000
50175  -4.432  -23.900  52.224 0.0000000000
47843  -4.565  -24.392  52.720 0.0000000000
46693  -4.219  -24.943  52.769 0.0000000000
46704  -5.158  -25.451  52.727 0.0000000000
45559  -5.516  -25.909  52.468 0.0000000000
66020  -41.600  -8.967  38.196 0.0000000000
67324  -41.609  -8.022  37.973 0.0000000000
69611  -40.267  -5.755  36.158 0.0000000000
72200  -40.200  -5.043  35.852 0.0000000000
72202  -41.075  -4.525  37.015 0.0000000000
73442  -40.773  -4.478  36.162 0.0000000000
73457  -41.639  -4.307  35.489 0.0000000000
72218  -42.335  -4.587  34.861 0.0000000000
73475  -41.553  -4.650  34.638 0.0000000000
72232  -41.189  -4.824  33.951 0.0000000000
72247  -40.868  -4.991  33.169 0.0000000000
72306  -38.513  -4.861  29.908 0.0000000000
69748  -39.914  -6.293  27.891 0.0000000000
69777  -38.732  -6.539  26.838 0.0000000000
59760  -17.669  -14.852  42.807 0.0000000000
59738  -17.407  -14.690  43.686 0.0000000000
62153  -18.213  -13.107  44.597 0.0000000000
62118  -20.363  -12.033  46.333 0.0000000000
58684  -24.609  -15.909  35.355 0.0000000000
58670  -25.174  -15.965  36.311 0.0000000000
58649  -24.612  -16.295  37.094 0.0000000000
58627  -24.369  -16.179  37.983 0.0000000000
58556  -25.880  -15.603  41.513 0.0000000000
63544  -27.518  -12.462  35.615 0.0000000000
63523  -27.263  -12.408  36.285 0.0000000000
62195  -28.346  -12.658  41.443 0.0000000000
62212  -27.776  -12.886  40.627 0.0000000000
60975  -27.275  -13.662  42.433 0.0000000000
60932  -26.725  -13.964  43.897 0.0000000000
62157  -26.720  -13.891  44.929 0.0000000000
62140  -26.782  -13.587  45.451 0.0000000000
62122  -27.300  -12.716  46.543 0.0000000000
52651  -14.599  -20.533  42.398 0.0000000000
51518  -14.023  -21.165  42.164 0.0000000000
51504  -14.131  -21.024  43.153 0.0000000000
51503  -13.350  -21.599  42.922 0.0000000000
50276  -12.526  -22.367  43.264 0.0000000000
50277  -13.170  -21.937  43.596 0.0000000000
53725  -15.446  -18.431  47.800 0.0000000000
53718  -15.059  -19.115  48.600 0.0000000000
71187  -41.578  -5.414  22.332 0.0000000000
71176  -42.502  -5.742  23.117 0.0000000000
71177  -43.216  -5.081  23.329 0.0000000000
71166  -44.318  -5.373  24.283 0.0000000000
73575  -46.224  -3.468  25.792 0.0000000000
73574  -45.721  -3.525  25.430 0.0000000000
73558  -46.808  -3.594  26.187 0.0000000000
72327  -48.145  -4.770  26.759 0.0000000000
71105  -48.852  -5.582  27.502 0.0000000000
72329  -49.740  -4.313  27.468 0.0000000000
72330  -50.287  -4.242  27.745 0.0000000000
79588  -47.850  1.551  26.052 0.0000000000
79596  -47.403  1.145  25.474 0.0000000000
79589  -48.327  1.079  26.651 0.0000000000
78296  -49.097  0.355  28.057 0.0000000000
85686  -51.587  6.265  18.096 0.0000000000
85705  -53.404  6.689  17.511 0.0000000000
85708  -56.442  6.326  17.889 0.0000000000
84582  -57.287  5.945  16.735 0.0000000000
88943  -58.041  9.763  14.992 0.0000000000
87887  -57.947  9.061  15.150 0.0000000000
86806  -58.141  8.496  15.730 0.0000000000
86819  -58.080  7.513  15.901 0.0000000000
85749  -60.204  5.839  16.255 0.0000000000
85780  -58.984  5.942  13.865 0.0000000000
84616  -59.364  5.120  13.379 0.0000000000
62283  -38.705  -12.123  37.903 0.0000000000
63499  -38.988  -11.607  37.364 0.0000000000
62319  -38.062  -11.465  35.551 0.0000000000
62332  -37.758  -11.589  34.998 0.0000000000
63578  -37.687  -10.946  33.353 0.0000000000
57428  -19.494  -16.411  36.906 0.0000000000
58666  -20.863  -16.183  36.681 0.0000000000
61101  -31.136  -14.013  34.600 0.0000000000
61060  -32.927  -14.041  36.489 0.0000000000
61046  -33.571  -13.991  37.489 0.0000000000
61019  -34.721  -13.460  39.042 0.0000000000
62258  -36.789  -12.784  38.412 0.0000000000
72308  -43.298  -5.498  30.040 0.0000000000
71054  -43.529  -5.578  29.565 0.0000000000
71076  -43.883  -6.066  29.092 0.0000000000
69750  -42.967  -6.432  28.166 0.0000000000
69752  -44.685  -6.539  28.640 0.0000000000
83299  -48.228  4.557  22.290 0.0000000000
84498  -49.983  5.262  23.035 0.0000000000
84484  -50.262  5.455  24.060 0.0000000000
85589  -50.391  5.931  25.177 0.0000000000
85574  -51.111  6.620  26.340 0.0000000000
85641  -54.971  7.097  22.236 0.0000000000
86769  -55.996  7.463  20.930 0.0000000000
86782  -55.707  7.345  20.098 0.0000000000
49088  -8.881  -23.911  44.393 0.0000000000
47885  -8.184  -24.532  47.148 0.0000000000
47877  -8.005  -24.455  48.058 0.0000000000
68538  -40.466  -7.742  35.206 0.0000000000
68522  -40.587  -7.589  35.748 0.0000000000
69648  -40.570  -7.134  35.146 0.0000000000
69647  -39.992  -6.365  34.738 0.0000000000
70979  -39.543  -5.967  34.590 0.0000000000
72230  -39.343  -5.212  33.762 0.0000000000
72229  -38.795  -4.496  33.542 0.0000000000
73489  -38.894  -4.270  33.444 0.0000000000
73503  -39.300  -4.432  32.901 0.0000000000
73502  -38.550  -4.104  32.921 0.0000000000
72293  -38.231  -4.784  30.670 0.0000000000
60970  -19.524  -13.443  42.811 0.0000000000
62156  -20.242  -12.309  44.998 0.0000000000
60905  -21.317  -12.884  45.150 0.0000000000
62138  -20.728  -12.397  45.583 0.0000000000
62082  -22.627  -12.815  48.128 0.0000000000
58717  -25.206  -15.090  34.122 0.0000000000
58701  -25.447  -14.886  34.695 0.0000000000
58671  -26.181  -15.156  36.818 0.0000000000
62234  -29.216  -12.532  39.564 0.0000000000
62214  -29.174  -12.421  40.504 0.0000000000
62196  -29.158  -12.347  41.520 0.0000000000
62181  -28.837  -12.407  42.124 0.0000000000
63403  -28.617  -12.487  43.175 0.0000000000
63388  -28.510  -12.399  44.131 0.0000000000
63378  -30.095  -11.037  45.445 0.0000000000
64627  -29.788  -11.062  46.262 0.0000000000
53790  -15.133  -19.923  42.627 0.0000000000
52614  -14.587  -20.483  45.000 0.0000000000
53736  -15.267  -19.395  46.345 0.0000000000
53737  -15.507  -18.644  46.744 0.0000000000
73626  -42.880  -3.327  22.634 0.0000000000
73610  -43.261  -3.398  23.118 0.0000000000
74729  -44.185  -3.116  23.783 0.0000000000
74730  -44.619  -2.872  24.162 0.0000000000
75841  -45.028  -1.862  23.723 0.0000000000
74707  -45.310  -2.756  24.942 0.0000000000
74708  -46.214  -2.623  25.723 0.0000000000
85740  -50.984  6.418  15.466 0.0000000000
85741  -51.990  6.543  15.447 0.0000000000
85742  -52.987  6.662  15.541 0.0000000000
88933  -59.159  9.544  16.033 0.0000000000
87889  -59.362  8.922  15.800 0.0000000000
88945  -59.286  9.538  15.692 0.0000000000
87900  -59.461  8.647  14.888 0.0000000000
86835  -59.125  8.032  14.429 0.0000000000
88963  -59.323  9.480  14.190 0.0000000000
50240  -11.541  -23.048  46.781 0.0000000000
50232  -11.600  -22.955  47.699 0.0000000000
50227  -12.220  -22.360  49.235 0.0000000000
51433  -12.027  -21.778  51.739 0.0000000000
64723  -41.676  -9.699  39.443 0.0000000000
64740  -41.700  -9.439  38.822 0.0000000000
66038  -41.075  -8.996  37.040 0.0000000000
66056  -40.498  -9.126  36.084 0.0000000000
63527  -39.711  -10.408  36.751 0.0000000000
63547  -39.086  -10.583  35.394 0.0000000000
64782  -39.412  -10.396  35.836 0.0000000000
64783  -40.021  -10.086  36.152 0.0000000000
67368  -40.443  -8.350  35.569 0.0000000000
67386  -40.056  -8.435  34.461 0.0000000000
68554  -39.901  -7.688  33.799 0.0000000000
68571  -39.569  -7.809  33.210 0.0000000000
68570  -39.131  -7.517  32.448 0.0000000000
69713  -37.133  -6.440  30.566 0.0000000000
57340  -17.310  -16.360  41.183 0.0000000000
57341  -17.525  -15.783  41.469 0.0000000000
58552  -17.699  -15.355  41.894 0.0000000000
59781  -18.117  -14.907  41.859 0.0000000000
59782  -18.696  -14.423  41.802 0.0000000000
57389  -18.170  -16.797  38.488 0.0000000000
57372  -18.604  -15.872  39.406 0.0000000000
58621  -18.992  -15.621  39.316 0.0000000000
58597  -18.675  -15.429  40.046 0.0000000000
59783  -19.438  -14.253  41.487 0.0000000000
60986  -19.935  -13.751  42.064 0.0000000000
60987  -20.719  -13.771  42.019 0.0000000000
60972  -21.263  -13.642  42.660 0.0000000000
60989  -21.724  -14.104  42.052 0.0000000000
59739  -22.438  -14.110  43.162 0.0000000000
59740  -22.900  -14.323  43.402 0.0000000000
58518  -23.457  -14.716  43.913 0.0000000000
62328  -27.558  -12.920  34.335 0.0000000000
63524  -27.800  -12.671  36.292 0.0000000000
61077  -29.802  -13.932  35.659 0.0000000000
61057  -29.902  -13.551  36.553 0.0000000000
61042  -29.771  -13.421  37.043 0.0000000000
62277  -29.560  -13.245  37.641 0.0000000000
62216  -31.042  -12.712  40.506 0.0000000000
62217  -32.157  -13.149  40.256 0.0000000000
63410  -34.921  -11.468  43.724 0.0000000000
62186  -34.633  -12.472  42.168 0.0000000000
63426  -35.257  -11.993  42.904 0.0000000000
63411  -35.726  -11.501  43.471 0.0000000000
64673  -37.033  -11.127  43.197 0.0000000000
62204  -36.742  -12.398  41.150 0.0000000000
62222  -37.157  -12.580  40.435 0.0000000000
53848  -15.218  -19.688  38.877 0.0000000000
53833  -15.193  -19.398  39.964 0.0000000000
55035  -15.806  -18.730  40.341 0.0000000000
73461  -45.643  -3.371  35.643 0.0000000000
72237  -45.817  -4.273  33.822 0.0000000000
73478  -47.153  -3.571  34.611 0.0000000000
73494  -47.752  -3.537  33.844 0.0000000000
73523  -46.032  -4.550  31.412 0.0000000000
71038  -45.713  -5.407  30.576 0.0000000000
72299  -46.081  -4.893  31.114 0.0000000000
72284  -46.510  -4.471  31.552 0.0000000000
72286  -48.099  -4.509  31.897 0.0000000000
69717  -48.943  -6.515  31.258 0.0000000000
79620  -44.913  1.403  22.369 0.0000000000
79610  -45.250  1.040  23.000 0.0000000000
79621  -45.423  1.511  22.878 0.0000000000
80797  -46.394  1.807  24.106 0.0000000000
80809  -46.514  2.553  23.527 0.0000000000
80798  -46.743  2.040  24.416 0.0000000000
80790  -46.982  1.931  24.956 0.0000000000
80791  -47.376  2.145  25.323 0.0000000000
81979  -48.999  3.097  27.526 0.0000000000
83243  -48.145  4.501  25.493 0.0000000000
83242  -47.855  3.929  25.545 0.0000000000
46714  -2.733  -25.557  50.309 0.0000000000
69871  -39.517  -7.186  23.421 0.0000000000
69886  -39.936  -6.431  22.408 0.0000000000
71186  -40.504  -5.814  22.005 0.0000000000
71207  -41.293  -4.889  21.828 0.0000000000
72386  -41.616  -4.635  21.938 0.0000000000
73624  -41.940  -4.024  21.673 0.0000000000
73635  -40.909  -3.969  20.564 0.0000000000
73636  -41.697  -3.495  20.952 0.0000000000
73637  -42.167  -3.441  21.492 0.0000000000
74767  -42.723  -2.965  21.893 0.0000000000
75895  -42.784  -1.478  21.046 0.0000000000
75896  -43.231  -1.402  21.505 0.0000000000
77099  -43.344  -0.729  21.307 0.0000000000
78374  -43.891  0.704  21.642 0.0000000000
78386  -43.305  0.650  20.567 0.0000000000
79634  -44.195  1.246  21.778 0.0000000000
80844  -44.551  1.944  21.338 0.0000000000
82081  -46.368  2.971  21.472 0.0000000000
82082  -46.895  3.431  21.395 0.0000000000
83329  -47.233  3.665  21.385 0.0000000000
82135  -45.203  2.691  17.827 0.0000000000
82116  -46.023  2.606  19.033 0.0000000000
83330  -47.706  3.861  20.971 0.0000000000
83319  -48.909  4.469  20.966 0.0000000000
83332  -49.009  4.374  20.215 0.0000000000
83320  -49.508  4.636  20.675 0.0000000000
84524  -50.443  4.883  20.884 0.0000000000
84526  -52.434  5.769  20.706 0.0000000000
84538  -51.439  5.421  20.030 0.0000000000
84547  -51.321  5.799  19.028 0.0000000000
84557  -50.995  6.013  18.481 0.0000000000
85702  -50.926  6.251  17.085 0.0000000000
85739  -49.911  6.129  15.540 0.0000000000
49071  -11.017  -23.343  47.452 0.0000000000
49070  -10.268  -23.638  47.216 0.0000000000
49055  -10.333  -23.334  49.095 0.0000000000
49060  -9.373  -24.081  47.976 0.0000000000
49059  -8.620  -24.324  48.222 0.0000000000
51421  -9.676  -21.977  53.061 0.0000000000
50202  -8.415  -23.005  51.869 0.0000000000
50190  -7.701  -23.043  52.587 0.0000000000
47871  -7.558  -24.485  48.769 0.0000000000
47870  -6.885  -24.694  48.969 0.0000000000
47869  -6.133  -24.854  49.393 0.0000000000
49043  -5.149  -24.165  50.756 0.0000000000
47863  -5.523  -24.648  50.085 0.0000000000
46713  -2.587  -25.707  50.752 0.0000000000
45564  -2.600  -26.291  51.099 0.0000000000
45565  -3.205  -26.823  51.313 0.0000000000
45557  -4.302  -26.307  52.252 0.0000000000
44402  -4.130  -26.929  52.122 0.0000000000
68507  -40.915  -7.295  36.395 0.0000000000
69613  -41.243  -6.896  36.934 0.0000000000
69602  -41.472  -6.207  37.557 0.0000000000
69601  -41.124  -5.716  37.126 0.0000000000
70913  -41.874  -5.054  39.104 0.0000000000
73404  -42.486  -3.674  39.261 0.0000000000
73416  -42.437  -3.338  38.240 0.0000000000
73428  -41.859  -3.818  37.651 0.0000000000
74563  -43.003  -2.759  37.877 0.0000000000
74576  -43.623  -2.782  37.252 0.0000000000
73446  -44.191  -3.361  36.282 0.0000000000
72234  -42.952  -5.083  34.189 0.0000000000
70980  -43.401  -5.195  33.409 0.0000000000
70994  -43.193  -5.376  32.799 0.0000000000
71020  -42.538  -5.551  31.431 0.0000000000
72263  -40.629  -5.097  32.259 0.0000000000
71017  -40.215  -5.324  30.975 0.0000000000
71005  -41.316  -5.386  31.882 0.0000000000
71035  -42.518  -5.602  30.575 0.0000000000
71102  -41.346  -6.160  27.921 0.0000000000
69749  -40.372  -6.230  28.002 0.0000000000
71046  -35.260  -5.836  29.161 0.0000000000
71068  -35.775  -5.466  28.864 0.0000000000
71097  -35.913  -5.446  27.836 0.0000000000
71126  -35.144  -5.587  27.012 0.0000000000
71128  -37.021  -6.095  26.406 0.0000000000
71149  -36.705  -6.263  25.997 0.0000000000
69801  -37.507  -6.516  26.005 0.0000000000
69829  -37.758  -7.094  25.420 0.0000000000
69868  -36.674  -7.454  23.276 0.0000000000
69851  -38.288  -7.453  24.347 0.0000000000
68685  -38.503  -7.488  24.186 0.0000000000
68694  -38.945  -7.451  23.846 0.0000000000
57297  -16.466  -16.113  44.120 0.0000000000
58491  -16.496  -15.700  44.745 0.0000000000
60946  -17.302  -14.356  44.192 0.0000000000
62168  -18.954  -12.723  44.086 0.0000000000
58681  -21.249  -16.332  35.472 0.0000000000
58575  -22.957  -15.164  40.563 0.0000000000
58538  -23.817  -15.070  42.447 0.0000000000
58519  -23.880  -15.042  43.452 0.0000000000
58498  -24.364  -15.214  44.487 0.0000000000
62327  -25.425  -12.611  34.515 0.0000000000
63542  -26.249  -12.255  35.141 0.0000000000
62314  -25.848  -12.412  35.292 0.0000000000
61075  -25.572  -12.837  35.552 0.0000000000
61056  -26.224  -13.594  36.862 0.0000000000
59857  -26.310  -14.074  37.136 0.0000000000
58651  -26.469  -14.728  37.943 0.0000000000
61015  -27.468  -13.096  40.094 0.0000000000
62231  -26.916  -12.997  39.031 0.0000000000
59839  -26.597  -14.109  38.757 0.0000000000
58629  -26.653  -14.986  38.807 0.0000000000
58605  -26.529  -15.212  39.677 0.0000000000
58578  -26.253  -15.450  40.563 0.0000000000
60974  -26.872  -14.385  42.500 0.0000000000
59766  -26.241  -15.123  42.627 0.0000000000
59765  -25.475  -15.404  43.209 0.0000000000
58499  -25.041  -15.353  44.510 0.0000000000
59695  -24.431  -14.928  45.429 0.0000000000
59656  -24.758  -14.432  46.793 0.0000000000
60858  -24.813  -14.265  47.250 0.0000000000
60884  -26.260  -14.033  46.260 0.0000000000
60859  -25.779  -13.889  47.328 0.0000000000
60834  -25.134  -14.008  48.057 0.0000000000
63375  -27.763  -12.428  45.991 0.0000000000
50260  -11.443  -23.020  45.194 0.0000000000
51532  -13.243  -21.494  40.949 0.0000000000
71164  -42.856  -6.337  23.795 0.0000000000
69856  -43.282  -6.560  24.470 0.0000000000
69809  -45.231  -6.711  26.518 0.0000000000
72358  -44.988  -4.964  24.817 0.0000000000
71152  -46.128  -5.007  25.718 0.0000000000
69811  -46.701  -6.330  26.822 0.0000000000
69755  -47.887  -6.812  28.328 0.0000000000
69732  -49.174  -6.824  29.050 0.0000000000
69757  -49.531  -6.333  28.499 0.0000000000
78351  -45.535  0.503  23.259 0.0000000000
78343  -45.901  0.444  24.031 0.0000000000
77055  -46.588  -0.674  25.232 0.0000000000
78337  -47.330  0.566  25.540 0.0000000000
77056  -47.190  0.040  25.613 0.0000000000
77040  -46.741  -1.199  25.870 0.0000000000
75801  -47.422  -1.668  26.782 0.0000000000
75779  -47.959  -1.989  27.290 0.0000000000
74679  -48.879  -2.441  27.675 0.0000000000
74680  -49.736  -2.973  27.655 0.0000000000
85663  -52.871  6.221  20.249 0.0000000000
85675  -54.383  6.869  19.812 0.0000000000
85676  -57.057  7.006  19.449 0.0000000000
85692  -57.579  6.070  18.900 0.0000000000
85678  -58.769  6.174  19.704 0.0000000000
85694  -59.456  5.632  18.881 0.0000000000
85765  -55.738  6.731  14.884 0.0000000000
84583  -57.877  5.896  16.791 0.0000000000
84584  -58.368  5.957  16.982 0.0000000000
84571  -58.619  5.905  17.378 0.0000000000
45555  -2.903  -26.228  51.663 0.0000000000
45556  -3.570  -26.464  51.957 0.0000000000
45571  -2.532  -26.524  50.303 0.0000000000
46695  -5.601  -24.836  53.089 0.0000000000
46703  -4.501  -25.508  52.624 0.0000000000
46709  -2.808  -25.724  51.499 0.0000000000
46710  -3.239  -25.536  51.809 0.0000000000
47852  -4.143  -24.642  52.347 0.0000000000
47856  -3.164  -25.410  51.558 0.0000000000
49015  -4.325  -24.075  52.422 0.0000000000
49028  -6.502  -23.334  52.143 0.0000000000
49041  -3.937  -24.639  50.945 0.0000000000
49042  -4.387  -24.354  50.907 0.0000000000
50169  -7.449  -23.241  53.318 0.0000000000
50174  -4.336  -23.819  52.278 0.0000000000
50176  -6.510  -23.321  52.944 0.0000000000
50178  -7.866  -22.911  53.080 0.0000000000
50186  -4.422  -23.911  52.187 0.0000000000
50187  -4.495  -23.798  52.083 0.0000000000
50188  -6.279  -23.358  52.812 0.0000000000
50193  -10.718  -22.000  52.569 0.0000000000
50198  -4.299  -24.026  51.964 0.0000000000
50200  -6.803  -23.325  52.078 0.0000000000
50205  -11.616  -21.957  51.753 0.0000000000
50216  -9.876  -23.161  49.951 0.0000000000
50217  -10.514  -23.083  49.677 0.0000000000
50274  -10.710  -23.274  43.671 0.0000000000
57326  -17.485  -15.719  41.932 0.0000000000
57376  -25.782  -15.770  38.952 0.0000000000
57393  -25.727  -15.826  38.499 0.0000000000
57408  -25.043  -16.309  37.699 0.0000000000
58476  -24.887  -15.294  44.990 0.0000000000
58477  -25.201  -15.250  44.905 0.0000000000
58497  -23.747  -14.936  44.262 0.0000000000
58553  -23.206  -15.066  41.135 0.0000000000
58600  -21.726  -15.215  39.392 0.0000000000
58672  -26.400  -14.482  37.435 0.0000000000
59655  -24.449  -14.396  46.798 0.0000000000
59676  -25.719  -14.531  45.960 0.0000000000
59742  -25.484  -15.249  44.105 0.0000000000
59788  -23.347  -14.989  41.603 0.0000000000
59809  -22.735  -14.875  40.826 0.0000000000
60835  -25.614  -13.713  47.950 0.0000000000
60882  -25.002  -14.450  46.778 0.0000000000
60925  -17.513  -13.765  44.619 0.0000000000
60948  -18.271  -13.495  43.598 0.0000000000
60953  -22.510  -13.978  43.677 0.0000000000
60973  -21.792  -14.001  42.414 0.0000000000
60988  -21.433  -13.969  42.038 0.0000000000
62237  -31.750  -13.331  39.419 0.0000000000
62256  -31.879  -13.407  39.036 0.0000000000
62273  -26.303  -12.820  36.694 0.0000000000
62298  -26.441  -12.548  36.398 0.0000000000
63419  -28.901  -12.354  42.729 0.0000000000
63438  -30.747  -12.061  42.182 0.0000000000
63496  -26.620  -12.512  36.526 0.0000000000
63521  -26.176  -12.350  35.656 0.0000000000
63522  -26.548  -12.316  35.943 0.0000000000
63545  -28.044  -12.841  35.941 0.0000000000
63558  -25.868  -12.256  34.434 0.0000000000
64821  -26.398  -12.216  34.409 0.0000000000
66075  -40.321  -8.949  35.441 0.0000000000
66121  -39.326  -9.096  33.796 0.0000000000
67367  -40.286  -8.617  35.072 0.0000000000
67387  -40.367  -8.141  34.958 0.0000000000
68508  -41.154  -7.531  36.970 0.0000000000
68641  -47.182  -7.003  29.500 0.0000000000
68686  -38.753  -7.477  24.163 0.0000000000
68693  -38.604  -7.492  23.957 0.0000000000
69646  -39.420  -6.008  34.284 0.0000000000
69715  -47.602  -6.184  30.638 0.0000000000
69780  -41.584  -6.637  27.245 0.0000000000
69810  -45.989  -6.496  26.795 0.0000000000
70924  -41.000  -5.018  37.793 0.0000000000
70934  -41.165  -5.457  37.543 0.0000000000
70947  -40.065  -5.437  35.925 0.0000000000
70978  -39.254  -5.671  33.897 0.0000000000
70995  -43.744  -5.202  32.785 0.0000000000
71018  -40.941  -5.306  31.228 0.0000000000
71022  -47.791  -4.993  31.389 0.0000000000
71077  -49.201  -5.984  28.086 0.0000000000
71175  -41.882  -5.954  22.835 0.0000000000
72201  -40.563  -4.799  36.391 0.0000000000
72217  -40.323  -4.865  35.748 0.0000000000
72221  -44.877  -4.153  34.959 0.0000000000
72231  -39.705  -5.641  34.461 0.0000000000
72245  -38.837  -5.010  33.537 0.0000000000
72268  -45.488  -4.608  32.394 0.0000000000
72295  -43.098  -5.555  30.440 0.0000000000
72296  -43.573  -5.340  30.690 0.0000000000
72307  -42.902  -5.588  30.122 0.0000000000
73471  -38.741  -4.217  33.634 0.0000000000
73472  -39.508  -4.875  33.727 0.0000000000
73479  -48.054  -3.262  34.887 0.0000000000
73490  -39.680  -4.690  33.505 0.0000000000
73501  -38.010  -4.106  32.934 0.0000000000
73512  -38.125  -4.575  32.583 0.0000000000
73514  -45.895  -4.465  31.788 0.0000000000
73520  -37.107  -5.302  30.108 0.0000000000
73522  -45.813  -4.720  31.406 0.0000000000
73527  -36.877  -5.399  29.783 0.0000000000
73535  -36.686  -5.459  29.542 0.0000000000
73536  -36.929  -5.309  29.461 0.0000000000
73625  -42.523  -3.439  22.082 0.0000000000
74587  -43.884  -3.020  36.693 0.0000000000
77082  -43.762  -0.673  21.924 0.0000000000
78312  -48.522  0.446  27.170 0.0000000000
79604  -46.658  1.270  24.634 0.0000000000
80871  -44.996  2.372  19.979 0.0000000000
82042  -47.084  3.371  23.846 0.0000000000
82161  -47.057  3.377  18.020 0.0000000000
83296  -46.751  3.346  22.391 0.0000000000
83339  -47.877  3.833  20.322 0.0000000000
84522  -48.875  4.590  21.428 0.0000000000
84523  -49.398  4.688  21.326 0.0000000000
87912  -59.379  8.902  14.326 0.0000000000
88932  -58.915  9.777  16.128 0.0000000000
89972  -59.202  9.753  15.832 0.0000000000
89983  -59.193  9.924  15.529 0.0000000000
