#!ascii label  , from subject sub001 vox2ras=TkReg
1696
101525  -42.256  20.421  7.137 0.0000000000
98210  -53.810  16.306  -3.748 0.0000000000
111398  -49.366  30.390  13.151 0.0000000000
92426  -49.466  12.262  2.615 0.0000000000
96935  -48.313  16.495  11.888 0.0000000000
105688  -50.737  24.430  2.576 0.0000000000
110645  -41.996  29.812  2.448 0.0000000000
117322  -44.165  37.052  -2.680 0.0000000000
96884  -41.056  17.039  14.741 0.0000000000
95871  -46.152  15.484  5.133 0.0000000000
99280  -49.133  18.393  2.597 0.0000000000
102606  -45.926  21.082  4.434 0.0000000000
115379  -48.579  35.794  11.999 0.0000000000
112267  -46.227  31.130  9.183 0.0000000000
114616  -45.370  34.931  4.764 0.0000000000
114701  -44.805  35.239  -2.716 0.0000000000
117314  -51.149  37.017  -2.165 0.0000000000
102666  -52.948  21.723  -1.932 0.0000000000
106691  -40.245  25.426  9.457 0.0000000000
107740  -44.837  26.130  9.041 0.0000000000
92387  -52.477  13.028  5.841 0.0000000000
92346  -49.236  12.244  8.699 0.0000000000
93541  -44.347  13.528  8.805 0.0000000000
96913  -43.005  16.773  12.229 0.0000000000
101587  -53.366  20.445  0.868 0.0000000000
107802  -53.630  26.525  0.421 0.0000000000
107750  -50.345  26.254  7.625 0.0000000000
109726  -49.305  28.051  4.593 0.0000000000
110686  -48.776  29.648  -2.454 0.0000000000
110711  -41.802  29.566  -3.631 0.0000000000
114729  -42.082  34.168  -6.803 0.0000000000
99245  -44.321  17.970  6.403 0.0000000000
100414  -46.238  18.901  5.055 0.0000000000
102586  -44.168  21.253  6.109 0.0000000000
116349  -50.295  36.269  8.526 0.0000000000
115419  -46.566  35.528  8.296 0.0000000000
115447  -48.932  35.788  4.826 0.0000000000
115481  -49.074  35.319  0.696 0.0000000000
100505  -54.240  19.440  -2.629 0.0000000000
108734  -38.998  27.612  8.707 0.0000000000
109686  -41.416  28.439  8.598 0.0000000000
93519  -49.239  13.862  10.247 0.0000000000
92332  -46.708  12.829  8.791 0.0000000000
94683  -46.109  14.407  10.582 0.0000000000
99160  -41.326  18.509  13.546 0.0000000000
98065  -37.173  17.097  10.138 0.0000000000
101510  -37.134  20.487  9.537 0.0000000000
100372  -35.849  19.524  9.912 0.0000000000
93626  -51.167  13.392  0.294 0.0000000000
101576  -49.363  20.402  2.129 0.0000000000
100453  -51.399  19.490  1.564 0.0000000000
103687  -51.718  22.367  1.294 0.0000000000
104698  -54.232  23.008  0.994 0.0000000000
105690  -52.787  24.697  2.138 0.0000000000
109661  -47.534  28.453  11.048 0.0000000000
106704  -47.153  25.941  7.961 0.0000000000
109664  -50.275  28.426  10.838 0.0000000000
111494  -43.439  30.383  6.198 0.0000000000
110612  -46.490  29.248  6.604 0.0000000000
109737  -45.579  28.137  3.494 0.0000000000
109760  -48.019  27.946  0.998 0.0000000000
109782  -44.660  28.602  -0.024 0.0000000000
110699  -44.517  29.047  -3.221 0.0000000000
110668  -41.932  29.842  -0.758 0.0000000000
117384  -47.217  36.691  -6.191 0.0000000000
114732  -44.350  34.762  -6.785 0.0000000000
117380  -43.635  36.913  -7.039 0.0000000000
116490  -40.635  36.735  -5.468 0.0000000000
118163  -41.297  38.880  -3.783 0.0000000000
93601  -48.087  13.611  3.873 0.0000000000
94785  -49.527  14.552  1.893 0.0000000000
97012  -47.805  16.505  3.843 0.0000000000
100433  -47.332  19.659  3.663 0.0000000000
103669  -48.024  22.971  3.058 0.0000000000
113755  -50.195  33.449  14.967 0.0000000000
112216  -49.292  31.511  11.993 0.0000000000
114581  -46.227  34.087  11.377 0.0000000000
114600  -44.133  33.949  8.371 0.0000000000
113809  -42.491  32.902  4.594 0.0000000000
113855  -42.362  33.439  0.475 0.0000000000
114661  -45.685  34.496  0.930 0.0000000000
115548  -49.133  35.683  -3.703 0.0000000000
116459  -47.193  36.886  -2.715 0.0000000000
104715  -51.711  24.066  -0.938 0.0000000000
104635  -41.103  23.388  7.635 0.0000000000
105631  -43.392  23.950  6.703 0.0000000000
106693  -42.218  25.745  9.319 0.0000000000
109675  -44.714  28.311  9.819 0.0000000000
112214  -46.544  31.169  12.118 0.0000000000
112945  -43.721  33.202  13.399 0.0000000000
112935  -47.057  32.824  15.060 0.0000000000
91225  -51.648  11.207  4.565 0.0000000000
91174  -51.260  12.511  7.329 0.0000000000
91206  -49.228  11.189  5.494 0.0000000000
92370  -47.274  12.435  6.222 0.0000000000
94738  -45.073  14.254  6.423 0.0000000000
99189  -47.581  19.003  12.623 0.0000000000
99151  -44.942  19.140  14.417 0.0000000000
100343  -44.751  19.887  12.840 0.0000000000
96932  -45.544  16.452  11.835 0.0000000000
94680  -43.291  14.258  10.711 0.0000000000
100390  -41.061  19.479  7.710 0.0000000000
95950  -54.607  15.750  -2.914 0.0000000000
97030  -50.807  16.477  1.300 0.0000000000
98158  -53.375  17.881  0.131 0.0000000000
99312  -54.987  18.708  -1.148 0.0000000000
102655  -55.163  21.409  -1.191 0.0000000000
105729  -54.272  24.119  -1.161 0.0000000000
107841  -52.838  26.480  -1.567 0.0000000000
104641  -45.243  23.925  6.006 0.0000000000
105636  -47.614  24.797  5.868 0.0000000000
106730  -50.761  25.473  5.353 0.0000000000
110583  -50.465  29.613  9.591 0.0000000000
109696  -51.462  28.004  7.029 0.0000000000
107766  -52.500  26.648  4.906 0.0000000000
108800  -51.443  27.450  1.630 0.0000000000
109789  -51.067  28.901  -0.784 0.0000000000
109818  -50.665  28.808  -3.304 0.0000000000
113876  -41.905  33.101  -2.868 0.0000000000
112352  -42.263  31.321  -6.700 0.0000000000
112350  -40.326  31.383  -5.777 0.0000000000
113880  -40.681  33.386  -3.914 0.0000000000
115530  -38.542  35.896  -2.503 0.0000000000
100393  -43.257  18.966  6.909 0.0000000000
100405  -44.739  19.066  6.013 0.0000000000
101534  -43.725  20.360  6.472 0.0000000000
115434  -49.380  35.992  6.313 0.0000000000
115473  -50.806  35.811  2.540 0.0000000000
99349  -53.693  17.645  -3.337 0.0000000000
95812  -49.369  15.181  10.879 0.0000000000
94685  -48.101  14.485  10.636 0.0000000000
95810  -47.789  15.129  10.981 0.0000000000
96941  -37.133  16.769  10.810 0.0000000000
99217  -36.664  18.522  9.738 0.0000000000
91269  -50.671  11.690  2.081 0.0000000000
92450  -50.410  12.803  1.347 0.0000000000
103678  -49.614  22.391  1.957 0.0000000000
102634  -50.371  21.265  1.530 0.0000000000
104694  -50.554  23.064  1.692 0.0000000000
105702  -52.251  24.088  1.730 0.0000000000
105689  -51.734  24.602  2.391 0.0000000000
110551  -48.307  29.336  12.211 0.0000000000
109662  -48.440  28.217  11.111 0.0000000000
110552  -49.547  29.265  12.124 0.0000000000
110629  -42.775  29.791  4.614 0.0000000000
109722  -44.223  28.987  4.851 0.0000000000
109746  -43.764  28.574  2.845 0.0000000000
109757  -44.928  28.261  1.540 0.0000000000
110654  -43.307  28.727  1.767 0.0000000000
110670  -43.850  28.880  -0.267 0.0000000000
110652  -41.986  29.772  1.402 0.0000000000
117354  -46.363  37.408  -5.080 0.0000000000
117382  -45.631  36.776  -6.852 0.0000000000
117352  -44.116  37.719  -5.230 0.0000000000
118181  -42.261  38.186  -5.679 0.0000000000
117336  -43.294  37.596  -3.572 0.0000000000
94762  -47.344  14.544  4.531 0.0000000000
94771  -47.961  14.603  3.857 0.0000000000
97005  -46.724  16.446  4.553 0.0000000000
101546  -45.800  19.921  4.852 0.0000000000
100423  -46.982  19.257  4.189 0.0000000000
101555  -46.893  20.304  3.815 0.0000000000
102619  -47.478  21.256  2.960 0.0000000000
103667  -46.712  21.848  3.743 0.0000000000
114553  -48.474  34.538  13.914 0.0000000000
113770  -47.613  33.534  12.928 0.0000000000
114582  -46.924  34.739  11.724 0.0000000000
115438  -46.712  35.607  6.360 0.0000000000
114609  -45.155  34.959  7.923 0.0000000000
114612  -44.348  34.725  6.298 0.0000000000
113801  -42.985  33.460  5.490 0.0000000000
114618  -43.848  34.294  4.428 0.0000000000
113835  -43.991  33.979  2.366 0.0000000000
114631  -45.585  34.510  2.915 0.0000000000
115524  -50.975  35.884  -1.401 0.0000000000
115505  -48.702  35.429  -1.369 0.0000000000
116474  -50.341  36.405  -3.238 0.0000000000
117357  -49.140  36.932  -4.545 0.0000000000
117312  -49.511  37.388  -2.270 0.0000000000
103714  -52.644  22.592  -1.615 0.0000000000
105619  -40.662  24.317  8.556 0.0000000000
105620  -41.483  24.564  8.239 0.0000000000
106692  -41.212  25.538  9.305 0.0000000000
111466  -42.865  30.070  8.898 0.0000000000
109688  -43.149  28.940  9.074 0.0000000000
111448  -44.409  30.168  9.680 0.0000000000
111423  -45.662  30.264  10.520 0.0000000000
111406  -45.210  31.156  11.002 0.0000000000
113750  -43.175  33.764  13.617 0.0000000000
112947  -45.637  32.822  13.899 0.0000000000
114539  -45.795  34.474  14.633 0.0000000000
114522  -48.269  34.698  15.583 0.0000000000
116230  -46.950  36.603  14.419 0.0000000000
91226  -52.593  12.001  4.645 0.0000000000
91209  -52.416  12.433  5.297 0.0000000000
93545  -51.079  13.667  8.485 0.0000000000
91173  -50.730  12.011  7.609 0.0000000000
91187  -50.601  11.486  6.390 0.0000000000
91172  -49.769  11.527  7.298 0.0000000000
91185  -48.545  11.506  6.082 0.0000000000
91158  -47.974  11.819  7.569 0.0000000000
93542  -45.241  13.288  8.539 0.0000000000
92357  -45.907  13.126  7.668 0.0000000000
93555  -44.293  13.573  7.917 0.0000000000
98004  -43.166  17.922  14.518 0.0000000000
100341  -43.203  19.352  12.719 0.0000000000
98042  -43.286  17.984  12.314 0.0000000000
98044  -45.225  18.287  12.528 0.0000000000
96914  -43.986  17.102  12.358 0.0000000000
95797  -45.147  15.571  11.578 0.0000000000
95795  -43.146  15.665  11.753 0.0000000000
101518  -39.948  20.387  8.037 0.0000000000
101517  -39.240  20.394  8.451 0.0000000000
94835  -54.630  14.913  -2.944 0.0000000000
97020  -49.576  16.473  2.256 0.0000000000
97029  -50.149  16.127  1.719 0.0000000000
97021  -50.139  16.811  1.947 0.0000000000
100454  -52.231  19.514  1.369 0.0000000000
98150  -52.258  17.914  1.079 0.0000000000
99293  -53.273  18.909  0.750 0.0000000000
99310  -54.186  18.270  -0.457 0.0000000000
100464  -54.285  19.456  0.398 0.0000000000
101599  -55.175  20.267  -0.515 0.0000000000
101589  -54.724  20.663  0.324 0.0000000000
105705  -54.523  24.205  1.069 0.0000000000
104716  -54.916  23.465  -0.280 0.0000000000
106807  -54.440  25.012  -0.288 0.0000000000
106831  -53.527  25.350  -1.359 0.0000000000
107823  -53.722  26.666  -0.594 0.0000000000
106709  -43.783  25.253  7.850 0.0000000000
105632  -44.119  24.112  6.532 0.0000000000
106719  -45.020  25.162  6.964 0.0000000000
107749  -49.049  25.931  7.926 0.0000000000
106722  -47.555  25.163  6.590 0.0000000000
106715  -49.384  25.529  7.147 0.0000000000
106728  -48.990  24.955  5.721 0.0000000000
107754  -50.752  26.011  6.901 0.0000000000
112234  -47.778  31.449  10.853 0.0000000000
111427  -49.951  30.376  10.634 0.0000000000
111471  -48.141  30.299  9.246 0.0000000000
109709  -47.529  28.390  5.513 0.0000000000
109701  -48.483  28.704  6.717 0.0000000000
109711  -50.074  28.354  5.424 0.0000000000
108750  -52.535  27.125  5.729 0.0000000000
108760  -51.482  27.765  4.475 0.0000000000
108788  -52.624  27.040  3.252 0.0000000000
108771  -50.242  27.655  3.260 0.0000000000
109786  -48.358  28.747  -0.692 0.0000000000
109773  -49.646  28.507  0.026 0.0000000000
109802  -49.835  29.365  -1.541 0.0000000000
110706  -51.392  29.291  -2.311 0.0000000000
110718  -50.418  30.047  -4.014 0.0000000000
109831  -50.103  29.274  -4.520 0.0000000000
110716  -48.291  30.022  -4.376 0.0000000000
109814  -43.508  28.719  -3.468 0.0000000000
109828  -44.839  28.540  -4.921 0.0000000000
114688  -42.870  34.272  -0.854 0.0000000000
113870  -42.259  33.817  -1.858 0.0000000000
114710  -43.282  34.508  -2.881 0.0000000000
115597  -42.993  33.831  -8.922 0.0000000000
113894  -42.792  32.782  -7.213 0.0000000000
113113  -42.344  32.305  -7.316 0.0000000000
112357  -41.539  31.053  -7.275 0.0000000000
113892  -41.341  32.859  -6.184 0.0000000000
113098  -40.251  32.397  -4.830 0.0000000000
113887  -41.463  33.766  -5.669 0.0000000000
117348  -38.881  37.741  -4.697 0.0000000000
115542  -39.891  35.938  -3.678 0.0000000000
116468  -38.281  36.824  -3.592 0.0000000000
115515  -37.705  35.747  -1.967 0.0000000000
96996  -45.081  16.269  5.699 0.0000000000
98114  -45.820  17.187  5.200 0.0000000000
99246  -44.996  18.019  5.796 0.0000000000
101545  -45.064  20.033  5.447 0.0000000000
102597  -45.351  21.016  4.932 0.0000000000
115403  -47.390  35.596  10.047 0.0000000000
115411  -48.398  35.999  8.611 0.0000000000
115439  -47.731  35.641  6.079 0.0000000000
115452  -48.308  35.417  3.994 0.0000000000
115470  -47.794  34.766  2.138 0.0000000000
115459  -49.033  35.320  3.047 0.0000000000
115493  -50.935  35.839  0.449 0.0000000000
101626  -52.994  20.719  -2.246 0.0000000000
108717  -39.483  26.906  9.169 0.0000000000
108718  -40.437  26.950  9.268 0.0000000000
109685  -40.418  28.453  8.482 0.0000000000
92335  -49.460  12.954  9.212 0.0000000000
92345  -48.250  12.149  8.478 0.0000000000
93531  -48.091  13.303  9.611 0.0000000000
93530  -47.120  13.242  9.513 0.0000000000
93515  -45.613  13.784  10.051 0.0000000000
99148  -41.565  18.605  14.050 0.0000000000
98039  -40.515  17.499  12.918 0.0000000000
98073  -38.577  17.404  9.022 0.0000000000
100375  -38.034  19.449  9.125 0.0000000000
99218  -37.450  18.507  9.337 0.0000000000
100373  -36.538  19.578  9.639 0.0000000000
100444  -49.127  19.444  2.460 0.0000000000
99289  -50.345  18.838  1.837 0.0000000000
101577  -50.100  20.390  1.775 0.0000000000
101585  -51.755  20.430  1.434 0.0000000000
102636  -52.176  21.378  1.211 0.0000000000
102638  -53.728  21.332  0.675 0.0000000000
103688  -52.738  22.298  1.196 0.0000000000
105704  -53.922  23.956  1.554 0.0000000000
106771  -53.865  25.498  1.961 0.0000000000
108723  -46.105  27.333  9.979 0.0000000000
106703  -46.169  25.968  8.110 0.0000000000
108724  -47.173  27.323  9.963 0.0000000000
108726  -49.165  27.324  9.804 0.0000000000
108727  -49.979  27.279  9.395 0.0000000000
112270  -44.527  31.385  8.088 0.0000000000
111478  -46.145  30.415  8.197 0.0000000000
110611  -45.272  29.778  6.838 0.0000000000
109708  -46.268  28.799  5.708 0.0000000000
109724  -46.553  28.217  4.471 0.0000000000
108769  -48.247  27.624  3.131 0.0000000000
109749  -46.467  27.714  2.398 0.0000000000
109770  -46.770  28.281  0.272 0.0000000000
109799  -46.991  29.005  -1.467 0.0000000000
110701  -47.353  29.732  -3.399 0.0000000000
110683  -45.097  29.111  -1.618 0.0000000000
110682  -43.649  29.143  -1.625 0.0000000000
110680  -41.857  29.830  -1.808 0.0000000000
115557  -46.281  35.456  -5.394 0.0000000000
114718  -44.621  35.211  -5.105 0.0000000000
115579  -45.544  35.728  -7.102 0.0000000000
116516  -44.269  35.366  -7.935 0.0000000000
116501  -42.630  35.930  -7.286 0.0000000000
115566  -41.800  35.379  -6.261 0.0000000000
118187  -41.684  37.443  -6.262 0.0000000000
118180  -41.193  38.065  -5.907 0.0000000000
118936  -39.719  39.188  -4.491 0.0000000000
92425  -48.821  12.686  3.055 0.0000000000
93617  -49.357  13.625  2.118 0.0000000000
94778  -48.535  14.613  3.161 0.0000000000
95893  -48.697  15.544  2.951 0.0000000000
98130  -48.441  17.422  3.187 0.0000000000
98121  -46.816  17.334  4.434 0.0000000000
99264  -47.408  18.270  3.889 0.0000000000
99273  -48.505  18.343  3.005 0.0000000000
101566  -47.899  20.383  2.782 0.0000000000
103677  -48.392  22.418  2.624 0.0000000000
105686  -49.126  24.091  2.976 0.0000000000
112185  -50.698  31.661  14.223 0.0000000000
111388  -51.206  30.823  13.442 0.0000000000
112972  -49.216  32.650  13.506 0.0000000000
112990  -47.759  32.409  12.071 0.0000000000
112999  -45.936  32.654  10.778 0.0000000000
115402  -46.302  35.175  10.308 0.0000000000
114590  -44.892  34.051  9.387 0.0000000000
113016  -44.379  32.470  8.767 0.0000000000
113021  -43.032  32.212  6.927 0.0000000000
113026  -42.340  31.990  5.529 0.0000000000
113035  -41.748  31.746  3.866 0.0000000000
112309  -41.227  31.183  1.795 0.0000000000
113833  -42.540  33.133  2.621 0.0000000000
114659  -43.707  34.191  1.084 0.0000000000
114690  -45.154  35.119  -1.280 0.0000000000
114663  -47.572  34.834  0.513 0.0000000000
114702  -46.779  35.128  -1.297 0.0000000000
115534  -46.534  35.472  -3.198 0.0000000000
115571  -48.448  36.032  -5.235 0.0000000000
117355  -47.374  37.416  -5.021 0.0000000000
117324  -46.355  37.183  -3.354 0.0000000000
102578  -41.916  21.386  7.211 0.0000000000
102584  -42.686  21.367  6.837 0.0000000000
104636  -42.052  23.302  7.123 0.0000000000
105621  -42.465  24.830  7.897 0.0000000000
106695  -43.791  25.884  8.972 0.0000000000
108720  -42.584  27.389  9.284 0.0000000000
108721  -43.778  27.324  9.682 0.0000000000
108722  -45.009  27.387  9.960 0.0000000000
109659  -45.547  28.422  10.223 0.0000000000
110564  -47.163  29.274  11.345 0.0000000000
111396  -47.386  30.691  12.592 0.0000000000
112987  -43.967  32.360  12.220 0.0000000000
112196  -44.915  32.137  12.396 0.0000000000
112181  -46.269  32.204  13.449 0.0000000000
112183  -48.401  31.468  14.327 0.0000000000
112930  -49.898  33.383  16.072 0.0000000000
114524  -49.573  34.832  15.606 0.0000000000
115365  -49.614  36.099  13.948 0.0000000000
91244  -52.087  11.192  3.714 0.0000000000
91243  -50.916  10.866  3.756 0.0000000000
93568  -51.868  14.075  6.855 0.0000000000
92372  -52.021  13.446  6.397 0.0000000000
91208  -51.648  11.804  5.608 0.0000000000
90073  -50.762  10.994  5.292 0.0000000000
91242  -49.856  11.228  3.798 0.0000000000
91222  -48.460  12.107  4.296 0.0000000000
92396  -47.637  12.818  5.080 0.0000000000
93583  -46.838  13.563  5.497 0.0000000000
92359  -47.198  12.330  7.047 0.0000000000
93567  -45.913  13.333  6.685 0.0000000000
94752  -45.421  14.502  5.925 0.0000000000
96987  -44.545  16.240  6.121 0.0000000000
101454  -46.125  20.504  14.149 0.0000000000
99149  -42.820  18.934  13.951 0.0000000000
100322  -44.252  19.980  13.289 0.0000000000
101468  -46.065  20.535  13.559 0.0000000000
99188  -46.570  19.303  12.796 0.0000000000
96917  -46.857  17.407  12.061 0.0000000000
96934  -47.439  16.491  11.797 0.0000000000
95798  -46.085  15.625  11.488 0.0000000000
94682  -45.162  14.267  10.679 0.0000000000
93513  -43.753  13.875  10.175 0.0000000000
100391  -41.811  19.484  7.423 0.0000000000
102577  -41.138  21.373  7.531 0.0000000000
103618  -40.167  22.261  7.993 0.0000000000
104628  -39.220  23.375  8.900 0.0000000000
105613  -38.730  24.492  9.485 0.0000000000
92516  -55.039  13.523  -3.555 0.0000000000
94851  -54.631  14.629  -3.730 0.0000000000
95968  -54.622  16.037  -3.359 0.0000000000
94786  -50.054  14.514  1.285 0.0000000000
95908  -50.909  15.397  0.691 0.0000000000
98148  -50.981  17.535  1.616 0.0000000000
98156  -52.087  17.380  0.688 0.0000000000
97054  -52.616  16.594  -0.429 0.0000000000
97056  -54.034  17.276  -1.289 0.0000000000
97073  -54.891  17.363  -2.021 0.0000000000
98203  -55.026  17.362  -3.329 0.0000000000
99342  -55.107  18.443  -2.676 0.0000000000
101628  -54.719  20.080  -2.444 0.0000000000
103721  -54.434  21.799  -2.091 0.0000000000
104707  -54.681  22.646  0.454 0.0000000000
104726  -54.915  22.783  -0.578 0.0000000000
103715  -53.642  22.433  -1.856 0.0000000000
104723  -53.185  23.430  -1.475 0.0000000000
106830  -52.518  25.477  -1.446 0.0000000000
107840  -51.884  26.459  -1.482 0.0000000000
103629  -43.946  22.267  6.233 0.0000000000
103640  -44.576  22.181  5.679 0.0000000000
103642  -45.884  22.887  5.082 0.0000000000
106712  -46.428  25.574  7.376 0.0000000000
105635  -46.796  24.676  6.016 0.0000000000
104661  -46.624  23.649  4.712 0.0000000000
105652  -47.717  24.271  4.450 0.0000000000
105669  -48.682  24.262  3.532 0.0000000000
106752  -50.364  25.224  3.879 0.0000000000
111413  -51.434  29.958  11.827 0.0000000000
110568  -51.051  29.396  10.450 0.0000000000
108729  -51.262  28.240  9.166 0.0000000000
110597  -48.277  29.821  8.619 0.0000000000
109690  -50.392  28.908  8.120 0.0000000000
108742  -51.526  27.556  7.527 0.0000000000
106726  -51.461  25.855  5.898 0.0000000000
106731  -51.593  25.856  5.178 0.0000000000
105672  -51.201  25.055  2.999 0.0000000000
106755  -53.034  25.841  3.166 0.0000000000
108802  -53.082  26.660  1.604 0.0000000000
108799  -50.372  27.650  1.491 0.0000000000
108813  -51.015  27.979  0.666 0.0000000000
108826  -53.170  27.583  -0.329 0.0000000000
109806  -53.005  27.799  -1.473 0.0000000000
108855  -51.883  28.020  -2.213 0.0000000000
110727  -46.966  29.403  -5.398 0.0000000000
112322  -41.368  31.341  -0.178 0.0000000000
112328  -41.404  31.330  -1.277 0.0000000000
112340  -41.494  31.268  -3.764 0.0000000000
114723  -43.251  33.896  -5.494 0.0000000000
113092  -42.239  32.591  -4.626 0.0000000000
111569  -41.725  30.337  -4.850 0.0000000000
110744  -41.544  29.877  -6.806 0.0000000000
110733  -40.400  29.254  -5.962 0.0000000000
110723  -39.760  29.275  -5.304 0.0000000000
115543  -40.541  35.487  -4.066 0.0000000000
114708  -40.049  34.278  -2.528 0.0000000000
117299  -44.173  36.798  -0.656 0.0000000000
117309  -42.821  37.435  -1.242 0.0000000000
118146  -41.423  38.448  -1.567 0.0000000000
118919  -40.094  39.428  -2.482 0.0000000000
118918  -39.233  39.513  -2.775 0.0000000000
100403  -43.304  19.680  6.746 0.0000000000
101533  -42.997  20.428  6.767 0.0000000000
98201  -53.557  16.910  -3.530 0.0000000000
96936  -49.224  16.587  11.906 0.0000000000
95802  -49.627  15.850  11.270 0.0000000000
95801  -48.853  15.935  11.246 0.0000000000
95811  -48.529  15.172  10.944 0.0000000000
95800  -48.015  15.831  11.310 0.0000000000
96923  -36.795  16.727  11.557 0.0000000000
92439  -50.683  12.127  1.538 0.0000000000
92438  -49.904  12.493  1.952 0.0000000000
104686  -50.282  23.513  2.087 0.0000000000
103679  -50.218  22.846  1.759 0.0000000000
104687  -50.995  24.022  2.157 0.0000000000
110542  -48.851  30.031  12.647 0.0000000000
110543  -49.469  29.847  12.649 0.0000000000
111523  -42.111  29.985  3.369 0.0000000000
110638  -42.646  29.458  3.825 0.0000000000
110646  -42.477  29.314  2.974 0.0000000000
109755  -43.306  28.701  2.243 0.0000000000
110653  -42.729  29.114  1.925 0.0000000000
117338  -45.753  37.424  -4.144 0.0000000000
117353  -45.274  37.475  -5.109 0.0000000000
117337  -44.485  37.510  -4.044 0.0000000000
117351  -43.540  37.799  -4.494 0.0000000000
94761  -46.669  14.843  4.982 0.0000000000
95878  -46.693  15.546  4.719 0.0000000000
101554  -46.404  20.196  4.319 0.0000000000
102607  -46.486  21.185  3.987 0.0000000000
103654  -46.303  22.493  4.348 0.0000000000
115364  -48.887  35.598  13.449 0.0000000000
115363  -47.827  34.789  13.196 0.0000000000
115378  -47.696  35.126  12.388 0.0000000000
115444  -45.772  35.285  5.619 0.0000000000
115443  -45.072  35.179  6.171 0.0000000000
114615  -44.660  34.790  5.277 0.0000000000
114619  -44.706  34.535  4.230 0.0000000000
114630  -44.644  34.342  3.207 0.0000000000
114620  -45.685  34.685  3.940 0.0000000000
116446  -51.120  36.396  -2.042 0.0000000000
115539  -50.670  35.910  -2.235 0.0000000000
117329  -50.593  36.801  -3.007 0.0000000000
117328  -50.361  37.183  -2.994 0.0000000000
117313  -50.312  37.342  -2.117 0.0000000000
101625  -52.181  20.598  -2.040 0.0000000000
101619  -52.425  21.195  -1.937 0.0000000000
102665  -52.170  21.830  -1.707 0.0000000000
105615  -40.479  24.795  9.131 0.0000000000
105616  -41.097  24.908  8.860 0.0000000000
112252  -42.999  31.317  9.766 0.0000000000
111447  -43.466  30.351  9.328 0.0000000000
111421  -43.948  31.057  9.974 0.0000000000
111422  -44.766  30.691  10.332 0.0000000000
112231  -44.293  31.480  10.772 0.0000000000
114551  -45.508  35.257  14.274 0.0000000000
115347  -46.258  35.262  14.580 0.0000000000
92398  -52.821  12.788  5.157 0.0000000000
91171  -48.740  11.455  7.015 0.0000000000
91159  -48.969  11.653  7.965 0.0000000000
94721  -43.441  14.432  7.859 0.0000000000
93554  -43.744  13.780  8.445 0.0000000000
96930  -43.796  16.276  11.999 0.0000000000
95786  -42.480  16.173  11.897 0.0000000000
99224  -39.873  18.420  8.425 0.0000000000
100382  -39.513  19.408  8.362 0.0000000000
99223  -39.006  18.397  8.583 0.0000000000
95925  -53.080  15.710  -1.551 0.0000000000
98138  -49.012  17.441  2.677 0.0000000000
98139  -49.687  17.514  2.297 0.0000000000
100455  -52.958  19.573  0.982 0.0000000000
100456  -53.691  19.540  0.747 0.0000000000
101597  -54.637  20.003  0.367 0.0000000000
101588  -54.154  20.397  0.614 0.0000000000
106787  -54.076  25.719  1.029 0.0000000000
106788  -54.583  25.074  0.622 0.0000000000
106806  -54.042  25.771  0.050 0.0000000000
106824  -54.055  25.769  -0.854 0.0000000000
106701  -44.232  25.715  8.470 0.0000000000
106710  -44.547  25.341  7.569 0.0000000000
106702  -45.193  25.825  8.290 0.0000000000
107744  -49.565  26.651  8.714 0.0000000000
106724  -49.660  25.180  6.400 0.0000000000
112255  -46.596  31.456  9.846 0.0000000000
112256  -47.368  31.171  10.094 0.0000000000
111450  -47.000  30.895  9.384 0.0000000000
109710  -48.846  28.244  5.520 0.0000000000
109712  -51.160  27.993  5.273 0.0000000000
109727  -50.318  28.028  4.654 0.0000000000
108759  -50.658  27.801  4.089 0.0000000000
108758  -49.774  27.790  3.942 0.0000000000
109800  -48.015  29.167  -1.527 0.0000000000
109801  -48.984  29.343  -1.527 0.0000000000
110687  -49.718  29.659  -2.388 0.0000000000
110703  -49.652  30.118  -3.338 0.0000000000
110717  -49.435  30.237  -4.338 0.0000000000
110702  -48.568  29.891  -3.435 0.0000000000
109812  -42.397  29.007  -3.212 0.0000000000
109826  -43.028  28.460  -4.095 0.0000000000
109825  -42.440  28.833  -3.767 0.0000000000
110724  -41.738  29.429  -4.566 0.0000000000
114700  -43.959  34.902  -2.151 0.0000000000
114699  -43.049  34.440  -1.947 0.0000000000
114711  -43.916  34.866  -3.342 0.0000000000
114736  -42.499  33.762  -7.774 0.0000000000
113901  -42.726  32.766  -8.184 0.0000000000
113900  -42.275  32.864  -7.294 0.0000000000
113899  -41.775  32.554  -6.824 0.0000000000
113893  -41.752  33.442  -6.495 0.0000000000
118168  -38.816  38.472  -4.605 0.0000000000
116479  -38.734  37.029  -4.215 0.0000000000
98113  -45.272  17.141  5.541 0.0000000000
101535  -44.428  20.194  6.068 0.0000000000
102596  -44.780  21.151  5.527 0.0000000000
116329  -49.411  36.192  9.146 0.0000000000
116348  -49.235  36.128  8.137 0.0000000000
115441  -49.564  35.938  5.498 0.0000000000
115433  -48.686  35.785  6.837 0.0000000000
115440  -48.688  35.783  5.778 0.0000000000
115446  -47.890  35.580  5.019 0.0000000000
116408  -51.310  36.283  2.160 0.0000000000
115483  -51.088  35.966  1.425 0.0000000000
115509  -51.558  36.152  -0.126 0.0000000000
99340  -53.577  18.301  -3.047 0.0000000000
99339  -52.473  18.473  -2.746 0.0000000000
100504  -53.281  19.559  -2.601 0.0000000000
108735  -39.958  27.625  8.735 0.0000000000
109684  -39.415  28.449  8.416 0.0000000000
94687  -49.765  14.387  10.451 0.0000000000
93532  -48.978  13.341  9.750 0.0000000000
93518  -48.510  13.830  10.240 0.0000000000
94684  -47.122  14.625  10.653 0.0000000000
93517  -47.606  13.841  10.168 0.0000000000
93516  -46.616  13.822  10.064 0.0000000000
95790  -38.911  16.053  10.684 0.0000000000
96942  -37.779  16.528  10.374 0.0000000000
96951  -38.301  16.697  9.621 0.0000000000
98072  -37.715  17.426  9.489 0.0000000000
98071  -37.039  17.751  9.762 0.0000000000
100445  -49.863  19.510  1.982 0.0000000000
102635  -51.211  21.362  1.297 0.0000000000
101584  -50.879  20.399  1.511 0.0000000000
105703  -53.089  24.027  1.630 0.0000000000
105691  -53.605  24.702  1.980 0.0000000000
108704  -46.825  27.889  10.436 0.0000000000
107734  -46.495  26.791  9.461 0.0000000000
109663  -49.372  28.243  11.027 0.0000000000
108706  -48.821  27.758  10.476 0.0000000000
108707  -49.885  27.801  10.270 0.0000000000
107737  -49.363  26.996  9.337 0.0000000000
108708  -50.401  28.181  10.243 0.0000000000
111483  -43.801  30.608  6.721 0.0000000000
111484  -44.584  30.433  7.073 0.0000000000
110610  -44.246  30.026  6.419 0.0000000000
109707  -45.074  28.945  5.413 0.0000000000
109723  -45.322  28.500  4.645 0.0000000000
109738  -46.779  27.789  3.163 0.0000000000
109768  -45.154  28.394  0.550 0.0000000000
109758  -45.811  28.068  1.207 0.0000000000
109769  -45.968  28.413  0.321 0.0000000000
109784  -46.404  28.633  -0.556 0.0000000000
109783  -45.418  28.717  -0.461 0.0000000000
109798  -46.064  29.017  -1.264 0.0000000000
110671  -44.732  28.812  -0.612 0.0000000000
110669  -42.733  29.403  -0.551 0.0000000000
110681  -42.558  29.410  -1.632 0.0000000000
115569  -46.958  35.642  -6.067 0.0000000000
115568  -46.050  35.594  -6.328 0.0000000000
115580  -46.603  35.879  -6.708 0.0000000000
117381  -44.616  36.849  -7.064 0.0000000000
116504  -45.061  36.021  -7.521 0.0000000000
116503  -44.129  36.128  -7.614 0.0000000000
116515  -43.651  35.370  -8.162 0.0000000000
116502  -43.314  36.157  -7.592 0.0000000000
117378  -42.099  36.888  -6.581 0.0000000000
117379  -42.802  36.882  -6.878 0.0000000000
118172  -42.597  38.287  -4.553 0.0000000000
118171  -41.397  38.726  -4.981 0.0000000000
118170  -40.405  38.734  -5.126 0.0000000000
118937  -40.587  39.181  -4.372 0.0000000000
92424  -48.351  13.037  3.524 0.0000000000
93609  -48.452  13.705  3.368 0.0000000000
95886  -47.671  15.651  4.015 0.0000000000
95887  -48.187  15.568  3.551 0.0000000000
97013  -48.362  16.494  3.386 0.0000000000
99255  -46.026  18.056  5.194 0.0000000000
98115  -46.321  17.269  4.827 0.0000000000
99256  -46.497  18.117  4.766 0.0000000000
100424  -47.531  18.989  3.719 0.0000000000
99272  -47.958  18.313  3.475 0.0000000000
100434  -47.957  19.368  3.224 0.0000000000
100443  -48.408  19.734  2.740 0.0000000000
103676  -47.780  21.859  2.836 0.0000000000
104684  -48.512  23.488  2.941 0.0000000000
112951  -50.455  32.667  14.895 0.0000000000
112973  -50.389  32.239  13.919 0.0000000000
112950  -49.900  32.880  14.394 0.0000000000
113769  -46.900  33.429  12.247 0.0000000000
112970  -47.394  32.967  12.393 0.0000000000
113778  -46.428  33.380  11.641 0.0000000000
113000  -46.569  32.334  11.014 0.0000000000
113777  -45.968  33.313  11.127 0.0000000000
115410  -47.447  35.736  8.989 0.0000000000
115409  -46.459  35.443  9.270 0.0000000000
114608  -44.427  34.566  7.442 0.0000000000
114601  -44.963  34.629  8.508 0.0000000000
114589  -44.349  33.579  8.904 0.0000000000
113783  -44.521  33.159  9.204 0.0000000000
113793  -43.997  33.110  8.542 0.0000000000
113015  -43.894  32.355  8.229 0.0000000000
113795  -43.330  32.896  7.400 0.0000000000
113797  -42.579  32.453  5.915 0.0000000000
113036  -42.042  32.067  4.661 0.0000000000
113046  -42.022  32.349  3.772 0.0000000000
113055  -41.821  32.459  2.733 0.0000000000
113821  -42.521  33.050  3.627 0.0000000000
114660  -44.595  34.369  1.182 0.0000000000
113846  -44.062  34.123  1.692 0.0000000000
114675  -44.793  34.685  0.033 0.0000000000
114649  -48.233  35.025  0.967 0.0000000000
114648  -47.539  34.729  1.458 0.0000000000
114664  -48.378  35.121  0.213 0.0000000000
115537  -49.238  35.582  -2.763 0.0000000000
114704  -47.821  35.438  -1.632 0.0000000000
115520  -47.665  35.504  -2.149 0.0000000000
115519  -46.734  35.391  -2.016 0.0000000000
115535  -47.467  35.553  -3.043 0.0000000000
115546  -47.316  35.616  -4.091 0.0000000000
115560  -48.947  35.887  -4.613 0.0000000000
117341  -48.749  37.274  -3.782 0.0000000000
117356  -48.315  37.237  -4.821 0.0000000000
117340  -47.734  37.244  -4.155 0.0000000000
117339  -46.789  37.362  -4.220 0.0000000000
104721  -51.482  23.089  -1.298 0.0000000000
105721  -51.377  24.593  -0.821 0.0000000000
103620  -41.527  22.356  7.271 0.0000000000
106698  -41.659  25.264  8.887 0.0000000000
106699  -42.357  25.324  8.660 0.0000000000
106700  -43.280  25.380  8.429 0.0000000000
106694  -43.140  25.779  9.223 0.0000000000
108736  -40.928  27.661  8.818 0.0000000000
108719  -41.424  27.046  9.307 0.0000000000
108737  -41.801  27.727  8.889 0.0000000000
110578  -43.920  29.258  9.377 0.0000000000
109674  -43.369  28.185  9.336 0.0000000000
108702  -45.243  27.985  10.150 0.0000000000
109658  -45.157  28.210  10.083 0.0000000000
111407  -46.110  30.745  11.341 0.0000000000
111424  -46.518  30.018  10.972 0.0000000000
111408  -47.035  30.226  11.776 0.0000000000
112986  -43.020  32.539  12.087 0.0000000000
112968  -44.300  32.712  12.935 0.0000000000
112934  -46.020  33.123  14.600 0.0000000000
112948  -46.657  32.517  14.272 0.0000000000
112182  -47.276  31.796  13.887 0.0000000000
112949  -47.727  32.129  14.772 0.0000000000
112174  -49.001  31.978  15.144 0.0000000000
112936  -48.270  32.658  15.395 0.0000000000
115331  -48.672  35.628  15.529 0.0000000000
114523  -49.308  34.875  15.844 0.0000000000
115332  -49.386  35.545  15.503 0.0000000000
115351  -49.541  35.842  14.527 0.0000000000
116233  -49.517  36.396  14.829 0.0000000000
91245  -53.123  11.753  3.675 0.0000000000
91257  -51.298  11.207  2.752 0.0000000000
92361  -51.171  12.903  7.879 0.0000000000
93558  -51.553  13.858  7.728 0.0000000000
92371  -51.618  13.092  7.024 0.0000000000
92386  -51.844  12.717  6.302 0.0000000000
91188  -51.336  12.207  6.735 0.0000000000
90056  -50.114  10.965  5.782 0.0000000000
90057  -50.595  11.201  5.798 0.0000000000
90072  -49.871  10.892  5.020 0.0000000000
90084  -50.263  10.889  4.466 0.0000000000
90083  -49.779  11.027  4.566 0.0000000000
91223  -49.217  11.312  4.512 0.0000000000
91184  -47.825  12.024  5.818 0.0000000000
91204  -47.858  12.275  5.416 0.0000000000
92384  -47.427  12.732  5.498 0.0000000000
92383  -46.804  12.979  5.896 0.0000000000
92333  -47.644  12.661  9.014 0.0000000000
92344  -47.197  12.437  8.057 0.0000000000
93566  -45.184  13.712  6.865 0.0000000000
93581  -45.516  13.838  6.339 0.0000000000
94751  -44.826  14.791  6.253 0.0000000000
95869  -44.927  15.415  5.931 0.0000000000
98047  -48.135  18.088  12.324 0.0000000000
98005  -44.315  18.350  14.557 0.0000000000
99152  -45.522  19.165  14.583 0.0000000000
100313  -45.712  19.778  14.488 0.0000000000
100312  -44.824  20.192  14.040 0.0000000000
99161  -42.432  18.924  13.372 0.0000000000
100342  -43.884  19.607  12.782 0.0000000000
100321  -43.245  19.541  13.238 0.0000000000
100323  -45.366  20.283  13.176 0.0000000000
100344  -45.249  20.020  12.828 0.0000000000
99164  -45.874  20.000  12.802 0.0000000000
99187  -45.481  19.417  12.784 0.0000000000
96916  -45.901  17.376  12.174 0.0000000000
98045  -46.222  18.345  12.514 0.0000000000
96933  -46.505  16.487  11.763 0.0000000000
94670  -43.711  14.777  11.315 0.0000000000
94671  -44.699  14.780  11.284 0.0000000000
94681  -44.211  14.203  10.759 0.0000000000
99225  -40.779  18.393  8.146 0.0000000000
99226  -41.449  17.989  7.927 0.0000000000
99231  -41.417  18.751  7.717 0.0000000000
99232  -42.086  18.411  7.549 0.0000000000
101524  -41.482  20.429  7.461 0.0000000000
101523  -40.705  20.407  7.731 0.0000000000
102574  -39.701  21.353  8.207 0.0000000000
101516  -38.540  20.411  8.865 0.0000000000
101511  -37.889  20.435  9.321 0.0000000000
104624  -38.272  23.379  9.390 0.0000000000
104625  -38.970  23.940  9.347 0.0000000000
106689  -38.405  25.347  9.547 0.0000000000
92509  -55.708  12.968  -3.280 0.0000000000
93676  -55.061  13.830  -3.096 0.0000000000
94844  -54.706  14.690  -3.386 0.0000000000
95959  -54.620  15.731  -3.368 0.0000000000
95967  -54.470  15.524  -3.728 0.0000000000
97093  -54.831  16.278  -3.086 0.0000000000
93618  -49.894  13.574  1.523 0.0000000000
95901  -50.369  15.422  1.228 0.0000000000
99282  -50.516  18.174  1.863 0.0000000000
99290  -51.067  18.526  1.682 0.0000000000
98157  -52.743  17.603  0.451 0.0000000000
97041  -52.271  17.044  0.294 0.0000000000
98164  -53.220  17.308  -0.324 0.0000000000
97055  -53.572  16.723  -1.336 0.0000000000
99311  -54.586  18.429  -0.755 0.0000000000
98166  -54.379  17.740  -1.151 0.0000000000
98183  -55.181  17.840  -1.847 0.0000000000
98195  -55.243  17.690  -2.611 0.0000000000
99327  -55.309  18.630  -1.948 0.0000000000
101606  -55.230  20.462  -1.246 0.0000000000
101621  -55.070  20.659  -2.066 0.0000000000
101620  -54.742  20.912  -2.229 0.0000000000
102668  -54.902  21.591  -1.640 0.0000000000
103690  -54.069  22.077  0.688 0.0000000000
104699  -54.371  22.480  0.638 0.0000000000
105722  -54.635  24.187  -0.629 0.0000000000
104725  -54.664  23.221  -1.011 0.0000000000
103716  -54.464  22.250  -1.707 0.0000000000
104724  -54.050  23.311  -1.477 0.0000000000
105728  -53.682  24.243  -1.377 0.0000000000
108839  -52.254  27.333  -1.789 0.0000000000
104638  -42.885  23.233  6.773 0.0000000000
103628  -43.181  22.291  6.633 0.0000000000
104639  -43.686  23.203  6.461 0.0000000000
105633  -45.006  24.435  6.459 0.0000000000
104640  -44.615  23.310  6.014 0.0000000000
104648  -45.018  22.785  5.587 0.0000000000
104649  -45.543  23.413  5.557 0.0000000000
107742  -46.898  26.410  8.685 0.0000000000
105640  -46.841  24.298  5.265 0.0000000000
104662  -46.941  23.585  4.265 0.0000000000
105641  -47.644  24.566  5.181 0.0000000000
106729  -49.876  25.104  5.586 0.0000000000
105653  -48.679  24.684  4.347 0.0000000000
106739  -49.791  25.145  4.524 0.0000000000
105654  -49.155  24.785  3.964 0.0000000000
112218  -51.112  30.980  12.486 0.0000000000
111400  -51.214  30.364  12.717 0.0000000000
111411  -50.695  30.717  11.515 0.0000000000
110566  -49.713  30.244  10.032 0.0000000000
111428  -50.924  30.139  10.558 0.0000000000
111454  -50.931  29.645  10.039 0.0000000000
109678  -51.057  28.725  9.748 0.0000000000
110600  -51.187  28.972  9.010 0.0000000000
110603  -46.234  29.964  7.650 0.0000000000
110596  -47.099  30.143  8.241 0.0000000000
110604  -47.398  29.543  7.617 0.0000000000
109702  -49.785  28.581  6.450 0.0000000000
109694  -49.551  28.892  7.533 0.0000000000
109695  -50.649  28.524  7.334 0.0000000000
107755  -51.637  26.551  6.720 0.0000000000
108745  -52.142  27.361  6.417 0.0000000000
108762  -52.497  27.253  5.068 0.0000000000
107765  -52.076  26.200  5.067 0.0000000000
106741  -51.925  25.895  4.409 0.0000000000
106742  -52.584  26.147  3.930 0.0000000000
106754  -52.030  25.555  3.291 0.0000000000
108787  -51.824  27.308  2.806 0.0000000000
107782  -53.044  26.540  2.739 0.0000000000
108801  -52.501  26.869  1.917 0.0000000000
108797  -48.315  27.809  1.482 0.0000000000
108784  -48.774  27.648  2.263 0.0000000000
108798  -49.281  27.892  1.284 0.0000000000
109774  -50.584  28.503  -0.094 0.0000000000
109775  -51.462  28.404  -0.191 0.0000000000
108814  -52.164  27.662  0.442 0.0000000000
109776  -52.132  28.322  -0.413 0.0000000000
109791  -52.551  28.385  -0.992 0.0000000000
109833  -51.156  29.433  -3.112 0.0000000000
109819  -51.530  28.836  -2.616 0.0000000000
108854  -51.126  28.148  -2.553 0.0000000000
110700  -46.039  29.417  -3.284 0.0000000000
110715  -47.025  29.821  -4.492 0.0000000000
110714  -45.711  29.033  -4.667 0.0000000000
109841  -44.298  28.165  -5.510 0.0000000000
109842  -45.210  28.384  -5.703 0.0000000000
113068  -41.987  32.891  0.969 0.0000000000
112315  -41.297  31.293  0.855 0.0000000000
113854  -41.676  32.806  0.253 0.0000000000
113869  -41.679  33.078  -1.706 0.0000000000
113078  -41.513  32.187  -1.511 0.0000000000
113084  -41.633  32.196  -2.697 0.0000000000
112334  -41.413  31.297  -2.468 0.0000000000
114725  -44.727  35.048  -6.001 0.0000000000
114717  -43.849  34.788  -4.596 0.0000000000
114724  -44.012  34.637  -5.826 0.0000000000
113106  -42.347  32.117  -6.671 0.0000000000
113888  -42.714  32.978  -6.029 0.0000000000
113105  -42.330  31.776  -6.065 0.0000000000
112346  -41.901  31.230  -5.031 0.0000000000
112351  -42.249  31.238  -6.008 0.0000000000
111575  -41.927  30.495  -6.275 0.0000000000
111582  -42.103  30.859  -6.981 0.0000000000
112356  -40.777  31.159  -6.812 0.0000000000
111574  -40.414  30.252  -6.216 0.0000000000
111573  -40.110  29.762  -5.654 0.0000000000
111568  -40.180  30.828  -5.467 0.0000000000
112345  -39.957  31.392  -4.886 0.0000000000
113097  -39.777  32.028  -4.187 0.0000000000
113090  -40.177  32.667  -3.690 0.0000000000
113875  -40.387  33.433  -3.030 0.0000000000
116491  -41.259  36.442  -5.873 0.0000000000
115554  -41.132  35.568  -5.023 0.0000000000
116481  -40.383  36.531  -4.841 0.0000000000
116455  -38.830  36.281  -3.061 0.0000000000
115531  -39.774  35.438  -2.926 0.0000000000
115517  -39.574  34.754  -2.280 0.0000000000
115516  -38.908  35.040  -1.913 0.0000000000
118138  -42.272  38.370  -0.250 0.0000000000
118156  -42.118  37.913  -1.980 0.0000000000
118137  -41.583  38.644  -0.704 0.0000000000
118136  -40.875  38.985  -1.155 0.0000000000
99234  -43.533  18.161  6.851 0.0000000000
100404  -43.947  19.219  6.578 0.0000000000
116369  -49.840  36.213  7.260 0.0000000000
116377  -50.384  35.992  5.194 0.0000000000
115460  -50.108  35.555  3.208 0.0000000000
115455  -50.960  35.839  3.872 0.0000000000
116399  -51.278  36.036  2.834 0.0000000000
116400  -51.562  36.789  2.626 0.0000000000
109683  -38.447  28.424  8.516 0.0000000000
94686  -48.940  14.477  10.584 0.0000000000
98064  -36.519  17.390  10.513 0.0000000000
91270  -51.540  11.586  1.778 0.0000000000
92451  -51.114  12.405  0.928 0.0000000000
93625  -50.475  13.514  0.937 0.0000000000
102628  -49.691  21.273  1.850 0.0000000000
103685  -50.000  21.829  1.611 0.0000000000
103686  -50.566  22.348  1.472 0.0000000000
104695  -51.283  23.459  1.673 0.0000000000
106769  -52.599  25.275  2.667 0.0000000000
110565  -47.777  28.867  11.613 0.0000000000
109645  -48.187  28.645  11.604 0.0000000000
109646  -48.935  28.648  11.707 0.0000000000
109647  -49.832  28.811  11.516 0.0000000000
110616  -42.998  29.972  5.260 0.0000000000
110617  -43.620  29.856  5.784 0.0000000000
110630  -43.445  29.505  4.944 0.0000000000
109721  -43.545  29.209  4.464 0.0000000000
109736  -44.482  28.555  3.710 0.0000000000
109747  -44.717  28.275  2.616 0.0000000000
109756  -43.914  28.462  1.833 0.0000000000
109767  -44.290  28.528  0.781 0.0000000000
110660  -42.737  29.270  0.646 0.0000000000
110659  -42.018  29.859  0.312 0.0000000000
117371  -46.941  37.206  -5.829 0.0000000000
117383  -46.552  36.749  -6.511 0.0000000000
117370  -45.986  37.256  -5.997 0.0000000000
117369  -44.931  37.249  -6.115 0.0000000000
117368  -43.921  37.438  -6.269 0.0000000000
117367  -42.992  37.582  -6.339 0.0000000000
118173  -43.383  38.065  -4.973 0.0000000000
94770  -47.544  15.102  4.187 0.0000000000
95879  -47.206  15.631  4.370 0.0000000000
97006  -47.260  16.497  4.217 0.0000000000
100415  -46.648  18.808  4.653 0.0000000000
100422  -46.432  19.432  4.651 0.0000000000
101565  -47.395  20.361  3.323 0.0000000000
102618  -46.993  21.227  3.498 0.0000000000
103668  -47.347  22.433  3.370 0.0000000000
114542  -49.202  34.500  14.556 0.0000000000
113754  -49.142  33.627  14.224 0.0000000000
114552  -47.714  34.186  13.299 0.0000000000
114569  -47.073  34.235  12.456 0.0000000000
115431  -46.634  35.609  7.349 0.0000000000
115430  -45.691  35.300  7.612 0.0000000000
115436  -45.010  35.142  6.966 0.0000000000
114607  -43.603  33.684  7.362 0.0000000000
114611  -43.540  34.046  6.441 0.0000000000
114614  -43.661  34.253  5.420 0.0000000000
113810  -43.108  33.635  4.515 0.0000000000
113822  -43.317  33.683  3.487 0.0000000000
114629  -44.030  34.249  3.671 0.0000000000
114645  -44.740  34.300  2.235 0.0000000000
114646  -45.610  34.423  1.951 0.0000000000
115507  -50.144  35.503  -0.776 0.0000000000
114679  -48.509  35.269  -0.537 0.0000000000
115523  -50.120  35.552  -1.667 0.0000000000
115538  -50.026  35.624  -2.520 0.0000000000
115549  -49.932  35.791  -3.399 0.0000000000
115561  -49.539  35.948  -4.073 0.0000000000
116473  -49.874  36.296  -3.809 0.0000000000
117342  -49.656  37.097  -3.679 0.0000000000
116460  -48.295  37.231  -2.650 0.0000000000
103713  -51.783  22.582  -1.501 0.0000000000
104722  -52.105  23.554  -1.318 0.0000000000
104630  -40.824  23.953  8.119 0.0000000000
110593  -42.654  29.391  8.800 0.0000000000
109687  -42.491  28.377  8.885 0.0000000000
110594  -43.245  29.596  9.035 0.0000000000
110579  -44.861  29.371  9.761 0.0000000000
111449  -45.070  30.029  10.018 0.0000000000
112213  -45.565  31.525  11.814 0.0000000000
113751  -44.235  33.763  13.906 0.0000000000
112946  -44.682  33.074  13.604 0.0000000000
113738  -44.863  33.911  14.403 0.0000000000
113739  -45.526  33.766  14.621 0.0000000000
113740  -46.591  33.708  15.031 0.0000000000
113741  -47.646  33.355  15.489 0.0000000000
114540  -47.074  34.709  15.123 0.0000000000
114541  -47.769  35.453  15.366 0.0000000000
91227  -53.251  12.260  4.280 0.0000000000
91186  -49.506  11.231  6.380 0.0000000000
91170  -47.850  11.789  6.626 0.0000000000
93543  -46.024  13.071  8.561 0.0000000000
92343  -46.322  12.859  8.083 0.0000000000
92342  -45.751  13.136  8.095 0.0000000000
93556  -45.238  13.384  7.633 0.0000000000
93565  -44.602  13.784  7.249 0.0000000000
94737  -44.428  14.480  6.758 0.0000000000
94722  -44.063  14.124  7.347 0.0000000000
99183  -41.875  18.344  12.932 0.0000000000
99184  -42.711  18.800  12.587 0.0000000000
99185  -43.609  18.919  12.482 0.0000000000
99186  -44.516  19.105  12.645 0.0000000000
98043  -44.253  18.127  12.507 0.0000000000
96915  -44.937  17.263  12.319 0.0000000000
96931  -44.611  16.363  11.935 0.0000000000
95796  -44.196  15.529  11.674 0.0000000000
98079  -40.222  17.449  8.554 0.0000000000
100383  -40.304  19.420  8.056 0.0000000000
93666  -54.721  14.031  -2.954 0.0000000000
95940  -54.242  15.778  -2.570 0.0000000000
95894  -49.259  15.515  2.370 0.0000000000
95900  -49.806  15.443  1.776 0.0000000000
99291  -51.904  18.587  1.425 0.0000000000
99292  -52.678  18.602  1.026 0.0000000000
99300  -53.192  18.300  0.572 0.0000000000
99301  -53.793  18.602  0.231 0.0000000000
99302  -54.394  18.863  -0.135 0.0000000000
99303  -54.729  18.993  -0.484 0.0000000000
100476  -55.171  19.533  -1.235 0.0000000000
100466  -54.970  19.512  -0.527 0.0000000000
101590  -55.136  20.732  0.030 0.0000000000
102647  -55.195  21.223  -0.407 0.0000000000
104706  -54.796  23.406  0.453 0.0000000000
105714  -54.729  24.246  0.172 0.0000000000
106832  -53.976  24.673  -1.253 0.0000000000
107842  -53.481  26.570  -1.271 0.0000000000
105628  -43.732  24.702  7.161 0.0000000000
105629  -44.472  24.787  6.914 0.0000000000
107743  -48.161  26.208  8.517 0.0000000000
106705  -47.879  25.773  7.833 0.0000000000
107748  -48.363  25.842  7.918 0.0000000000
106714  -48.318  25.509  7.333 0.0000000000
106723  -48.553  25.112  6.409 0.0000000000
105637  -48.240  24.877  5.659 0.0000000000
106725  -50.691  25.596  6.299 0.0000000000
112235  -48.702  31.177  11.144 0.0000000000
111410  -49.703  30.900  11.402 0.0000000000
111425  -48.178  30.849  10.382 0.0000000000
111452  -48.634  30.446  9.789 0.0000000000
110581  -48.608  30.187  9.251 0.0000000000
109700  -47.173  28.806  6.307 0.0000000000
110613  -47.750  29.101  6.955 0.0000000000
109703  -50.876  28.277  6.259 0.0000000000
109704  -51.722  27.907  6.023 0.0000000000
109713  -51.812  27.875  5.496 0.0000000000
108748  -51.853  27.828  5.113 0.0000000000
108761  -52.219  27.554  4.749 0.0000000000
108774  -52.594  27.155  4.286 0.0000000000
108773  -52.093  27.455  3.880 0.0000000000
108772  -51.203  27.585  3.518 0.0000000000
108786  -50.802  27.477  2.505 0.0000000000
109771  -47.781  28.214  0.366 0.0000000000
109762  -49.127  28.289  0.597 0.0000000000
109772  -48.775  28.456  0.056 0.0000000000
109788  -50.291  29.062  -0.943 0.0000000000
110673  -50.986  29.274  -1.336 0.0000000000
110690  -51.422  29.178  -1.623 0.0000000000
110689  -51.050  29.510  -1.952 0.0000000000
110705  -51.006  29.694  -2.653 0.0000000000
109832  -50.802  29.451  -3.447 0.0000000000
110730  -49.897  29.988  -5.059 0.0000000000
110713  -44.806  28.765  -4.281 0.0000000000
109827  -44.048  28.528  -4.377 0.0000000000
114673  -42.801  33.962  -0.030 0.0000000000
113864  -42.182  33.653  -0.737 0.0000000000
113877  -42.577  33.828  -3.124 0.0000000000
114748  -43.881  34.079  -8.546 0.0000000000
114731  -43.557  33.745  -6.987 0.0000000000
113895  -43.221  32.926  -7.954 0.0000000000
112358  -42.126  31.308  -7.316 0.0000000000
113112  -42.081  31.892  -7.026 0.0000000000
113111  -41.417  31.900  -6.698 0.0000000000
113104  -40.776  32.193  -5.977 0.0000000000
113886  -40.994  33.363  -5.055 0.0000000000
117349  -39.820  37.509  -5.184 0.0000000000
116480  -39.476  36.925  -4.484 0.0000000000
116469  -39.266  36.401  -3.722 0.0000000000
116454  -38.083  36.473  -2.892 0.0000000000
116453  -37.285  36.562  -2.678 0.0000000000
96997  -45.666  16.311  5.328 0.0000000000
96998  -46.209  16.378  4.941 0.0000000000
99254  -45.542  17.869  5.476 0.0000000000
100413  -45.529  18.860  5.479 0.0000000000
103653  -45.715  21.708  4.705 0.0000000000
115395  -48.494  35.797  10.761 0.0000000000
115404  -48.437  35.939  9.642 0.0000000000
115420  -47.510  35.743  8.011 0.0000000000
116368  -49.029  36.030  7.495 0.0000000000
115421  -48.414  35.869  7.703 0.0000000000
115432  -47.616  35.673  7.071 0.0000000000
115445  -46.838  35.470  5.320 0.0000000000
115451  -46.953  35.115  4.091 0.0000000000
115457  -46.881  34.788  3.303 0.0000000000
115458  -47.710  34.813  2.957 0.0000000000
115471  -48.691  35.038  1.842 0.0000000000
115472  -49.950  35.560  2.202 0.0000000000
115482  -49.933  35.688  1.131 0.0000000000
115492  -50.048  35.628  0.140 0.0000000000
115508  -50.928  35.811  -0.438 0.0000000000
115525  -51.405  36.214  -0.850 0.0000000000
117303  -51.554  37.061  -1.360 0.0000000000
107728  -39.906  26.172  9.500 0.0000000000
107729  -40.867  26.239  9.481 0.0000000000
110590  -39.842  29.379  8.324 0.0000000000
110591  -40.861  29.327  8.485 0.0000000000
110592  -41.842  29.295  8.587 0.0000000000
92336  -49.960  13.174  9.186 0.0000000000
92334  -48.614  12.725  9.175 0.0000000000
93529  -46.050  13.298  9.298 0.0000000000
93528  -45.018  13.495  9.422 0.0000000000
98003  -41.892  17.986  14.475 0.0000000000
98002  -40.760  17.869  14.414 0.0000000000
99147  -40.608  18.350  13.999 0.0000000000
99159  -40.585  18.143  13.530 0.0000000000
99182  -41.105  18.126  13.078 0.0000000000
99219  -38.211  18.424  8.956 0.0000000000
100374  -37.267  19.508  9.384 0.0000000000
99281  -49.851  18.484  2.146 0.0000000000
100452  -50.588  19.521  1.714 0.0000000000
101586  -52.598  20.449  1.203 0.0000000000
102637  -53.044  21.363  1.025 0.0000000000
103689  -53.559  22.223  0.979 0.0000000000
104697  -53.400  23.119  1.389 0.0000000000
104696  -52.427  23.239  1.485 0.0000000000
105692  -54.192  24.689  1.704 0.0000000000
106772  -54.458  25.086  1.392 0.0000000000
107733  -45.388  26.680  9.594 0.0000000000
107741  -45.818  26.372  8.847 0.0000000000
107735  -47.605  26.803  9.335 0.0000000000
108705  -47.830  27.813  10.518 0.0000000000
108725  -48.213  27.293  9.932 0.0000000000
107736  -48.687  26.837  9.316 0.0000000000
108738  -50.205  27.068  8.875 0.0000000000
111467  -45.180  31.098  8.348 0.0000000000
111468  -45.850  30.813  8.572 0.0000000000
111477  -45.552  30.480  7.914 0.0000000000
110602  -45.536  30.105  7.467 0.0000000000
110618  -44.552  29.386  5.766 0.0000000000
110619  -45.632  29.235  6.053 0.0000000000
110620  -46.124  29.099  6.114 0.0000000000
109725  -47.951  27.888  4.224 0.0000000000
108757  -48.896  27.725  3.830 0.0000000000
109739  -47.600  27.702  3.346 0.0000000000
108768  -47.484  27.647  2.809 0.0000000000
108796  -47.502  27.759  1.319 0.0000000000
109748  -45.800  27.876  2.267 0.0000000000
108795  -46.575  27.783  1.321 0.0000000000
108810  -47.032  27.890  0.773 0.0000000000
109785  -47.368  28.598  -0.636 0.0000000000
110685  -47.697  29.488  -2.427 0.0000000000
110684  -46.525  29.375  -2.235 0.0000000000
110698  -43.205  28.940  -2.565 0.0000000000
110697  -42.339  29.268  -2.629 0.0000000000
110696  -41.739  29.729  -2.808 0.0000000000
115533  -45.591  35.384  -3.496 0.0000000000
114712  -44.658  35.246  -3.947 0.0000000000
115544  -45.479  35.393  -4.641 0.0000000000
115556  -45.406  35.337  -5.687 0.0000000000
115567  -45.119  35.369  -6.581 0.0000000000
116505  -46.140  36.201  -6.957 0.0000000000
115592  -44.728  35.517  -7.518 0.0000000000
115591  -44.286  34.858  -8.144 0.0000000000
115590  -43.874  34.593  -8.461 0.0000000000
115589  -43.170  34.363  -8.625 0.0000000000
115576  -42.369  35.018  -7.080 0.0000000000
116500  -42.006  36.160  -6.483 0.0000000000
117366  -41.386  37.110  -6.239 0.0000000000
118188  -42.151  37.569  -6.309 0.0000000000
117365  -40.546  37.386  -5.700 0.0000000000
118178  -39.814  38.008  -5.423 0.0000000000
118169  -39.487  38.469  -5.086 0.0000000000
118935  -38.938  38.952  -4.418 0.0000000000
92437  -49.231  12.918  2.429 0.0000000000
93610  -48.875  13.683  2.743 0.0000000000
94779  -49.039  14.590  2.531 0.0000000000
97019  -48.870  16.484  2.786 0.0000000000
98122  -47.336  17.381  4.055 0.0000000000
99263  -46.946  18.212  4.345 0.0000000000
98129  -47.892  17.407  3.662 0.0000000000
100435  -48.631  19.070  2.847 0.0000000000
101575  -48.606  20.433  2.471 0.0000000000
102626  -48.108  21.287  2.565 0.0000000000
102627  -48.934  21.370  2.255 0.0000000000
104685  -49.251  23.395  2.493 0.0000000000
105687  -49.858  24.260  2.727 0.0000000000
111386  -50.168  30.852  13.857 0.0000000000
111399  -50.367  30.313  13.170 0.0000000000
112201  -50.891  31.589  13.221 0.0000000000
112200  -49.809  31.770  12.993 0.0000000000
112991  -48.751  32.176  12.478 0.0000000000
112215  -48.248  31.778  11.646 0.0000000000
113001  -47.346  32.074  11.305 0.0000000000
112233  -46.948  31.726  10.578 0.0000000000
112254  -45.837  31.669  9.672 0.0000000000
115394  -47.350  35.350  11.225 0.0000000000
115393  -46.460  34.862  11.120 0.0000000000
114586  -45.967  34.567  10.690 0.0000000000
115408  -45.571  34.944  9.373 0.0000000000
115401  -45.596  34.580  10.068 0.0000000000
114585  -45.557  33.937  10.418 0.0000000000
113784  -45.125  33.219  9.849 0.0000000000
113006  -44.876  32.492  9.387 0.0000000000
112253  -45.267  31.923  9.409 0.0000000000
112264  -44.278  31.925  8.372 0.0000000000
112269  -43.922  31.700  7.844 0.0000000000
112273  -43.454  31.440  7.095 0.0000000000
113798  -42.904  33.007  6.440 0.0000000000
113020  -42.629  32.094  6.230 0.0000000000
112280  -42.596  31.239  5.806 0.0000000000
112289  -42.104  31.297  4.993 0.0000000000
111504  -42.042  30.770  4.461 0.0000000000
111522  -41.648  30.533  2.974 0.0000000000
111530  -41.484  30.439  2.059 0.0000000000
112303  -41.299  31.150  2.668 0.0000000000
113062  -41.915  32.695  1.740 0.0000000000
113844  -42.544  33.259  1.635 0.0000000000
113834  -43.284  33.570  2.449 0.0000000000
113845  -43.297  33.770  1.496 0.0000000000
113856  -43.129  33.974  0.671 0.0000000000
114674  -43.656  34.330  0.186 0.0000000000
114689  -43.858  34.730  -0.959 0.0000000000
115518  -45.784  35.381  -2.337 0.0000000000
114632  -46.550  34.601  2.655 0.0000000000
114647  -46.546  34.523  1.677 0.0000000000
114662  -46.688  34.627  0.746 0.0000000000
114678  -47.733  35.024  -0.288 0.0000000000
114677  -46.895  34.776  -0.133 0.0000000000
114676  -45.909  34.812  -0.070 0.0000000000
115504  -46.462  35.156  -1.406 0.0000000000
115545  -46.403  35.444  -4.324 0.0000000000
115558  -47.183  35.553  -5.134 0.0000000000
115570  -47.761  35.882  -5.708 0.0000000000
116483  -48.863  36.412  -5.015 0.0000000000
117373  -48.556  36.835  -5.193 0.0000000000
117372  -47.765  36.891  -5.546 0.0000000000
117323  -45.290  37.135  -3.140 0.0000000000
103627  -42.351  22.329  6.908 0.0000000000
105626  -41.945  24.093  7.566 0.0000000000
105627  -42.756  24.222  7.161 0.0000000000
105622  -43.188  24.917  7.677 0.0000000000
107739  -44.239  26.055  9.028 0.0000000000
107730  -41.886  26.373  9.478 0.0000000000
109673  -42.818  27.964  9.206 0.0000000000
107731  -42.958  26.477  9.426 0.0000000000
107732  -44.126  26.446  9.468 0.0000000000
108703  -45.850  27.902  10.283 0.0000000000
109660  -46.531  28.553  10.570 0.0000000000
110563  -46.070  29.294  10.481 0.0000000000
110550  -47.546  29.666  11.938 0.0000000000
111409  -47.703  29.993  12.318 0.0000000000
111397  -48.329  30.325  12.877 0.0000000000
112212  -44.580  31.754  11.631 0.0000000000
112197  -45.886  31.835  12.655 0.0000000000
112969  -45.263  32.493  13.153 0.0000000000
112198  -46.884  31.492  12.991 0.0000000000
112199  -47.840  31.057  13.441 0.0000000000
111385  -48.986  30.960  13.680 0.0000000000
112184  -49.680  31.472  14.523 0.0000000000
112175  -50.183  32.062  15.404 0.0000000000
112931  -50.569  33.397  15.998 0.0000000000
113724  -49.100  33.982  15.837 0.0000000000
113725  -49.937  34.111  15.986 0.0000000000
113743  -50.093  33.948  15.598 0.0000000000
114543  -49.584  34.980  15.064 0.0000000000
116263  -49.605  36.394  12.626 0.0000000000
116252  -49.794  36.526  14.072 0.0000000000
91258  -52.416  11.265  2.734 0.0000000000
91256  -50.170  11.547  2.795 0.0000000000
91207  -50.921  11.346  5.776 0.0000000000
90074  -51.318  11.098  5.031 0.0000000000
90095  -50.658  10.830  4.200 0.0000000000
91255  -49.380  11.847  3.115 0.0000000000
91241  -48.874  11.897  3.674 0.0000000000
91240  -48.493  12.313  3.867 0.0000000000
92410  -48.158  12.792  3.985 0.0000000000
91205  -48.323  11.892  5.170 0.0000000000
92397  -47.904  12.689  4.699 0.0000000000
93594  -47.771  13.511  4.358 0.0000000000
93593  -47.422  13.433  4.976 0.0000000000
94754  -46.920  14.177  5.100 0.0000000000
94753  -46.228  14.491  5.430 0.0000000000
92358  -46.390  12.843  7.311 0.0000000000
92369  -46.585  12.867  6.496 0.0000000000
93582  -46.141  13.599  5.989 0.0000000000
95870  -45.528  15.387  5.501 0.0000000000
98104  -44.211  16.956  6.285 0.0000000000
98091  -43.739  17.157  6.691 0.0000000000
100392  -42.651  19.397  7.114 0.0000000000
96919  -48.505  17.159  12.317 0.0000000000
100299  -46.897  19.712  15.134 0.0000000000
101442  -46.713  20.305  14.697 0.0000000000
99150  -43.899  19.172  14.283 0.0000000000
100311  -43.667  19.643  13.753 0.0000000000
101453  -45.591  20.412  13.736 0.0000000000
101469  -46.812  20.830  13.668 0.0000000000
100324  -46.455  20.278  13.107 0.0000000000
100345  -47.165  19.697  12.961 0.0000000000
98046  -47.207  18.281  12.348 0.0000000000
96918  -47.754  17.286  12.216 0.0000000000
95799  -47.076  15.601  11.277 0.0000000000
94673  -46.431  14.998  11.064 0.0000000000
94672  -45.636  14.871  11.187 0.0000000000
93514  -44.655  13.783  10.146 0.0000000000
93527  -44.133  13.659  9.533 0.0000000000
95794  -42.095  15.627  11.577 0.0000000000
94669  -42.747  14.871  11.181 0.0000000000
94678  -41.754  14.884  10.455 0.0000000000
94679  -42.419  14.473  10.425 0.0000000000
93512  -43.005  14.014  10.136 0.0000000000
93526  -43.299  13.840  9.542 0.0000000000
94708  -43.114  14.128  8.755 0.0000000000
103619  -40.777  22.273  7.615 0.0000000000
102576  -40.383  21.346  7.799 0.0000000000
104634  -40.539  22.836  7.831 0.0000000000
105618  -39.997  24.118  8.792 0.0000000000
105614  -39.580  24.503  9.310 0.0000000000
100381  -38.733  19.415  8.670 0.0000000000
106690  -39.330  25.343  9.524 0.0000000000
107727  -38.973  26.145  9.395 0.0000000000
108716  -38.564  26.920  9.123 0.0000000000
107726  -38.065  26.234  9.460 0.0000000000
108715  -37.704  27.002  9.067 0.0000000000
108733  -38.121  27.638  8.788 0.0000000000
92514  -54.762  13.048  -4.011 0.0000000000
93675  -54.747  14.360  -3.204 0.0000000000
93680  -54.772  13.832  -3.748 0.0000000000
93679  -54.720  14.004  -4.206 0.0000000000
94850  -54.455  14.626  -4.015 0.0000000000
95966  -54.203  15.298  -4.088 0.0000000000
97101  -54.045  16.021  -4.077 0.0000000000
94791  -50.588  14.481  0.666 0.0000000000
98140  -50.352  17.492  1.921 0.0000000000
97031  -51.288  17.038  1.181 0.0000000000
98149  -51.652  17.611  1.254 0.0000000000
97040  -51.717  16.519  0.441 0.0000000000
97053  -52.097  16.070  -0.392 0.0000000000
97071  -53.927  16.334  -2.120 0.0000000000
97072  -54.426  16.847  -2.077 0.0000000000
98165  -53.788  17.699  -0.583 0.0000000000
97082  -54.820  16.430  -2.885 0.0000000000
97094  -55.069  16.711  -3.091 0.0000000000
97102  -54.634  16.444  -3.469 0.0000000000
98202  -54.420  17.246  -3.512 0.0000000000
99351  -54.791  17.915  -3.289 0.0000000000
99341  -54.516  18.552  -2.901 0.0000000000
100493  -55.235  19.549  -1.979 0.0000000000
100506  -54.903  19.461  -2.437 0.0000000000
101627  -54.236  20.663  -2.379 0.0000000000
102673  -54.282  21.494  -2.231 0.0000000000
102672  -53.736  21.544  -2.226 0.0000000000
102639  -54.331  21.333  0.452 0.0000000000
102640  -54.841  21.358  0.180 0.0000000000
103697  -54.792  22.042  -0.002 0.0000000000
104717  -55.043  22.792  -0.075 0.0000000000
103717  -54.869  22.237  -1.111 0.0000000000
103720  -54.176  21.994  -2.194 0.0000000000
105727  -52.869  24.456  -1.469 0.0000000000
105726  -52.063  24.595  -1.186 0.0000000000
106829  -51.678  25.432  -1.131 0.0000000000
102585  -43.457  21.331  6.510 0.0000000000
103641  -45.377  22.210  5.162 0.0000000000
106711  -45.509  25.549  7.497 0.0000000000
106720  -45.728  25.165  6.767 0.0000000000
106713  -47.340  25.513  7.304 0.0000000000
106721  -46.628  25.153  6.659 0.0000000000
105634  -45.861  24.475  6.095 0.0000000000
105639  -46.209  24.142  5.547 0.0000000000
104650  -46.226  23.487  5.095 0.0000000000
103655  -46.865  23.086  3.812 0.0000000000
104675  -47.421  23.552  3.797 0.0000000000
105642  -48.376  24.818  5.068 0.0000000000
105668  -48.048  24.126  3.865 0.0000000000
104676  -47.972  23.499  3.399 0.0000000000
110544  -50.418  29.749  12.537 0.0000000000
110545  -51.061  29.634  12.263 0.0000000000
110554  -50.919  29.383  11.693 0.0000000000
111429  -51.330  29.893  11.010 0.0000000000
109665  -50.818  28.989  10.746 0.0000000000
109677  -50.669  28.481  10.234 0.0000000000
108739  -50.669  27.388  8.917 0.0000000000
107746  -50.974  27.312  8.476 0.0000000000
111469  -46.606  30.576  8.670 0.0000000000
110598  -49.666  29.270  8.413 0.0000000000
110605  -48.621  29.119  7.568 0.0000000000
110606  -49.296  29.084  7.841 0.0000000000
110599  -50.842  29.119  8.875 0.0000000000
109691  -51.211  28.503  8.547 0.0000000000
108740  -51.277  27.727  8.634 0.0000000000
107751  -51.213  27.035  7.960 0.0000000000
107759  -52.430  26.755  5.990 0.0000000000
107758  -52.071  26.280  5.671 0.0000000000
106740  -50.957  25.483  4.523 0.0000000000
105671  -50.460  24.915  3.208 0.0000000000
107774  -52.848  26.533  3.631 0.0000000000
107790  -53.534  26.315  1.509 0.0000000000
108815  -53.049  26.950  0.919 0.0000000000
108770  -49.269  27.612  3.139 0.0000000000
108785  -49.767  27.556  2.319 0.0000000000
108811  -49.504  28.211  0.655 0.0000000000
108841  -53.385  27.437  -1.180 0.0000000000
108840  -52.877  27.440  -1.599 0.0000000000
109804  -51.847  28.748  -1.775 0.0000000000
109805  -52.426  28.152  -1.743 0.0000000000
108838  -51.492  27.388  -1.967 0.0000000000
110728  -48.099  29.718  -5.079 0.0000000000
110726  -46.149  28.627  -5.686 0.0000000000
111537  -41.486  30.472  1.070 0.0000000000
111545  -41.592  30.546  0.052 0.0000000000
113073  -41.451  32.166  -0.420 0.0000000000
111551  -41.524  30.509  -1.004 0.0000000000
111558  -41.513  30.484  -2.127 0.0000000000
111563  -41.537  30.297  -3.460 0.0000000000
114716  -43.188  34.248  -3.988 0.0000000000
113881  -42.237  33.023  -3.822 0.0000000000
114730  -43.144  33.273  -6.441 0.0000000000
113882  -42.593  33.331  -4.650 0.0000000000
113091  -41.977  32.174  -3.972 0.0000000000
110735  -41.496  29.496  -5.830 0.0000000000
110734  -41.123  29.477  -6.450 0.0000000000
111581  -41.719  30.432  -7.271 0.0000000000
112344  -39.721  31.246  -3.979 0.0000000000
114722  -41.552  34.665  -5.826 0.0000000000
114721  -41.306  34.543  -4.847 0.0000000000
114715  -40.939  34.347  -4.007 0.0000000000
115532  -40.528  34.941  -3.484 0.0000000000
114709  -40.512  34.327  -3.227 0.0000000000
117289  -50.085  37.369  0.068 0.0000000000
116443  -47.857  36.838  -1.788 0.0000000000
116442  -46.750  36.593  -1.680 0.0000000000
116441  -45.680  36.537  -1.480 0.0000000000
116457  -45.017  36.765  -2.157 0.0000000000
116456  -44.374  36.738  -1.821 0.0000000000
117298  -43.463  37.189  -0.422 0.0000000000
117310  -43.866  36.885  -1.448 0.0000000000
117321  -43.047  37.425  -2.353 0.0000000000
118164  -42.272  38.102  -3.143 0.0000000000
118155  -41.396  38.537  -2.596 0.0000000000
118145  -40.765  38.969  -2.060 0.0000000000
118154  -40.742  39.158  -3.018 0.0000000000
118927  -40.094  39.432  -3.583 0.0000000000
118926  -39.076  39.291  -3.705 0.0000000000
90085  -50.974  10.818  4.560 0.0000000000
90094  -50.425  10.911  4.039 0.0000000000
91224  -49.775  11.095  4.319 0.0000000000
92385  -47.836  12.477  5.173 0.0000000000
92411  -48.529  12.528  3.598 0.0000000000
92515  -55.041  13.340  -3.626 0.0000000000
93511  -42.640  14.186  10.028 0.0000000000
93525  -42.806  14.082  9.763 0.0000000000
93540  -43.714  13.722  9.010 0.0000000000
93557  -45.734  13.287  7.225 0.0000000000
93681  -55.002  13.876  -3.635 0.0000000000
94736  -43.796  14.746  7.193 0.0000000000
94763  -47.817  14.066  4.171 0.0000000000
94845  -54.788  14.082  -3.582 0.0000000000
94852  -54.717  14.252  -3.730 0.0000000000
95861  -44.404  15.419  6.372 0.0000000000
95960  -54.969  16.028  -3.020 0.0000000000
97083  -55.029  17.151  -2.450 0.0000000000
97092  -53.530  15.911  -3.797 0.0000000000
98006  -44.920  18.521  14.606 0.0000000000
98167  -54.807  18.047  -1.299 0.0000000000
98182  -54.784  17.563  -1.667 0.0000000000
98194  -53.404  17.544  -3.309 0.0000000000
98211  -53.956  16.623  -3.647 0.0000000000
98212  -54.461  16.938  -3.554 0.0000000000
99162  -42.892  19.291  13.562 0.0000000000
99163  -45.491  20.038  12.813 0.0000000000
99350  -54.148  17.786  -3.349 0.0000000000
100298  -46.342  19.814  14.738 0.0000000000
100310  -43.144  19.419  13.637 0.0000000000
100320  -42.826  19.299  12.918 0.0000000000
100465  -54.707  19.472  0.007 0.0000000000
101441  -46.227  20.166  14.532 0.0000000000
101598  -54.998  20.094  0.042 0.0000000000
102667  -54.666  21.359  -2.080 0.0000000000
103691  -54.463  22.032  0.358 0.0000000000
103706  -54.934  22.090  -0.548 0.0000000000
105651  -47.118  24.132  4.749 0.0000000000
105670  -49.607  24.721  3.526 0.0000000000
106716  -50.207  25.649  6.915 0.0000000000
106738  -49.115  25.054  5.050 0.0000000000
106753  -51.157  25.388  3.716 0.0000000000
106825  -54.240  24.887  -1.000 0.0000000000
107745  -50.543  26.937  8.450 0.0000000000
107756  -52.327  26.928  6.364 0.0000000000
108728  -50.752  27.967  9.608 0.0000000000
108746  -52.476  27.046  6.158 0.0000000000
108749  -52.221  27.601  5.532 0.0000000000
108781  -46.368  27.705  1.971 0.0000000000
108782  -46.992  27.627  2.167 0.0000000000
108783  -47.873  27.651  2.198 0.0000000000
108794  -46.113  27.818  1.692 0.0000000000
108809  -46.649  27.990  0.782 0.0000000000
108812  -50.050  28.110  0.670 0.0000000000
108825  -52.564  28.058  -0.329 0.0000000000
108856  -52.339  27.873  -1.938 0.0000000000
109648  -50.509  29.043  11.336 0.0000000000
109649  -50.843  29.269  11.264 0.0000000000
109676  -45.350  28.961  10.037 0.0000000000
109689  -49.921  29.061  8.004 0.0000000000
109693  -48.886  28.867  7.287 0.0000000000
109699  -46.632  28.926  6.210 0.0000000000
109706  -44.596  29.083  5.347 0.0000000000
109728  -50.909  27.894  4.633 0.0000000000
109734  -42.819  29.073  3.375 0.0000000000
109735  -43.403  28.943  3.797 0.0000000000
109745  -42.998  28.836  2.869 0.0000000000
109759  -46.327  28.099  0.779 0.0000000000
109761  -48.530  28.123  0.816 0.0000000000
109787  -49.304  28.881  -0.788 0.0000000000
109790  -51.716  28.775  -1.007 0.0000000000
109792  -53.054  27.974  -1.208 0.0000000000
109803  -50.302  29.378  -1.546 0.0000000000
109813  -42.785  28.783  -3.240 0.0000000000
109820  -52.059  28.257  -2.105 0.0000000000
110546  -51.267  29.685  11.896 0.0000000000
110553  -50.385  29.328  11.924 0.0000000000
110555  -51.153  29.551  11.277 0.0000000000
110567  -50.140  30.103  10.036 0.0000000000
110580  -45.423  29.571  10.134 0.0000000000
110582  -49.371  30.035  9.457 0.0000000000
110584  -51.058  29.207  9.576 0.0000000000
110595  -46.522  30.291  8.173 0.0000000000
110609  -43.761  30.205  6.284 0.0000000000
110614  -48.290  28.995  7.063 0.0000000000
110631  -43.931  29.395  5.350 0.0000000000
110639  -43.128  29.355  4.331 0.0000000000
110661  -43.422  28.772  1.101 0.0000000000
110672  -50.629  29.402  -1.582 0.0000000000
110674  -51.300  29.056  -1.208 0.0000000000
110688  -50.457  29.582  -2.134 0.0000000000
110704  -50.489  29.999  -3.040 0.0000000000
110712  -42.097  29.235  -3.324 0.0000000000
110719  -50.925  29.756  -3.253 0.0000000000
110720  -51.218  29.440  -2.876 0.0000000000
110725  -42.074  29.126  -4.023 0.0000000000
110729  -49.133  30.095  -5.119 0.0000000000
110740  -49.528  29.895  -5.514 0.0000000000
110743  -41.396  29.959  -7.115 0.0000000000
111387  -51.043  30.774  13.683 0.0000000000
111401  -51.356  29.900  12.209 0.0000000000
111412  -51.250  30.348  11.693 0.0000000000
111426  -49.076  30.665  10.575 0.0000000000
111451  -47.771  30.641  9.648 0.0000000000
111453  -49.351  30.371  10.079 0.0000000000
111455  -51.066  29.663  10.345 0.0000000000
111470  -47.477  30.403  8.953 0.0000000000
111475  -44.166  31.036  7.441 0.0000000000
111476  -44.847  30.777  7.716 0.0000000000
111482  -43.166  30.922  6.370 0.0000000000
111485  -45.146  30.301  7.405 0.0000000000
111493  -42.988  30.431  5.775 0.0000000000
111505  -42.450  30.475  5.055 0.0000000000
111514  -41.797  30.635  3.808 0.0000000000
111515  -42.266  30.174  4.196 0.0000000000
111576  -42.208  30.943  -6.564 0.0000000000
112170  -50.491  32.828  15.974 0.0000000000
112171  -50.893  33.024  15.948 0.0000000000
112176  -50.465  32.743  15.478 0.0000000000
112186  -51.192  31.058  13.729 0.0000000000
112202  -51.210  31.061  13.389 0.0000000000
112217  -50.451  31.337  12.258 0.0000000000
112232  -46.163  31.972  10.375 0.0000000000
112265  -44.834  31.797  8.784 0.0000000000
112266  -45.527  31.402  8.990 0.0000000000
112272  -42.939  31.578  6.500 0.0000000000
112288  -41.779  31.278  4.236 0.0000000000
112297  -41.472  31.185  3.490 0.0000000000
112929  -48.772  33.299  15.771 0.0000000000
112937  -49.523  32.640  15.754 0.0000000000
112938  -50.660  33.198  15.625 0.0000000000
112971  -48.164  32.836  12.797 0.0000000000
112988  -46.286  32.865  11.301 0.0000000000
112989  -46.867  32.734  11.767 0.0000000000
113007  -45.498  32.420  10.032 0.0000000000
113018  -43.479  32.220  7.620 0.0000000000
113045  -41.531  31.816  3.172 0.0000000000
113054  -41.371  31.760  2.422 0.0000000000
113061  -41.387  31.998  1.716 0.0000000000
113067  -41.492  32.209  0.713 0.0000000000
113083  -40.149  32.731  -2.887 0.0000000000
113099  -42.014  31.958  -5.257 0.0000000000
113100  -42.382  32.449  -5.552 0.0000000000
113722  -47.381  33.976  15.425 0.0000000000
113723  -48.092  33.920  15.764 0.0000000000
113742  -49.757  34.131  14.921 0.0000000000
113752  -45.127  33.419  14.193 0.0000000000
113753  -48.209  33.822  13.590 0.0000000000
113771  -48.426  33.282  13.425 0.0000000000
113780  -45.601  33.208  10.531 0.0000000000
113792  -43.618  32.784  7.982 0.0000000000
113800  -42.525  32.667  5.446 0.0000000000
113823  -43.860  33.946  3.042 0.0000000000
113863  -41.616  32.994  -0.584 0.0000000000
113902  -43.219  32.902  -8.697 0.0000000000
113906  -42.971  32.910  -9.051 0.0000000000
113907  -43.270  33.013  -9.187 0.0000000000
113915  -43.089  33.036  -9.383 0.0000000000
113916  -43.252  33.214  -9.325 0.0000000000
114521  -47.673  34.309  15.533 0.0000000000
114568  -46.592  33.802  11.957 0.0000000000
114580  -45.806  33.657  10.873 0.0000000000
114599  -43.660  33.322  7.966 0.0000000000
114621  -46.329  34.723  3.403 0.0000000000
114633  -47.228  34.632  2.203 0.0000000000
114691  -46.335  34.922  -0.934 0.0000000000
114692  -47.158  35.012  -0.847 0.0000000000
114693  -47.999  35.338  -1.090 0.0000000000
114694  -48.596  35.352  -0.983 0.0000000000
114703  -47.327  35.297  -1.467 0.0000000000
114737  -42.838  33.562  -8.589 0.0000000000
114738  -43.497  33.590  -8.124 0.0000000000
114739  -43.979  34.445  -7.748 0.0000000000
114746  -43.034  33.420  -9.103 0.0000000000
114747  -43.530  33.397  -8.820 0.0000000000
114756  -43.249  33.372  -9.183 0.0000000000
114757  -43.519  33.475  -9.059 0.0000000000
114758  -43.802  33.726  -8.871 0.0000000000
115333  -49.558  35.668  15.245 0.0000000000
115348  -47.037  35.916  14.759 0.0000000000
115350  -49.049  35.152  14.420 0.0000000000
115362  -46.555  36.343  14.343 0.0000000000
115418  -45.700  35.196  8.509 0.0000000000
115429  -45.049  35.028  7.500 0.0000000000
115437  -45.798  35.415  6.686 0.0000000000
115450  -46.113  35.122  4.757 0.0000000000
115453  -49.432  35.612  3.984 0.0000000000
115454  -50.410  35.732  4.053 0.0000000000
115461  -50.864  35.745  3.349 0.0000000000
115491  -49.229  35.354  -0.207 0.0000000000
115503  -46.073  35.211  -1.554 0.0000000000
115506  -49.236  35.382  -1.051 0.0000000000
115521  -48.428  35.530  -1.954 0.0000000000
115522  -49.305  35.521  -1.886 0.0000000000
115529  -37.889  36.159  -2.520 0.0000000000
115536  -48.370  35.601  -2.930 0.0000000000
115547  -48.239  35.738  -3.906 0.0000000000
115550  -50.412  35.991  -2.856 0.0000000000
115555  -41.385  35.695  -5.634 0.0000000000
115559  -48.033  35.803  -4.852 0.0000000000
115577  -42.668  34.711  -8.057 0.0000000000
115578  -44.639  35.198  -7.358 0.0000000000
115581  -47.293  35.935  -6.394 0.0000000000
115598  -43.539  33.954  -9.015 0.0000000000
115599  -43.922  34.074  -8.812 0.0000000000
116218  -49.527  35.971  15.308 0.0000000000
116373  -50.140  36.239  6.095 0.0000000000
116389  -51.279  36.142  3.503 0.0000000000
116428  -47.407  36.633  -0.841 0.0000000000
116439  -44.278  36.717  -1.496 0.0000000000
116440  -44.624  36.652  -1.221 0.0000000000
116444  -48.898  37.211  -1.878 0.0000000000
116445  -49.690  37.352  -1.724 0.0000000000
116447  -51.444  36.625  -1.500 0.0000000000
116458  -46.030  36.766  -2.455 0.0000000000
116461  -49.011  37.388  -2.571 0.0000000000
116462  -50.740  36.457  -2.610 0.0000000000
116470  -39.965  36.339  -4.086 0.0000000000
116471  -47.928  37.200  -3.351 0.0000000000
116472  -48.448  37.328  -3.220 0.0000000000
116482  -40.980  36.232  -5.344 0.0000000000
116484  -49.362  36.342  -4.387 0.0000000000
116492  -47.560  36.313  -6.041 0.0000000000
116493  -48.156  36.386  -5.436 0.0000000000
116506  -47.009  36.267  -6.637 0.0000000000
116514  -43.045  35.389  -8.101 0.0000000000
116517  -44.502  35.460  -7.730 0.0000000000
117302  -51.119  37.341  -1.290 0.0000000000
117311  -44.215  36.749  -1.106 0.0000000000
117315  -51.457  36.978  -1.696 0.0000000000
117325  -47.182  37.194  -3.548 0.0000000000
117326  -48.818  37.396  -3.057 0.0000000000
117327  -49.533  37.362  -2.964 0.0000000000
117343  -50.158  36.756  -3.449 0.0000000000
117344  -50.383  36.684  -3.246 0.0000000000
117350  -40.294  37.050  -5.342 0.0000000000
117358  -49.612  36.675  -3.959 0.0000000000
117364  -40.063  37.788  -5.490 0.0000000000
118147  -42.111  38.035  -0.996 0.0000000000
118162  -40.696  39.238  -3.579 0.0000000000
118179  -40.199  38.140  -5.550 0.0000000000
118182  -43.212  37.965  -5.534 0.0000000000
118928  -40.667  39.262  -3.857 0.0000000000
