#!ascii label  , from subject sub001 vox2ras=TkReg
865
51464  -16.900  -21.203  46.522 0.0000000000
67237  -41.114  -8.778  42.924 0.0000000000
74588  -44.505  -2.820  36.784 0.0000000000
69719  -52.964  -6.739  30.485 0.0000000000
64674  -37.639  -10.625  42.923 0.0000000000
73508  -49.057  -3.691  33.426 0.0000000000
80775  -49.012  2.226  27.516 0.0000000000
85555  -51.294  6.631  27.753 0.0000000000
63443  -43.874  -11.239  41.438 0.0000000000
69587  -44.762  -6.163  40.167 0.0000000000
72139  -42.925  -5.017  40.947 0.0000000000
56122  -16.190  -17.321  48.659 0.0000000000
60827  -16.852  -14.118  47.515 0.0000000000
64575  -20.621  -12.562  48.784 0.0000000000
62029  -24.616  -13.532  50.413 0.0000000000
64580  -29.760  -11.413  48.992 0.0000000000
63350  -35.576  -11.527  46.850 0.0000000000
60958  -40.051  -13.291  43.373 0.0000000000
70953  -48.522  -5.250  36.524 0.0000000000
86700  -54.226  7.821  26.138 0.0000000000
65914  -42.795  -9.170  43.291 0.0000000000
68412  -44.134  -7.119  42.388 0.0000000000
68431  -42.429  -6.785  41.915 0.0000000000
56161  -15.680  -17.048  46.370 0.0000000000
58433  -16.374  -15.258  48.736 0.0000000000
64629  -31.141  -10.537  46.069 0.0000000000
64596  -33.138  -10.826  47.606 0.0000000000
65874  -34.148  -10.375  46.052 0.0000000000
65911  -39.585  -9.974  43.428 0.0000000000
64636  -39.224  -10.960  44.948 0.0000000000
64653  -40.857  -10.273  44.255 0.0000000000
60978  -41.767  -12.979  42.462 0.0000000000
74556  -45.158  -2.916  39.684 0.0000000000
70936  -45.778  -4.473  37.466 0.0000000000
74568  -47.874  -2.845  38.314 0.0000000000
69700  -50.722  -6.478  32.117 0.0000000000
69655  -51.618  -6.846  34.328 0.0000000000
68577  -53.395  -7.851  32.494 0.0000000000
67477  -54.410  -7.610  29.680 0.0000000000
80742  -51.398  2.694  30.689 0.0000000000
76974  -51.520  0.033  30.424 0.0000000000
64659  -35.623  -11.123  44.080 0.0000000000
68628  -49.698  -7.018  29.852 0.0000000000
84403  -49.958  4.903  28.209 0.0000000000
84387  -52.361  5.324  30.054 0.0000000000
84471  -55.356  5.623  25.698 0.0000000000
61021  -43.816  -12.442  39.422 0.0000000000
65939  -45.036  -9.174  41.058 0.0000000000
72142  -44.498  -4.621  41.019 0.0000000000
53721  -17.225  -19.417  48.453 0.0000000000
60853  -18.418  -13.848  46.743 0.0000000000
63341  -18.563  -12.227  47.431 0.0000000000
60855  -20.318  -13.437  47.624 0.0000000000
59625  -22.115  -14.483  49.553 0.0000000000
58397  -23.803  -14.974  50.314 0.0000000000
59605  -26.460  -14.399  50.782 0.0000000000
63299  -27.538  -12.168  49.774 0.0000000000
60819  -31.313  -12.737  48.236 0.0000000000
65865  -36.696  -10.301  45.973 0.0000000000
62144  -37.399  -12.570  45.294 0.0000000000
59751  -38.330  -14.253  43.490 0.0000000000
59796  -39.937  -14.534  41.890 0.0000000000
61006  -42.408  -13.472  40.858 0.0000000000
73465  -49.899  -4.222  35.993 0.0000000000
75763  -51.295  -2.019  28.693 0.0000000000
72310  -53.717  -4.471  29.220 0.0000000000
51445  -16.482  -21.116  48.303 0.0000000000
67218  -41.496  -8.362  43.332 0.0000000000
68390  -42.033  -7.503  43.119 0.0000000000
68409  -41.810  -7.608  42.524 0.0000000000
63392  -32.071  -11.015  44.777 0.0000000000
64619  -32.904  -10.475  46.791 0.0000000000
64646  -33.725  -10.637  45.088 0.0000000000
65934  -40.550  -9.343  42.672 0.0000000000
65895  -40.319  -9.798  44.054 0.0000000000
67201  -41.180  -8.933  43.836 0.0000000000
64662  -41.539  -10.157  43.722 0.0000000000
74567  -47.132  -2.695  38.365 0.0000000000
74579  -46.929  -2.407  37.852 0.0000000000
68590  -52.007  -7.194  31.214 0.0000000000
69685  -52.106  -6.757  32.688 0.0000000000
69702  -52.815  -7.024  31.644 0.0000000000
68593  -54.192  -7.930  30.864 0.0000000000
69720  -53.887  -6.840  30.681 0.0000000000
80761  -52.579  2.520  29.870 0.0000000000
79552  -52.603  1.406  30.626 0.0000000000
79577  -52.569  1.502  29.296 0.0000000000
84446  -49.382  5.661  26.240 0.0000000000
84424  -50.543  5.877  28.009 0.0000000000
85516  -51.273  5.676  29.743 0.0000000000
85535  -51.908  6.903  28.931 0.0000000000
85536  -53.092  6.398  28.906 0.0000000000
86648  -52.680  7.097  28.745 0.0000000000
87779  -55.193  7.631  26.813 0.0000000000
62225  -44.021  -11.982  40.381 0.0000000000
63454  -44.450  -11.085  40.185 0.0000000000
64695  -44.749  -10.051  41.230 0.0000000000
70884  -43.025  -5.416  42.027 0.0000000000
69564  -44.664  -6.175  41.794 0.0000000000
72141  -43.811  -4.758  41.223 0.0000000000
73394  -44.202  -3.583  40.271 0.0000000000
73393  -43.490  -3.728  40.019 0.0000000000
54936  -17.619  -18.702  47.696 0.0000000000
56123  -16.747  -17.294  48.528 0.0000000000
58420  -16.481  -14.636  48.519 0.0000000000
63343  -20.108  -11.914  47.614 0.0000000000
63325  -20.141  -12.430  48.209 0.0000000000
60831  -19.761  -13.015  47.792 0.0000000000
60815  -20.279  -13.046  48.822 0.0000000000
59624  -21.174  -14.038  49.089 0.0000000000
60806  -21.271  -13.384  49.639 0.0000000000
60784  -24.210  -13.949  51.177 0.0000000000
59615  -25.105  -14.945  50.358 0.0000000000
60796  -25.528  -13.776  51.009 0.0000000000
64604  -29.696  -11.102  47.707 0.0000000000
63329  -28.737  -11.392  48.276 0.0000000000
64579  -28.886  -11.371  49.138 0.0000000000
63300  -28.104  -12.094  49.935 0.0000000000
63314  -29.483  -12.115  49.307 0.0000000000
60809  -29.727  -13.013  49.214 0.0000000000
62069  -31.012  -12.456  48.594 0.0000000000
63348  -34.069  -11.106  47.606 0.0000000000
60842  -33.434  -12.703  47.580 0.0000000000
60868  -34.645  -12.963  46.862 0.0000000000
60891  -35.897  -13.155  46.200 0.0000000000
65891  -35.964  -10.423  44.963 0.0000000000
65892  -37.097  -10.529  44.542 0.0000000000
63383  -39.746  -11.780  44.689 0.0000000000
63381  -38.371  -11.540  44.935 0.0000000000
62161  -39.033  -12.749  44.237 0.0000000000
60937  -38.403  -13.528  44.193 0.0000000000
60957  -39.336  -13.584  43.487 0.0000000000
59776  -40.146  -14.008  42.496 0.0000000000
62189  -42.684  -11.896  41.910 0.0000000000
60993  -42.202  -13.069  41.712 0.0000000000
60994  -42.816  -12.843  41.163 0.0000000000
59818  -43.148  -13.562  39.553 0.0000000000
53719  -15.605  -18.233  48.739 0.0000000000
54908  -15.935  -18.089  49.364 0.0000000000
53712  -16.514  -19.241  49.656 0.0000000000
65979  -44.662  -8.288  39.807 0.0000000000
68481  -44.435  -7.220  38.981 0.0000000000
72204  -47.296  -4.446  37.186 0.0000000000
73495  -48.625  -3.358  34.183 0.0000000000
74612  -49.057  -3.080  35.362 0.0000000000
73497  -50.222  -4.021  34.633 0.0000000000
68544  -51.829  -7.620  34.251 0.0000000000
68526  -50.749  -7.366  35.204 0.0000000000
76991  -52.906  -0.683  30.187 0.0000000000
75746  -51.528  -1.443  29.245 0.0000000000
74646  -53.152  -2.330  29.445 0.0000000000
73540  -53.192  -3.854  29.011 0.0000000000
73530  -54.562  -3.472  29.105 0.0000000000
71082  -56.061  -5.014  28.896 0.0000000000
85591  -52.055  7.225  25.568 0.0000000000
86683  -52.687  7.560  27.013 0.0000000000
85592  -52.800  7.390  25.257 0.0000000000
86712  -54.198  7.692  25.107 0.0000000000
65936  -43.261  -9.594  42.462 0.0000000000
65937  -44.017  -9.425  41.874 0.0000000000
67220  -43.194  -8.265  43.175 0.0000000000
69540  -43.004  -6.625  42.788 0.0000000000
69563  -42.682  -6.111  41.627 0.0000000000
56139  -15.734  -16.796  48.296 0.0000000000
57249  -15.949  -15.973  48.519 0.0000000000
59650  -16.738  -14.175  46.799 0.0000000000
64605  -30.666  -10.728  47.665 0.0000000000
64595  -31.860  -11.015  48.049 0.0000000000
64607  -32.800  -10.635  47.321 0.0000000000
65852  -33.572  -10.410  47.177 0.0000000000
67144  -34.674  -10.309  47.012 0.0000000000
65931  -38.293  -10.338  43.076 0.0000000000
65893  -38.320  -10.583  44.314 0.0000000000
65894  -39.450  -10.359  44.039 0.0000000000
64652  -40.149  -10.499  44.416 0.0000000000
63412  -40.605  -11.793  43.758 0.0000000000
60959  -40.721  -12.923  42.995 0.0000000000
63413  -41.029  -11.248  43.621 0.0000000000
63431  -42.172  -11.230  42.387 0.0000000000
54948  -15.661  -17.741  47.112 0.0000000000
72162  -45.009  -4.317  40.118 0.0000000000
70935  -44.561  -4.959  38.133 0.0000000000
73431  -45.905  -3.041  38.742 0.0000000000
73433  -47.552  -3.286  38.198 0.0000000000
72189  -48.533  -3.926  37.438 0.0000000000
71009  -50.037  -5.076  32.646 0.0000000000
72254  -50.667  -4.757  33.943 0.0000000000
71011  -51.525  -6.125  33.297 0.0000000000
69672  -52.310  -7.282  33.567 0.0000000000
80759  -50.272  2.359  29.275 0.0000000000
79566  -50.312  1.450  29.412 0.0000000000
79567  -50.759  1.605  30.330 0.0000000000
76976  -52.954  -0.084  30.546 0.0000000000
65955  -40.807  -9.672  41.697 0.0000000000
65954  -40.176  -9.937  42.052 0.0000000000
74598  -46.157  -2.971  35.978 0.0000000000
72287  -48.770  -4.687  32.213 0.0000000000
69698  -48.828  -6.049  31.751 0.0000000000
68610  -50.388  -7.268  30.605 0.0000000000
68630  -51.330  -6.998  29.648 0.0000000000
81980  -49.334  3.887  27.809 0.0000000000
83175  -50.599  4.377  29.677 0.0000000000
83145  -52.027  4.282  30.815 0.0000000000
83176  -52.648  4.542  29.917 0.0000000000
86666  -53.887  7.540  27.684 0.0000000000
85577  -54.746  6.429  26.845 0.0000000000
63484  -44.024  -10.990  38.760 0.0000000000
64711  -44.649  -9.728  39.967 0.0000000000
68451  -45.019  -7.427  40.487 0.0000000000
67240  -44.550  -8.353  41.700 0.0000000000
69565  -45.003  -6.332  41.046 0.0000000000
70904  -45.003  -5.383  40.632 0.0000000000
74548  -44.926  -3.261  40.058 0.0000000000
74555  -44.907  -2.495  39.481 0.0000000000
67283  -42.400  -7.525  41.182 0.0000000000
68467  -42.507  -6.671  40.322 0.0000000000
72160  -41.870  -4.328  39.077 0.0000000000
52593  -17.316  -20.314  47.274 0.0000000000
53738  -17.821  -19.523  46.755 0.0000000000
60903  -19.785  -13.969  45.889 0.0000000000
60901  -16.970  -13.829  45.512 0.0000000000
62115  -17.180  -13.283  46.515 0.0000000000
63339  -17.560  -12.817  47.579 0.0000000000
60854  -19.412  -13.302  47.083 0.0000000000
57252  -23.237  -15.950  48.799 0.0000000000
57242  -23.530  -15.722  49.476 0.0000000000
62064  -25.920  -12.877  49.499 0.0000000000
62087  -27.528  -12.138  48.379 0.0000000000
63298  -26.675  -12.407  49.929 0.0000000000
62032  -27.097  -13.378  50.719 0.0000000000
60799  -27.620  -13.750  50.490 0.0000000000
62089  -31.937  -12.360  48.023 0.0000000000
64633  -35.025  -10.594  45.260 0.0000000000
65864  -35.548  -10.420  46.122 0.0000000000
64611  -36.182  -10.700  46.447 0.0000000000
65877  -37.426  -10.679  45.052 0.0000000000
64622  -37.167  -10.543  45.807 0.0000000000
62143  -36.750  -12.527  45.682 0.0000000000
60915  -37.108  -13.294  45.357 0.0000000000
58506  -37.204  -14.319  44.383 0.0000000000
58589  -39.924  -15.531  40.896 0.0000000000
60977  -41.139  -13.347  42.369 0.0000000000
59815  -40.849  -14.612  41.189 0.0000000000
58591  -41.287  -15.098  39.880 0.0000000000
59830  -41.899  -14.554  39.560 0.0000000000
52582  -16.750  -20.312  48.628 0.0000000000
74591  -47.764  -2.572  37.014 0.0000000000
74593  -49.014  -3.180  37.102 0.0000000000
72206  -49.014  -4.446  36.846 0.0000000000
72239  -50.959  -5.237  35.007 0.0000000000
70955  -50.187  -5.699  35.993 0.0000000000
69633  -49.102  -7.016  35.499 0.0000000000
69758  -50.287  -6.130  28.650 0.0000000000
69760  -51.858  -5.920  28.871 0.0000000000
78297  -49.685  0.245  28.808 0.0000000000
75761  -49.650  -1.302  28.678 0.0000000000
73538  -51.315  -3.506  28.265 0.0000000000
72322  -52.833  -4.539  28.878 0.0000000000
69737  -53.711  -6.095  29.866 0.0000000000
69738  -54.684  -6.134  29.670 0.0000000000
50243  -16.378  -21.739  46.736 0.0000000000
68389  -41.593  -7.825  42.969 0.0000000000
67238  -41.438  -8.272  42.542 0.0000000000
63407  -31.887  -11.441  43.876 0.0000000000
64645  -32.694  -10.672  45.321 0.0000000000
63393  -32.881  -11.030  44.529 0.0000000000
67217  -40.916  -8.988  43.413 0.0000000000
74577  -44.814  -2.445  37.626 0.0000000000
74578  -45.913  -2.068  37.818 0.0000000000
68612  -52.238  -7.073  30.620 0.0000000000
68591  -52.598  -7.105  31.009 0.0000000000
85574  -51.111  6.620  26.340 0.0000000000
85534  -51.212  6.178  28.937 0.0000000000
85556  -52.280  7.179  27.934 0.0000000000
62207  -43.936  -11.759  40.979 0.0000000000
63444  -44.431  -11.096  40.990 0.0000000000
64694  -44.295  -10.380  41.432 0.0000000000
72130  -43.127  -5.169  41.419 0.0000000000
72131  -43.319  -5.110  41.496 0.0000000000
72140  -43.291  -4.842  41.023 0.0000000000
73382  -43.155  -4.470  40.597 0.0000000000
73392  -42.796  -4.301  40.154 0.0000000000
56106  -16.549  -17.969  49.079 0.0000000000
59633  -16.543  -14.257  47.942 0.0000000000
59621  -16.684  -14.445  48.294 0.0000000000
63326  -20.529  -12.219  48.165 0.0000000000
62080  -19.988  -12.696  48.029 0.0000000000
62059  -20.115  -12.974  49.033 0.0000000000
60805  -20.651  -13.048  49.415 0.0000000000
62040  -20.733  -12.799  49.336 0.0000000000
62045  -24.787  -13.266  49.922 0.0000000000
62015  -23.818  -13.711  50.793 0.0000000000
60785  -24.797  -13.869  50.887 0.0000000000
62030  -25.296  -13.544  50.621 0.0000000000
64593  -29.768  -11.173  48.453 0.0000000000
64570  -29.153  -11.727  49.336 0.0000000000
63315  -30.335  -11.893  48.860 0.0000000000
63349  -34.510  -11.531  47.402 0.0000000000
62108  -34.350  -12.415  47.359 0.0000000000
62109  -35.024  -12.337  46.939 0.0000000000
60890  -35.301  -13.022  46.533 0.0000000000
62125  -35.691  -12.454  46.540 0.0000000000
64649  -36.549  -10.636  44.337 0.0000000000
64661  -37.138  -10.641  43.755 0.0000000000
62162  -39.717  -12.356  44.272 0.0000000000
62146  -39.081  -12.084  44.633 0.0000000000
60939  -39.452  -13.097  43.869 0.0000000000
60938  -38.963  -13.319  43.929 0.0000000000
59753  -39.593  -13.864  42.964 0.0000000000
63432  -43.076  -11.228  41.895 0.0000000000
62206  -43.343  -12.129  41.286 0.0000000000
62224  -43.715  -12.234  40.746 0.0000000000
54922  -15.825  -17.580  48.674 0.0000000000
56105  -16.231  -18.019  49.245 0.0000000000
68468  -44.943  -7.206  39.978 0.0000000000
67307  -44.656  -7.894  39.611 0.0000000000
69595  -44.436  -6.184  39.213 0.0000000000
70952  -47.550  -5.112  36.661 0.0000000000
69616  -46.735  -5.723  36.305 0.0000000000
69617  -47.864  -5.861  36.187 0.0000000000
69632  -48.168  -6.523  35.532 0.0000000000
73496  -49.390  -3.431  34.470 0.0000000000
72253  -49.886  -4.072  33.711 0.0000000000
79582  -49.348  1.395  27.986 0.0000000000
75748  -53.549  -1.476  29.811 0.0000000000
75747  -52.630  -1.387  29.689 0.0000000000
73529  -53.845  -3.448  29.313 0.0000000000
64678  -42.656  -10.229  42.533 0.0000000000
68410  -42.320  -7.148  42.441 0.0000000000
69539  -42.572  -7.007  42.724 0.0000000000
69552  -42.639  -6.218  42.324 0.0000000000
56151  -15.594  -16.800  47.446 0.0000000000
59668  -16.613  -14.485  46.330 0.0000000000
64643  -30.783  -10.820  45.361 0.0000000000
64617  -30.516  -10.708  46.847 0.0000000000
64618  -31.543  -10.583  46.850 0.0000000000
64606  -31.762  -10.740  47.495 0.0000000000
64631  -33.506  -10.431  46.043 0.0000000000
64620  -33.654  -10.354  46.565 0.0000000000
65862  -33.997  -10.259  46.704 0.0000000000
65853  -34.310  -10.362  47.135 0.0000000000
67164  -34.498  -10.291  46.827 0.0000000000
65932  -38.960  -10.238  42.932 0.0000000000
65910  -38.751  -10.327  43.540 0.0000000000
63398  -40.555  -10.812  44.267 0.0000000000
64663  -42.145  -9.798  43.277 0.0000000000
64677  -42.007  -10.457  43.008 0.0000000000
54935  -15.622  -17.556  48.074 0.0000000000
73417  -45.036  -3.838  39.874 0.0000000000
72175  -45.238  -3.409  38.956 0.0000000000
73418  -45.403  -3.140  39.332 0.0000000000
73420  -47.382  -2.944  38.543 0.0000000000
73421  -47.909  -3.065  38.393 0.0000000000
72188  -47.822  -3.809  37.568 0.0000000000
73434  -48.171  -3.345  37.911 0.0000000000
71025  -50.121  -5.730  32.337 0.0000000000
71010  -50.756  -5.559  33.002 0.0000000000
69684  -51.415  -6.345  32.646 0.0000000000
69686  -52.974  -7.270  32.678 0.0000000000
69671  -52.020  -6.703  33.456 0.0000000000
68576  -53.188  -7.635  32.818 0.0000000000
68561  -52.973  -7.784  33.182 0.0000000000
67440  -53.426  -8.421  31.706 0.0000000000
80760  -50.750  2.514  30.127 0.0000000000
79550  -51.665  1.846  30.944 0.0000000000
76992  -53.644  -0.575  29.868 0.0000000000
71023  -48.412  -5.316  31.665 0.0000000000
68627  -48.595  -7.020  29.847 0.0000000000
68629  -50.605  -7.124  29.757 0.0000000000
84423  -49.513  5.155  27.539 0.0000000000
84422  -48.882  4.873  27.107 0.0000000000
83212  -48.863  4.269  27.146 0.0000000000
83195  -49.815  4.390  28.333 0.0000000000
83174  -50.105  3.853  29.150 0.0000000000
83196  -50.221  4.449  29.020 0.0000000000
84386  -51.750  5.380  30.240 0.0000000000
84366  -51.626  4.782  30.513 0.0000000000
84367  -52.123  4.858  30.499 0.0000000000
83146  -52.451  4.383  30.480 0.0000000000
83198  -52.522  4.705  29.137 0.0000000000
84405  -52.588  5.517  29.404 0.0000000000
86684  -53.585  7.667  26.970 0.0000000000
86685  -54.367  7.847  26.925 0.0000000000
86687  -55.361  6.713  26.466 0.0000000000
86669  -55.119  6.852  26.924 0.0000000000
62261  -43.678  -12.338  38.805 0.0000000000
62262  -43.790  -11.643  38.532 0.0000000000
62244  -44.033  -11.859  39.368 0.0000000000
64696  -44.831  -9.803  40.804 0.0000000000
64710  -44.567  -10.515  39.858 0.0000000000
65959  -44.790  -8.798  40.573 0.0000000000
65960  -44.772  -8.196  40.293 0.0000000000
67264  -44.892  -8.086  40.671 0.0000000000
67239  -43.801  -8.291  42.474 0.0000000000
70893  -44.296  -5.290  41.671 0.0000000000
70894  -44.902  -5.335  41.212 0.0000000000
72150  -44.935  -4.552  40.617 0.0000000000
73405  -43.515  -2.947  39.508 0.0000000000
74546  -44.206  -2.793  39.938 0.0000000000
52583  -17.245  -20.096  48.043 0.0000000000
53726  -17.522  -19.625  47.686 0.0000000000
56124  -17.191  -17.630  48.099 0.0000000000
57250  -16.571  -16.249  48.607 0.0000000000
59670  -18.287  -14.612  46.158 0.0000000000
60877  -18.722  -14.046  46.286 0.0000000000
59671  -18.904  -14.134  46.031 0.0000000000
60878  -19.351  -13.773  46.279 0.0000000000
60902  -17.474  -13.570  45.204 0.0000000000
62133  -17.025  -13.445  45.979 0.0000000000
63340  -17.809  -12.491  47.447 0.0000000000
63322  -17.802  -12.799  47.632 0.0000000000
63323  -18.293  -12.636  47.626 0.0000000000
60879  -20.163  -13.582  46.775 0.0000000000
59653  -20.731  -14.087  47.279 0.0000000000
59673  -21.243  -14.575  46.828 0.0000000000
59637  -21.823  -14.587  48.607 0.0000000000
59638  -22.372  -14.887  49.180 0.0000000000
58436  -22.506  -15.401  48.515 0.0000000000
59626  -22.452  -14.867  49.556 0.0000000000
58388  -23.255  -14.385  50.789 0.0000000000
58387  -22.939  -14.239  50.801 0.0000000000
58396  -23.359  -14.866  50.392 0.0000000000
58409  -22.912  -15.075  50.055 0.0000000000
57230  -23.590  -15.345  49.932 0.0000000000
56082  -24.228  -15.688  49.957 0.0000000000
58399  -25.830  -14.921  50.401 0.0000000000
58411  -25.394  -15.501  50.240 0.0000000000
58412  -25.950  -15.413  50.120 0.0000000000
57233  -26.298  -15.565  49.735 0.0000000000
57221  -26.719  -14.977  49.954 0.0000000000
64591  -28.005  -11.310  48.978 0.0000000000
63328  -28.098  -11.499  48.501 0.0000000000
63313  -27.536  -11.931  49.354 0.0000000000
62065  -27.069  -12.406  49.146 0.0000000000
62047  -26.431  -12.717  50.321 0.0000000000
60807  -28.243  -13.451  49.968 0.0000000000
62049  -27.982  -12.973  50.261 0.0000000000
59607  -27.603  -14.148  50.155 0.0000000000
60818  -30.303  -12.947  48.763 0.0000000000
60838  -30.277  -12.830  48.199 0.0000000000
63330  -31.684  -11.680  48.243 0.0000000000
63331  -32.526  -11.560  47.890 0.0000000000
63395  -34.444  -11.267  44.152 0.0000000000
64647  -34.952  -10.816  44.734 0.0000000000
65876  -36.379  -10.379  45.513 0.0000000000
65890  -35.393  -10.545  45.126 0.0000000000
65855  -35.686  -10.527  46.449 0.0000000000
65878  -38.162  -10.789  44.613 0.0000000000
64634  -37.550  -10.899  45.178 0.0000000000
63380  -37.370  -11.501  45.394 0.0000000000
63366  -36.992  -10.902  46.008 0.0000000000
63379  -36.935  -11.992  45.525 0.0000000000
59731  -37.743  -13.973  44.206 0.0000000000
58526  -37.493  -14.530  43.648 0.0000000000
59775  -39.404  -14.464  42.439 0.0000000000
58568  -40.212  -14.907  41.293 0.0000000000
60960  -41.258  -12.773  42.782 0.0000000000
61005  -41.802  -13.667  41.353 0.0000000000
59816  -41.589  -14.348  40.629 0.0000000000
58590  -40.597  -15.258  40.481 0.0000000000
61020  -43.592  -12.921  39.304 0.0000000000
59832  -43.028  -13.500  38.853 0.0000000000
53713  -16.909  -19.035  49.039 0.0000000000
53720  -16.721  -19.611  49.057 0.0000000000
52592  -16.891  -20.595  47.920 0.0000000000
70950  -45.081  -5.248  37.085 0.0000000000
73463  -47.298  -3.239  35.441 0.0000000000
74599  -46.722  -2.769  36.058 0.0000000000
73481  -49.663  -3.607  35.522 0.0000000000
74602  -49.126  -3.038  36.327 0.0000000000
73464  -49.422  -3.624  36.511 0.0000000000
73448  -49.119  -3.748  37.136 0.0000000000
72207  -49.748  -4.835  36.231 0.0000000000
72255  -50.984  -5.321  34.387 0.0000000000
72238  -50.843  -4.642  34.861 0.0000000000
70983  -50.901  -5.908  34.636 0.0000000000
69620  -50.359  -6.427  35.639 0.0000000000
68510  -50.171  -7.068  35.580 0.0000000000
69619  -49.742  -6.470  35.936 0.0000000000
69634  -49.771  -7.212  35.553 0.0000000000
69759  -51.082  -5.965  28.829 0.0000000000
71080  -51.441  -5.302  28.521 0.0000000000
78280  -50.246  0.579  29.571 0.0000000000
76989  -50.852  -0.439  29.848 0.0000000000
75745  -50.334  -1.146  29.241 0.0000000000
75762  -50.609  -1.774  28.698 0.0000000000
74660  -49.310  -1.939  28.231 0.0000000000
74662  -50.946  -2.506  28.350 0.0000000000
73537  -50.433  -3.100  27.926 0.0000000000
71058  -53.290  -5.316  29.321 0.0000000000
71059  -54.285  -5.248  29.531 0.0000000000
67219  -42.353  -8.262  43.387 0.0000000000
68430  -42.119  -7.341  42.065 0.0000000000
64644  -31.682  -10.766  45.387 0.0000000000
64630  -32.261  -10.591  46.103 0.0000000000
65912  -40.288  -9.467  43.388 0.0000000000
67200  -40.764  -9.238  43.876 0.0000000000
65896  -41.100  -9.479  44.130 0.0000000000
65913  -41.766  -9.128  43.628 0.0000000000
74566  -45.860  -2.574  38.721 0.0000000000
74580  -47.877  -2.529  37.861 0.0000000000
69701  -51.714  -7.004  32.051 0.0000000000
69703  -53.495  -7.335  31.604 0.0000000000
68592  -53.842  -7.762  31.432 0.0000000000
68613  -53.944  -7.312  31.100 0.0000000000
69721  -54.478  -6.814  30.149 0.0000000000
80743  -52.063  2.818  31.006 0.0000000000
80730  -52.130  2.214  30.879 0.0000000000
80744  -52.377  2.442  30.521 0.0000000000
79568  -52.933  1.491  30.061 0.0000000000
85554  -50.196  6.178  26.994 0.0000000000
84404  -50.535  5.103  28.824 0.0000000000
85517  -51.945  6.195  29.712 0.0000000000
85518  -52.556  6.203  29.434 0.0000000000
86633  -52.413  6.690  29.250 0.0000000000
86634  -52.843  6.749  29.047 0.0000000000
86649  -53.404  7.104  28.488 0.0000000000
87806  -55.044  8.192  26.046 0.0000000000
86701  -54.811  8.101  26.364 0.0000000000
87807  -55.183  7.969  25.863 0.0000000000
87795  -55.381  7.617  26.134 0.0000000000
84472  -55.993  5.237  25.327 0.0000000000
61008  -43.855  -12.507  39.779 0.0000000000
63445  -44.646  -10.526  40.776 0.0000000000
64681  -44.925  -9.659  41.117 0.0000000000
69541  -43.598  -6.486  42.712 0.0000000000
69554  -44.061  -5.925  42.456 0.0000000000
70885  -43.620  -5.264  42.028 0.0000000000
73384  -44.153  -4.215  40.647 0.0000000000
73383  -43.692  -4.273  40.621 0.0000000000
54923  -17.180  -18.536  48.626 0.0000000000
56107  -16.944  -17.995  48.780 0.0000000000
63324  -19.205  -12.495  47.640 0.0000000000
60832  -20.519  -13.453  48.562 0.0000000000
59636  -20.862  -14.132  48.211 0.0000000000
60816  -20.823  -13.434  49.312 0.0000000000
59612  -21.554  -13.993  49.662 0.0000000000
58389  -23.781  -14.565  50.670 0.0000000000
58398  -24.275  -14.977  50.341 0.0000000000
59594  -24.401  -14.216  50.958 0.0000000000
59604  -25.414  -14.309  50.789 0.0000000000
60797  -26.348  -13.831  51.055 0.0000000000
63347  -29.528  -11.189  47.192 0.0000000000
63346  -28.940  -11.398  47.593 0.0000000000
64603  -29.068  -11.337  48.093 0.0000000000
64592  -28.801  -11.313  48.665 0.0000000000
64568  -28.277  -11.637  49.565 0.0000000000
62050  -29.110  -12.778  49.632 0.0000000000
62068  -29.851  -12.623  49.129 0.0000000000
63332  -33.617  -11.519  47.700 0.0000000000
62090  -33.037  -12.260  47.698 0.0000000000
63333  -34.080  -11.977  47.617 0.0000000000
60867  -33.921  -13.032  47.299 0.0000000000
59683  -35.536  -13.421  46.196 0.0000000000
59706  -35.982  -13.904  45.791 0.0000000000
64648  -35.935  -10.745  44.425 0.0000000000
63396  -39.564  -11.055  44.952 0.0000000000
64635  -38.484  -10.948  44.814 0.0000000000
63382  -39.334  -11.427  44.880 0.0000000000
62145  -38.285  -12.570  44.744 0.0000000000
60916  -37.721  -13.334  44.787 0.0000000000
62160  -38.700  -13.091  44.293 0.0000000000
59752  -39.010  -14.034  43.093 0.0000000000
62188  -42.079  -12.258  42.278 0.0000000000
62205  -42.596  -12.430  41.633 0.0000000000
59817  -42.556  -13.865  40.021 0.0000000000
61007  -43.451  -13.000  40.398 0.0000000000
54897  -15.909  -18.633  50.065 0.0000000000
54910  -16.755  -18.536  49.202 0.0000000000
70937  -46.440  -4.463  37.321 0.0000000000
70951  -46.410  -4.985  36.951 0.0000000000
73479  -48.054  -3.262  34.887 0.0000000000
74611  -48.541  -3.124  35.174 0.0000000000
74619  -48.900  -3.188  34.731 0.0000000000
73482  -50.320  -4.242  35.335 0.0000000000
69654  -50.961  -6.496  34.773 0.0000000000
76990  -51.958  -0.697  30.116 0.0000000000
74645  -52.353  -1.921  29.328 0.0000000000
74663  -52.037  -2.527  28.787 0.0000000000
74664  -52.985  -3.141  28.982 0.0000000000
72311  -54.568  -4.380  29.262 0.0000000000
71060  -55.173  -5.130  29.433 0.0000000000
85575  -51.857  7.325  26.836 0.0000000000
86698  -52.354  7.584  26.325 0.0000000000
86699  -53.116  7.681  25.904 0.0000000000
86711  -53.383  7.418  24.884 0.0000000000
86713  -55.015  8.012  25.401 0.0000000000
64679  -43.521  -10.368  41.877 0.0000000000
65915  -43.456  -8.954  42.774 0.0000000000
68411  -43.507  -7.607  42.880 0.0000000000
68391  -42.849  -7.430  43.091 0.0000000000
68392  -43.430  -7.017  42.873 0.0000000000
69553  -43.277  -5.908  42.526 0.0000000000
70883  -42.884  -5.590  41.719 0.0000000000
70892  -42.798  -5.598  41.279 0.0000000000
58432  -15.891  -14.905  48.200 0.0000000000
59649  -16.426  -14.470  47.315 0.0000000000
60851  -16.936  -13.885  47.110 0.0000000000
64616  -29.881  -10.981  46.768 0.0000000000
64594  -30.765  -10.954  48.273 0.0000000000
65848  -34.032  -10.541  47.371 0.0000000000
64608  -34.280  -10.766  47.433 0.0000000000
64609  -34.937  -10.790  47.225 0.0000000000
65909  -37.866  -10.429  43.662 0.0000000000
64651  -39.273  -10.749  44.665 0.0000000000
63397  -40.141  -11.402  44.524 0.0000000000
62172  -40.378  -12.349  43.705 0.0000000000
62173  -40.884  -12.203  43.209 0.0000000000
63414  -41.692  -11.642  42.882 0.0000000000
63430  -41.637  -10.938  43.094 0.0000000000
70915  -44.928  -5.099  40.355 0.0000000000
70926  -44.588  -5.073  39.462 0.0000000000
72185  -44.726  -4.064  38.836 0.0000000000
72186  -45.584  -3.661  38.176 0.0000000000
73419  -46.455  -2.850  38.641 0.0000000000
73432  -46.711  -3.191  38.434 0.0000000000
72187  -46.753  -3.847  37.615 0.0000000000
72205  -48.189  -4.450  37.025 0.0000000000
72271  -49.463  -4.417  32.782 0.0000000000
72272  -50.211  -4.706  33.194 0.0000000000
70996  -51.086  -5.553  33.772 0.0000000000
70997  -51.425  -6.039  34.023 0.0000000000
69656  -51.980  -7.369  33.969 0.0000000000
80767  -49.700  2.260  28.402 0.0000000000
80776  -49.379  1.852  27.950 0.0000000000
78281  -50.918  0.508  30.329 0.0000000000
79551  -52.151  1.430  30.984 0.0000000000
78260  -51.644  0.862  30.837 0.0000000000
76975  -52.289  0.008  30.611 0.0000000000
76993  -54.226  -1.097  29.620 0.0000000000
65935  -41.159  -9.059  42.391 0.0000000000
65956  -41.529  -8.994  41.695 0.0000000000
64676  -39.155  -10.510  42.459 0.0000000000
65933  -39.711  -9.913  42.655 0.0000000000
73447  -44.954  -3.166  36.222 0.0000000000
74589  -45.706  -2.623  36.656 0.0000000000
73462  -46.536  -3.366  35.434 0.0000000000
73478  -47.153  -3.571  34.611 0.0000000000
73507  -48.186  -3.678  33.178 0.0000000000
72270  -48.548  -4.092  32.609 0.0000000000
71024  -49.321  -5.364  32.196 0.0000000000
69699  -49.617  -6.388  31.789 0.0000000000
68588  -50.207  -7.069  31.422 0.0000000000
68589  -51.074  -7.290  31.374 0.0000000000
68611  -51.403  -7.259  30.439 0.0000000000
69718  -52.069  -6.859  29.948 0.0000000000
81979  -48.999  3.097  27.526 0.0000000000
81970  -49.276  2.972  27.982 0.0000000000
81971  -49.666  3.189  28.391 0.0000000000
81961  -50.726  3.356  29.938 0.0000000000
81934  -51.340  3.482  30.568 0.0000000000
84385  -51.068  5.025  30.213 0.0000000000
83144  -51.286  4.240  30.509 0.0000000000
81935  -51.784  3.544  30.893 0.0000000000
81936  -52.274  3.538  30.735 0.0000000000
81962  -52.632  3.534  30.265 0.0000000000
81973  -52.439  3.572  29.407 0.0000000000
86665  -53.103  7.495  27.928 0.0000000000
86650  -54.231  7.194  27.971 0.0000000000
86686  -54.956  8.074  27.094 0.0000000000
86651  -54.541  6.999  27.809 0.0000000000
63468  -44.326  -10.883  39.404 0.0000000000
64724  -44.541  -10.329  39.411 0.0000000000
64725  -44.663  -9.985  39.056 0.0000000000
65980  -44.679  -8.542  40.084 0.0000000000
67284  -44.831  -7.905  40.293 0.0000000000
69588  -45.099  -6.963  40.297 0.0000000000
65957  -44.642  -9.878  41.379 0.0000000000
65938  -44.803  -9.520  41.334 0.0000000000
67241  -44.952  -8.715  41.219 0.0000000000
68432  -44.697  -7.257  41.385 0.0000000000
67262  -44.929  -8.054  41.157 0.0000000000
68433  -45.023  -7.430  40.829 0.0000000000
69576  -45.005  -6.447  40.584 0.0000000000
69575  -44.885  -5.857  40.577 0.0000000000
70916  -45.040  -4.998  40.546 0.0000000000
73406  -45.020  -4.077  40.089 0.0000000000
73395  -44.667  -3.853  40.261 0.0000000000
74547  -44.737  -3.005  40.033 0.0000000000
67261  -42.327  -7.290  41.617 0.0000000000
68448  -42.455  -7.031  40.319 0.0000000000
68449  -42.621  -6.820  40.994 0.0000000000
69574  -42.857  -6.020  40.987 0.0000000000
70902  -42.705  -5.362  40.702 0.0000000000
70914  -42.386  -5.195  40.011 0.0000000000
72161  -42.308  -4.538  39.703 0.0000000000
51453  -17.163  -20.795  46.687 0.0000000000
52604  -17.560  -20.343  46.394 0.0000000000
60876  -16.841  -13.803  46.366 0.0000000000
62098  -17.325  -12.996  47.291 0.0000000000
60830  -18.590  -13.247  47.368 0.0000000000
62079  -18.912  -12.804  47.628 0.0000000000
59654  -21.393  -14.604  47.679 0.0000000000
59613  -22.226  -14.293  50.145 0.0000000000
58408  -22.600  -14.842  49.977 0.0000000000
58424  -22.728  -15.263  49.495 0.0000000000
58410  -25.083  -15.254  50.270 0.0000000000
57231  -25.139  -16.001  50.170 0.0000000000
63311  -26.111  -12.543  49.932 0.0000000000
62046  -25.729  -12.808  50.122 0.0000000000
62031  -26.319  -13.290  50.784 0.0000000000
60798  -27.090  -13.902  50.837 0.0000000000
62033  -27.462  -13.541  50.593 0.0000000000
59606  -27.154  -14.347  50.556 0.0000000000
58401  -27.091  -14.669  50.123 0.0000000000
63316  -31.137  -11.768  48.605 0.0000000000
62088  -31.446  -12.095  48.419 0.0000000000
62070  -31.516  -12.615  48.252 0.0000000000
60840  -31.947  -12.584  47.728 0.0000000000
63394  -33.844  -11.154  44.361 0.0000000000
64632  -34.454  -10.476  45.569 0.0000000000
65875  -35.239  -10.444  45.736 0.0000000000
65863  -34.771  -10.383  46.231 0.0000000000
67146  -35.139  -10.425  46.421 0.0000000000
64610  -35.643  -10.875  46.835 0.0000000000
63351  -35.979  -11.087  46.674 0.0000000000
64621  -36.723  -10.548  46.163 0.0000000000
63365  -36.503  -11.480  46.179 0.0000000000
63364  -36.023  -12.000  46.466 0.0000000000
62126  -36.234  -12.508  46.160 0.0000000000
60914  -36.452  -13.238  45.751 0.0000000000
59707  -36.741  -13.808  45.329 0.0000000000
59708  -37.282  -13.855  44.859 0.0000000000
60976  -40.557  -13.482  42.659 0.0000000000
59777  -40.737  -13.852  42.199 0.0000000000
60992  -41.626  -13.416  41.915 0.0000000000
59798  -41.240  -14.021  41.689 0.0000000000
59797  -40.533  -14.336  41.797 0.0000000000
59840  -41.898  -14.549  38.611 0.0000000000
59831  -42.580  -14.052  39.135 0.0000000000
74590  -46.819  -2.376  36.919 0.0000000000
74601  -48.506  -2.814  36.133 0.0000000000
74592  -48.509  -2.774  37.089 0.0000000000
74581  -48.424  -3.050  37.748 0.0000000000
73435  -48.655  -3.568  37.489 0.0000000000
72222  -50.561  -4.974  35.572 0.0000000000
70966  -50.639  -5.818  35.287 0.0000000000
70954  -49.379  -5.519  36.356 0.0000000000
69618  -48.850  -6.222  36.243 0.0000000000
69733  -50.017  -6.714  29.136 0.0000000000
69734  -50.826  -6.618  29.173 0.0000000000
69735  -51.641  -6.477  29.273 0.0000000000
69736  -52.613  -6.167  29.456 0.0000000000
79575  -49.782  1.280  28.545 0.0000000000
78296  -49.097  0.355  28.057 0.0000000000
77007  -49.390  -0.400  28.637 0.0000000000
76988  -49.908  -0.543  29.246 0.0000000000
75744  -49.889  -1.049  29.148 0.0000000000
77006  -48.919  -0.788  28.207 0.0000000000
73548  -50.575  -3.800  27.933 0.0000000000
72320  -50.863  -4.515  28.177 0.0000000000
73539  -52.408  -3.668  28.643 0.0000000000
72321  -51.888  -4.500  28.464 0.0000000000
71081  -52.369  -5.351  28.799 0.0000000000
68631  -54.826  -6.906  29.639 0.0000000000
69739  -55.454  -5.664  29.276 0.0000000000
68632  -55.193  -6.281  29.278 0.0000000000
67489  -54.755  -7.267  29.096 0.0000000000
56081  -23.841  -15.564  50.089 0.0000000000
56091  -23.993  -15.558  49.878 0.0000000000
57218  -23.787  -15.238  50.095 0.0000000000
57219  -24.080  -15.323  50.115 0.0000000000
57220  -24.514  -15.590  50.157 0.0000000000
58390  -24.193  -14.591  50.640 0.0000000000
58395  -22.786  -14.571  50.480 0.0000000000
58400  -26.543  -14.884  50.248 0.0000000000
58423  -22.506  -14.856  49.770 0.0000000000
58483  -37.019  -14.056  44.943 0.0000000000
59593  -23.713  -14.162  51.063 0.0000000000
59595  -25.025  -14.015  50.896 0.0000000000
59603  -24.621  -14.637  50.546 0.0000000000
59614  -24.748  -14.872  50.402 0.0000000000
60820  -31.631  -12.684  48.108 0.0000000000
60850  -16.623  -14.222  47.497 0.0000000000
60956  -38.815  -13.755  43.636 0.0000000000
62016  -24.323  -13.838  50.889 0.0000000000
62017  -24.566  -13.961  50.971 0.0000000000
62048  -27.240  -12.702  50.367 0.0000000000
62066  -27.529  -11.872  48.875 0.0000000000
62067  -29.479  -12.523  49.374 0.0000000000
62091  -33.743  -12.371  47.638 0.0000000000
62147  -39.533  -11.911  44.682 0.0000000000
62174  -41.511  -12.249  42.906 0.0000000000
62243  -43.785  -12.403  39.179 0.0000000000
63293  -20.844  -12.679  49.231 0.0000000000
63297  -26.300  -12.493  50.028 0.0000000000
63307  -20.546  -12.696  48.962 0.0000000000
63308  -20.883  -12.561  49.058 0.0000000000
63312  -26.622  -12.457  49.756 0.0000000000
63360  -20.389  -11.948  46.993 0.0000000000
63363  -29.422  -11.253  46.674 0.0000000000
63455  -44.636  -10.365  40.342 0.0000000000
64578  -28.135  -11.422  49.336 0.0000000000
64581  -30.860  -11.291  48.597 0.0000000000
64582  -31.349  -11.368  48.396 0.0000000000
64588  -20.259  -12.660  48.588 0.0000000000
64589  -20.518  -12.461  48.534 0.0000000000
64597  -33.818  -10.800  47.541 0.0000000000
64650  -38.581  -10.715  44.592 0.0000000000
64680  -44.829  -9.812  41.203 0.0000000000
65847  -33.785  -10.535  47.354 0.0000000000
65854  -34.993  -10.462  47.012 0.0000000000
65856  -36.365  -10.409  46.209 0.0000000000
65861  -33.350  -10.353  46.980 0.0000000000
65866  -37.227  -10.427  45.621 0.0000000000
65873  -33.893  -10.319  46.424 0.0000000000
65958  -44.804  -9.855  41.315 0.0000000000
65981  -45.263  -8.302  39.992 0.0000000000
66000  -44.572  -8.563  39.425 0.0000000000
67145  -35.038  -10.436  46.825 0.0000000000
67165  -34.694  -10.353  46.544 0.0000000000
67166  -34.999  -10.414  46.217 0.0000000000
67263  -45.030  -8.339  41.003 0.0000000000
67285  -45.186  -8.108  40.167 0.0000000000
67286  -45.305  -8.077  40.368 0.0000000000
68434  -44.890  -7.835  40.648 0.0000000000
68450  -44.925  -7.553  40.295 0.0000000000
68452  -44.825  -7.913  40.330 0.0000000000
68469  -45.063  -7.218  40.280 0.0000000000
68511  -50.504  -6.863  35.439 0.0000000000
68545  -52.261  -7.734  33.754 0.0000000000
68646  -55.484  -6.009  29.027 0.0000000000
69635  -50.707  -6.589  35.188 0.0000000000
69636  -51.114  -6.961  34.912 0.0000000000
69687  -53.486  -7.564  32.077 0.0000000000
70903  -44.972  -5.671  40.651 0.0000000000
70967  -50.812  -5.534  35.028 0.0000000000
71061  -55.817  -5.051  29.222 0.0000000000
72129  -42.949  -5.359  41.341 0.0000000000
72149  -42.626  -4.806  40.418 0.0000000000
72163  -44.999  -4.619  40.293 0.0000000000
72174  -44.885  -4.026  39.690 0.0000000000
72190  -48.924  -3.926  37.342 0.0000000000
72203  -46.752  -4.461  37.273 0.0000000000
72223  -50.794  -5.356  35.235 0.0000000000
72286  -48.099  -4.509  31.897 0.0000000000
72313  -55.887  -4.782  29.035 0.0000000000
73381  -42.870  -4.669  40.556 0.0000000000
73407  -45.012  -3.735  40.009 0.0000000000
73449  -49.477  -4.160  36.602 0.0000000000
73480  -48.583  -3.248  34.674 0.0000000000
73547  -50.017  -3.654  27.635 0.0000000000
74569  -48.146  -3.055  38.229 0.0000000000
74582  -48.788  -3.400  37.375 0.0000000000
74610  -48.175  -3.086  35.327 0.0000000000
74618  -48.768  -3.257  34.522 0.0000000000
74661  -49.932  -2.286  28.149 0.0000000000
78261  -52.523  0.700  30.848 0.0000000000
79535  -51.840  2.040  31.009 0.0000000000
79536  -52.044  1.909  30.992 0.0000000000
79537  -52.214  1.783  30.842 0.0000000000
80729  -51.885  2.285  31.000 0.0000000000
80731  -52.293  1.956  30.692 0.0000000000
80766  -49.320  2.606  27.960 0.0000000000
81960  -50.207  3.200  29.173 0.0000000000
83213  -49.357  4.448  27.706 0.0000000000
84365  -51.328  4.711  30.445 0.0000000000
85559  -54.558  6.753  27.487 0.0000000000
85560  -54.907  6.739  27.061 0.0000000000
86667  -54.477  7.609  27.435 0.0000000000
86668  -54.841  7.253  27.350 0.0000000000
87767  -55.186  7.192  26.949 0.0000000000
87768  -55.275  6.977  26.788 0.0000000000
87780  -55.370  7.181  26.547 0.0000000000
87794  -55.140  8.065  26.430 0.0000000000
