#!ascii label  , from subject sub001 vox2ras=TkReg
1314
54971  -7.257  -17.979  44.429 0.0000000000
64822  -31.695  -8.492  34.682 0.0000000000
73519  -29.768  -4.295  30.797 0.0000000000
72177  -23.632  -4.109  38.862 0.0000000000
82098  -36.042  3.617  20.346 0.0000000000
75850  -30.627  -1.242  22.761 0.0000000000
68427  -33.459  -5.946  40.091 0.0000000000
69608  -28.372  -6.080  36.269 0.0000000000
87792  -40.861  8.474  24.585 0.0000000000
86754  -44.790  9.017  21.923 0.0000000000
88913  -48.159  10.380  20.025 0.0000000000
78227  -31.281  1.304  31.255 0.0000000000
75789  -28.164  -1.727  26.641 0.0000000000
78307  -33.983  0.967  28.098 0.0000000000
74726  -37.292  -0.074  24.561 0.0000000000
63540  -16.659  -10.372  35.724 0.0000000000
52567  -4.604  -18.330  48.365 0.0000000000
71002  -31.869  -6.113  33.365 0.0000000000
75671  -30.652  -1.050  35.915 0.0000000000
64843  -20.016  -10.116  33.088 0.0000000000
69690  -23.657  -6.304  31.075 0.0000000000
87896  -48.180  8.878  14.198 0.0000000000
91089  -50.744  11.622  17.411 0.0000000000
77092  -34.171  -0.569  21.106 0.0000000000
82024  -39.481  3.212  25.044 0.0000000000
56213  -8.622  -17.424  40.940 0.0000000000
49076  -1.807  -23.335  46.756 0.0000000000
87818  -42.705  8.820  23.382 0.0000000000
78271  -32.451  1.160  29.542 0.0000000000
61090  -14.476  -13.106  34.522 0.0000000000
53723  -5.823  -18.528  46.815 0.0000000000
66140  -32.346  -9.981  31.633 0.0000000000
67402  -32.724  -7.767  34.155 0.0000000000
68497  -21.706  -6.773  36.191 0.0000000000
68548  -21.232  -7.635  32.803 0.0000000000
70971  -23.032  -5.113  34.539 0.0000000000
67363  -29.927  -7.797  35.539 0.0000000000
68550  -28.221  -6.882  33.203 0.0000000000
67416  -29.771  -8.758  32.888 0.0000000000
69567  -23.107  -5.657  40.252 0.0000000000
66030  -21.489  -8.279  36.916 0.0000000000
86798  -42.253  7.197  17.480 0.0000000000
87885  -45.853  8.587  15.493 0.0000000000
89958  -49.115  10.614  18.459 0.0000000000
75832  -28.702  -1.256  24.686 0.0000000000
75868  -32.772  -1.096  21.898 0.0000000000
77070  -38.990  1.073  23.992 0.0000000000
61038  -12.350  -13.387  38.078 0.0000000000
59822  -11.388  -14.297  40.290 0.0000000000
58551  -10.463  -15.265  41.780 0.0000000000
56236  -9.377  -17.305  38.782 0.0000000000
49086  -3.393  -23.440  45.914 0.0000000000
66034  -32.206  -7.520  37.037 0.0000000000
69609  -34.001  -5.816  36.195 0.0000000000
70912  -35.213  -4.928  38.910 0.0000000000
73371  -27.158  -3.501  41.645 0.0000000000
72180  -26.670  -4.464  37.243 0.0000000000
70898  -29.685  -4.631  39.975 0.0000000000
67297  -30.488  -6.437  38.634 0.0000000000
83295  -38.816  5.551  23.068 0.0000000000
84519  -40.332  7.087  21.616 0.0000000000
85660  -42.134  7.661  20.864 0.0000000000
86778  -44.228  8.407  19.613 0.0000000000
87868  -45.806  9.177  17.988 0.0000000000
87849  -46.166  9.556  20.946 0.0000000000
75726  -29.210  -1.379  30.705 0.0000000000
73525  -28.371  -3.206  28.774 0.0000000000
78268  -29.521  0.336  28.949 0.0000000000
77016  -30.669  0.548  27.312 0.0000000000
75793  -31.821  0.358  25.048 0.0000000000
74722  -33.990  -0.128  23.867 0.0000000000
77050  -35.336  1.109  25.970 0.0000000000
64750  -15.606  -9.663  37.113 0.0000000000
61054  -12.856  -13.170  36.614 0.0000000000
91127  -51.623  11.643  13.273 0.0000000000
54917  -2.965  -18.396  48.532 0.0000000000
67450  -31.827  -8.422  30.808 0.0000000000
72275  -30.761  -5.315  31.995 0.0000000000
73470  -32.855  -4.580  35.488 0.0000000000
73468  -31.906  -3.631  34.408 0.0000000000
74616  -30.395  -2.491  33.270 0.0000000000
78183  -30.416  0.723  33.645 0.0000000000
69641  -26.244  -5.044  34.548 0.0000000000
63477  -19.950  -8.692  38.032 0.0000000000
61073  -19.039  -10.648  34.648 0.0000000000
88930  -47.333  9.804  16.456 0.0000000000
89980  -49.179  10.591  15.504 0.0000000000
89989  -50.620  11.164  14.385 0.0000000000
92292  -51.851  12.841  15.520 0.0000000000
53788  -6.030  -19.666  42.543 0.0000000000
53762  -5.341  -19.725  44.449 0.0000000000
79628  -35.292  1.898  20.926 0.0000000000
74762  -35.653  -0.713  22.831 0.0000000000
78370  -37.302  0.956  22.394 0.0000000000
82056  -38.305  3.505  22.955 0.0000000000
84462  -39.481  5.177  25.390 0.0000000000
56189  -7.992  -17.391  42.527 0.0000000000
51460  -3.855  -20.787  45.663 0.0000000000
50224  -3.032  -20.503  47.005 0.0000000000
51457  -2.125  -20.988  46.491 0.0000000000
54944  -6.360  -18.204  46.103 0.0000000000
66118  -31.727  -9.286  33.164 0.0000000000
66119  -32.137  -8.679  33.609 0.0000000000
66096  -32.312  -8.328  34.528 0.0000000000
69597  -22.565  -5.745  37.755 0.0000000000
70958  -22.431  -5.574  35.305 0.0000000000
70942  -23.930  -4.392  36.853 0.0000000000
67383  -30.570  -8.293  35.196 0.0000000000
67382  -30.061  -8.414  34.538 0.0000000000
66093  -30.486  -8.824  33.753 0.0000000000
64847  -31.101  -9.768  32.620 0.0000000000
73386  -24.888  -3.664  41.413 0.0000000000
70897  -24.079  -4.697  41.589 0.0000000000
70906  -23.377  -4.572  39.774 0.0000000000
68476  -22.684  -6.626  38.392 0.0000000000
87884  -45.065  8.187  15.750 0.0000000000
71044  -29.920  -5.970  29.972 0.0000000000
71043  -29.605  -5.614  29.491 0.0000000000
74720  -29.490  -1.405  23.483 0.0000000000
74758  -30.091  -2.400  21.974 0.0000000000
75851  -31.527  -1.054  22.479 0.0000000000
58642  -11.693  -15.193  37.591 0.0000000000
59823  -11.832  -13.907  39.533 0.0000000000
57388  -10.696  -15.968  38.757 0.0000000000
57369  -10.432  -15.631  40.033 0.0000000000
56237  -9.916  -17.154  38.145 0.0000000000
65975  -32.776  -6.538  39.116 0.0000000000
67305  -34.029  -6.103  38.063 0.0000000000
68429  -34.505  -5.610  39.527 0.0000000000
72117  -28.581  -3.357  43.059 0.0000000000
72136  -28.929  -4.300  40.720 0.0000000000
70878  -29.852  -3.786  41.596 0.0000000000
68405  -32.407  -5.485  40.722 0.0000000000
68423  -31.434  -5.692  40.384 0.0000000000
67277  -32.042  -6.482  39.760 0.0000000000
66013  -31.339  -7.104  38.133 0.0000000000
85605  -39.435  6.579  23.966 0.0000000000
84506  -39.495  6.605  22.421 0.0000000000
85620  -40.325  7.507  23.230 0.0000000000
86729  -43.941  8.818  22.938 0.0000000000
85635  -43.072  8.455  22.251 0.0000000000
85662  -43.608  8.397  21.426 0.0000000000
86764  -43.227  7.934  20.332 0.0000000000
86766  -44.860  8.782  21.136 0.0000000000
86780  -45.474  9.070  20.778 0.0000000000
86767  -45.428  9.251  21.434 0.0000000000
78226  -30.041  0.676  31.365 0.0000000000
76967  -29.086  -0.566  30.184 0.0000000000
78247  -29.542  0.398  30.038 0.0000000000
78289  -33.207  1.152  28.805 0.0000000000
77000  -31.317  0.880  28.290 0.0000000000
78305  -32.196  0.951  27.454 0.0000000000
78317  -31.548  0.627  26.422 0.0000000000
78332  -33.085  0.744  26.342 0.0000000000
77049  -34.066  0.849  26.125 0.0000000000
77034  -34.353  0.826  26.784 0.0000000000
63489  -18.143  -8.895  37.164 0.0000000000
66009  -16.588  -8.452  37.763 0.0000000000
64773  -16.472  -10.160  36.267 0.0000000000
61069  -13.858  -13.122  35.145 0.0000000000
92306  -52.174  12.538  13.665 0.0000000000
92318  -53.044  12.707  12.771 0.0000000000
53706  -3.882  -18.220  48.776 0.0000000000
67417  -32.281  -8.486  32.421 0.0000000000
66158  -32.412  -9.261  31.548 0.0000000000
69695  -31.740  -7.295  32.108 0.0000000000
69694  -31.408  -6.975  31.624 0.0000000000
72259  -31.558  -5.451  33.027 0.0000000000
73441  -34.151  -4.626  37.255 0.0000000000
70963  -33.647  -5.504  36.179 0.0000000000
73439  -33.493  -3.911  36.957 0.0000000000
75666  -31.051  -1.312  36.687 0.0000000000
74597  -32.243  -2.925  35.714 0.0000000000
75681  -31.120  -2.177  34.952 0.0000000000
74617  -30.911  -3.020  33.905 0.0000000000
75680  -30.605  -1.285  34.883 0.0000000000
75687  -29.629  -0.747  33.197 0.0000000000
76916  -30.248  -0.249  34.387 0.0000000000
69675  -22.497  -6.425  31.969 0.0000000000
70931  -27.966  -5.251  37.173 0.0000000000
70962  -26.535  -4.859  35.482 0.0000000000
69624  -27.072  -5.453  35.193 0.0000000000
68566  -27.206  -6.657  32.063 0.0000000000
64705  -21.305  -7.898  39.694 0.0000000000
64774  -20.564  -8.831  34.877 0.0000000000
64796  -20.022  -9.512  35.631 0.0000000000
147147  -19.273  -10.709  33.695 0.0000000000
61114  -18.481  -11.360  32.972 0.0000000000
88911  -46.650  9.582  19.347 0.0000000000
88925  -46.555  9.491  17.243 0.0000000000
88927  -48.023  10.237  18.296 0.0000000000
89965  -49.896  11.293  17.993 0.0000000000
89964  -49.350  10.874  17.538 0.0000000000
89970  -49.992  11.240  16.984 0.0000000000
89988  -50.108  10.842  14.734 0.0000000000
91115  -50.632  11.494  15.306 0.0000000000
91116  -51.334  12.162  15.661 0.0000000000
92274  -51.838  12.719  16.333 0.0000000000
74656  -28.229  -2.552  28.232 0.0000000000
72326  -28.157  -4.539  27.284 0.0000000000
78383  -34.484  0.268  20.079 0.0000000000
78367  -34.570  0.192  20.843 0.0000000000
74724  -36.005  0.095  24.253 0.0000000000
73603  -35.000  -0.679  23.262 0.0000000000
73606  -36.746  -0.543  23.768 0.0000000000
80807  -39.490  2.040  24.659 0.0000000000
78356  -38.490  1.179  23.522 0.0000000000
80821  -39.017  2.077  23.825 0.0000000000
79617  -38.202  2.144  23.070 0.0000000000
82039  -38.930  3.303  24.039 0.0000000000
83275  -38.676  4.588  23.944 0.0000000000
83241  -39.807  4.456  25.790 0.0000000000
57338  -9.919  -16.146  41.584 0.0000000000
57324  -9.552  -16.268  42.560 0.0000000000
57310  -9.167  -16.353  43.213 0.0000000000
56200  -8.470  -17.377  41.688 0.0000000000
55007  -7.593  -18.543  41.322 0.0000000000
55019  -7.918  -18.520  40.642 0.0000000000
51489  -4.719  -21.609  43.984 0.0000000000
52611  -4.538  -20.294  45.226 0.0000000000
51473  -4.022  -21.173  45.153 0.0000000000
49077  -2.637  -23.594  46.666 0.0000000000
50238  -3.287  -21.771  46.122 0.0000000000
50237  -2.381  -22.344  46.573 0.0000000000
51447  -2.718  -20.675  46.803 0.0000000000
50236  -1.545  -22.270  46.547 0.0000000000
70880  -30.920  -3.889  41.924 0.0000000000
88857  -41.980  9.522  25.357 0.0000000000
87802  -41.905  9.008  24.215 0.0000000000
88866  -43.299  9.674  24.542 0.0000000000
78249  -31.817  1.254  30.292 0.0000000000
61071  -16.718  -11.235  34.499 0.0000000000
61070  -15.986  -11.694  34.642 0.0000000000
54918  -6.118  -17.733  48.039 0.0000000000
52569  -5.259  -18.359  47.554 0.0000000000
64872  -32.163  -9.889  31.813 0.0000000000
67401  -32.373  -8.224  33.407 0.0000000000
69664  -32.386  -6.589  33.636 0.0000000000
79469  -30.949  1.141  36.341 0.0000000000
67380  -20.726  -8.552  34.274 0.0000000000
66134  -20.597  -9.135  32.493 0.0000000000
68530  -21.162  -7.519  33.890 0.0000000000
70986  -22.173  -5.826  33.430 0.0000000000
71001  -23.782  -5.287  32.915 0.0000000000
68501  -29.372  -6.966  36.508 0.0000000000
68516  -28.456  -6.736  35.043 0.0000000000
68534  -28.894  -7.392  34.554 0.0000000000
67399  -29.330  -8.170  33.205 0.0000000000
64869  -30.129  -10.191  31.687 0.0000000000
67254  -23.065  -6.201  40.877 0.0000000000
65992  -22.093  -7.684  39.135 0.0000000000
67317  -22.556  -7.274  38.723 0.0000000000
67331  -21.764  -7.484  36.926 0.0000000000
85684  -41.217  6.989  18.245 0.0000000000
87895  -47.037  8.556  14.602 0.0000000000
88903  -48.939  10.999  20.547 0.0000000000
88921  -48.998  10.596  19.456 0.0000000000
75810  -28.360  -1.351  25.520 0.0000000000
75907  -32.867  -2.312  20.465 0.0000000000
75888  -33.571  -1.015  21.267 0.0000000000
75799  -39.541  0.407  25.865 0.0000000000
75839  -38.734  0.463  24.479 0.0000000000
78335  -40.040  1.249  25.425 0.0000000000
62248  -12.654  -11.750  38.543 0.0000000000
62247  -12.385  -12.273  39.504 0.0000000000
60983  -11.611  -12.997  41.642 0.0000000000
59801  -11.369  -14.244  41.021 0.0000000000
57353  -9.753  -16.281  40.561 0.0000000000
56214  -9.008  -16.883  40.321 0.0000000000
53831  -8.126  -19.258  39.539 0.0000000000
53845  -8.779  -19.328  38.696 0.0000000000
64778  -31.940  -7.827  36.060 0.0000000000
66072  -32.889  -7.856  35.173 0.0000000000
66037  -33.376  -7.250  36.760 0.0000000000
70932  -34.479  -5.224  37.651 0.0000000000
73398  -25.564  -3.581  39.968 0.0000000000
72167  -25.587  -3.710  38.923 0.0000000000
73400  -27.010  -3.783  39.533 0.0000000000
72157  -28.841  -4.580  38.776 0.0000000000
69580  -29.422  -5.529  38.378 0.0000000000
68421  -30.927  -4.976  40.636 0.0000000000
68461  -30.443  -5.822  39.215 0.0000000000
68478  -29.852  -6.429  38.264 0.0000000000
67334  -30.321  -7.224  37.411 0.0000000000
66050  -31.398  -7.799  36.250 0.0000000000
73369  -25.947  -3.526  42.493 0.0000000000
83314  -37.839  4.693  21.904 0.0000000000
83327  -37.113  4.851  20.580 0.0000000000
83328  -37.948  5.528  20.748 0.0000000000
84518  -39.589  6.479  21.458 0.0000000000
84534  -40.471  6.995  20.802 0.0000000000
86741  -41.881  8.135  22.352 0.0000000000
84536  -41.559  7.635  21.385 0.0000000000
85659  -41.407  7.461  20.208 0.0000000000
86775  -41.998  7.567  18.899 0.0000000000
86790  -43.153  7.857  18.601 0.0000000000
87866  -43.977  8.282  17.726 0.0000000000
87867  -44.965  8.761  17.740 0.0000000000
87861  -45.188  8.857  18.679 0.0000000000
87858  -45.909  9.128  20.029 0.0000000000
88901  -47.153  10.139  20.733 0.0000000000
88890  -46.873  10.594  22.528 0.0000000000
88902  -48.123  10.690  20.949 0.0000000000
74628  -29.353  -2.245  31.320 0.0000000000
73518  -29.257  -3.745  30.057 0.0000000000
75738  -28.907  -1.508  29.787 0.0000000000
76980  -28.629  -1.099  28.968 0.0000000000
77013  -28.623  -0.946  27.673 0.0000000000
78269  -30.333  0.863  29.233 0.0000000000
78303  -29.878  0.461  27.884 0.0000000000
75790  -28.963  -0.452  26.444 0.0000000000
75791  -29.933  0.051  25.752 0.0000000000
75812  -30.168  -0.250  24.689 0.0000000000
75813  -31.260  0.029  24.354 0.0000000000
75835  -32.025  -0.350  23.584 0.0000000000
75814  -32.392  0.206  24.422 0.0000000000
75816  -34.806  0.559  24.866 0.0000000000
74702  -36.360  0.346  24.951 0.0000000000
75796  -37.794  0.612  27.044 0.0000000000
75820  -38.511  0.448  25.802 0.0000000000
64732  -14.229  -9.754  37.987 0.0000000000
63538  -14.918  -11.284  35.711 0.0000000000
63512  -14.064  -10.977  36.693 0.0000000000
62249  -13.238  -11.430  37.739 0.0000000000
61039  -12.562  -13.099  37.389 0.0000000000
71029  -30.767  -6.226  31.060 0.0000000000
72274  -30.331  -4.916  31.308 0.0000000000
68536  -33.358  -6.859  35.238 0.0000000000
70975  -32.993  -5.907  35.369 0.0000000000
70974  -32.486  -5.530  34.709 0.0000000000
73469  -32.444  -3.705  35.111 0.0000000000
72243  -31.966  -5.216  33.961 0.0000000000
73500  -31.159  -3.992  32.879 0.0000000000
73499  -30.434  -3.364  32.493 0.0000000000
74629  -29.712  -2.927  31.887 0.0000000000
74623  -29.420  -2.025  32.223 0.0000000000
76943  -29.557  -0.186  32.079 0.0000000000
78204  -30.897  1.056  32.388 0.0000000000
79502  -30.871  1.258  34.646 0.0000000000
79503  -31.541  1.476  34.160 0.0000000000
72211  -25.241  -4.330  36.153 0.0000000000
70973  -25.149  -4.662  34.493 0.0000000000
69677  -24.921  -5.546  32.382 0.0000000000
68532  -27.636  -6.286  33.703 0.0000000000
69679  -26.696  -5.980  32.601 0.0000000000
64734  -18.837  -8.073  38.201 0.0000000000
62291  -18.254  -9.487  36.539 0.0000000000
63494  -20.745  -9.222  37.393 0.0000000000
62293  -19.368  -9.492  36.459 0.0000000000
61072  -18.004  -10.816  34.597 0.0000000000
61113  -17.501  -12.021  32.859 0.0000000000
87874  -45.670  9.070  16.832 0.0000000000
88929  -46.468  9.264  16.137 0.0000000000
88941  -47.078  9.280  15.376 0.0000000000
89963  -48.469  10.457  17.527 0.0000000000
89968  -48.272  10.358  16.239 0.0000000000
89986  -48.486  9.793  14.673 0.0000000000
89987  -49.123  10.099  14.456 0.0000000000
89997  -49.897  10.200  13.886 0.0000000000
89998  -50.720  10.731  13.707 0.0000000000
91120  -51.091  11.680  14.463 0.0000000000
92299  -51.660  12.536  14.690 0.0000000000
54982  -6.485  -18.635  43.139 0.0000000000
53763  -5.796  -18.934  44.698 0.0000000000
53787  -5.436  -20.566  43.053 0.0000000000
72316  -28.890  -4.590  28.596 0.0000000000
80867  -35.450  2.453  20.506 0.0000000000
75852  -33.232  -0.669  23.029 0.0000000000
75869  -34.136  -0.925  22.410 0.0000000000
75890  -35.546  -0.425  22.048 0.0000000000
75874  -38.010  -0.064  23.120 0.0000000000
75892  -37.212  -0.034  22.552 0.0000000000
77094  -35.919  0.214  21.934 0.0000000000
78369  -36.417  0.969  21.954 0.0000000000
80841  -36.670  2.675  21.836 0.0000000000
82078  -37.199  3.582  21.943 0.0000000000
83294  -38.411  4.634  23.084 0.0000000000
84482  -39.111  5.352  24.579 0.0000000000
85606  -39.765  7.227  24.470 0.0000000000
54959  -8.365  -16.785  45.488 0.0000000000
54986  -8.389  -16.689  43.939 0.0000000000
54984  -7.711  -17.354  43.852 0.0000000000
54995  -6.533  -18.836  42.581 0.0000000000
52661  -6.607  -20.138  41.416 0.0000000000
53749  -5.735  -18.751  45.550 0.0000000000
52600  -4.909  -19.077  46.200 0.0000000000
52587  -4.387  -19.302  46.842 0.0000000000
50239  -3.720  -21.506  45.566 0.0000000000
51448  -3.496  -20.413  46.577 0.0000000000
52586  -3.849  -19.600  47.033 0.0000000000
52575  -2.895  -19.743  47.490 0.0000000000
52574  -2.688  -19.408  47.484 0.0000000000
49075  -1.201  -23.525  46.309 0.0000000000
50245  -0.825  -22.610  46.089 0.0000000000
54957  -7.188  -17.807  45.350 0.0000000000
66095  -31.870  -8.663  34.208 0.0000000000
70928  -23.231  -4.560  37.998 0.0000000000
70941  -23.023  -5.038  36.663 0.0000000000
70929  -24.047  -4.188  37.478 0.0000000000
66094  -31.151  -8.693  34.402 0.0000000000
66117  -30.996  -9.328  33.234 0.0000000000
73409  -24.709  -3.598  39.946 0.0000000000
72153  -24.091  -4.104  40.234 0.0000000000
72165  -23.653  -4.253  39.597 0.0000000000
70918  -23.080  -4.660  39.242 0.0000000000
86805  -44.722  8.037  15.872 0.0000000000
72290  -29.963  -5.060  30.616 0.0000000000
71027  -29.862  -5.451  30.179 0.0000000000
72289  -29.607  -4.808  30.087 0.0000000000
74743  -29.917  -1.686  22.763 0.0000000000
74744  -30.584  -1.593  22.312 0.0000000000
74759  -30.950  -1.926  21.744 0.0000000000
57403  -11.411  -16.028  37.449 0.0000000000
58619  -11.470  -15.212  38.348 0.0000000000
56248  -10.656  -16.758  37.841 0.0000000000
56238  -10.332  -16.582  38.404 0.0000000000
67258  -33.009  -6.334  39.941 0.0000000000
68445  -33.697  -6.112  39.634 0.0000000000
68428  -34.117  -5.656  39.934 0.0000000000
72118  -29.563  -3.472  42.555 0.0000000000
72125  -29.047  -3.729  41.809 0.0000000000
72126  -29.765  -3.640  41.936 0.0000000000
68425  -32.397  -6.042  40.445 0.0000000000
67256  -32.084  -6.336  40.251 0.0000000000
67257  -32.465  -6.382  40.113 0.0000000000
67301  -32.119  -6.492  39.203 0.0000000000
85619  -39.641  7.000  22.993 0.0000000000
86710  -40.391  8.034  23.939 0.0000000000
86745  -44.435  9.049  22.578 0.0000000000
85648  -43.795  8.618  21.920 0.0000000000
86753  -44.224  8.646  21.445 0.0000000000
87841  -45.343  9.431  22.097 0.0000000000
78248  -30.642  1.068  30.220 0.0000000000
78306  -33.072  0.940  27.847 0.0000000000
78318  -32.244  0.742  26.512 0.0000000000
78319  -33.020  0.936  26.990 0.0000000000
78333  -33.543  0.799  26.648 0.0000000000
78320  -33.952  0.830  27.150 0.0000000000
63515  -17.362  -9.811  36.406 0.0000000000
64751  -16.758  -9.341  37.075 0.0000000000
92307  -52.807  13.260  13.865 0.0000000000
52561  -5.095  -18.074  48.561 0.0000000000
52560  -4.964  -18.002  48.869 0.0000000000
53700  -4.745  -17.823  49.207 0.0000000000
69680  -32.182  -6.889  32.777 0.0000000000
68569  -32.143  -7.797  32.332 0.0000000000
71015  -31.523  -6.378  32.467 0.0000000000
73440  -33.963  -4.324  37.233 0.0000000000
75665  -30.723  -0.936  36.360 0.0000000000
75672  -31.112  -1.803  35.654 0.0000000000
76905  -30.420  -0.313  35.416 0.0000000000
64864  -19.483  -10.736  32.144 0.0000000000
64865  -19.900  -10.240  32.441 0.0000000000
69599  -28.469  -5.737  37.047 0.0000000000
69607  -27.717  -5.581  36.202 0.0000000000
66091  -20.069  -9.591  34.077 0.0000000000
64795  -20.053  -9.431  34.479 0.0000000000
64817  -19.752  -10.237  33.695 0.0000000000
63571  -19.085  -11.090  32.361 0.0000000000
88912  -47.430  9.933  19.704 0.0000000000
88919  -47.447  9.875  18.753 0.0000000000
88920  -48.259  10.284  19.038 0.0000000000
91102  -50.755  11.568  16.360 0.0000000000
91103  -51.418  12.089  16.811 0.0000000000
74674  -28.023  -2.662  27.367 0.0000000000
73544  -27.913  -3.648  26.950 0.0000000000
74689  -27.856  -2.834  26.533 0.0000000000
77108  -33.746  -0.887  20.803 0.0000000000
75909  -34.008  -1.021  19.802 0.0000000000
77109  -34.134  -0.612  20.349 0.0000000000
74725  -36.706  -0.047  24.481 0.0000000000
73589  -36.411  -0.305  24.013 0.0000000000
73590  -36.960  -0.421  24.175 0.0000000000
80795  -39.831  2.799  25.372 0.0000000000
80806  -39.313  2.582  24.419 0.0000000000
80805  -39.103  2.818  23.981 0.0000000000
82040  -39.244  3.157  24.514 0.0000000000
82023  -39.139  3.721  24.587 0.0000000000
82009  -39.504  3.935  25.206 0.0000000000
56201  -9.020  -16.957  41.363 0.0000000000
56191  -9.422  -16.595  41.789 0.0000000000
56190  -8.836  -16.774  42.296 0.0000000000
55008  -8.189  -17.966  41.114 0.0000000000
51488  -4.318  -21.489  44.635 0.0000000000
51458  -2.307  -21.561  46.565 0.0000000000
78228  -32.304  1.382  31.123 0.0000000000
61091  -15.556  -12.591  34.020 0.0000000000
54930  -6.524  -17.897  47.241 0.0000000000
56116  -6.647  -17.402  48.054 0.0000000000
53717  -5.745  -18.249  47.488 0.0000000000
66138  -31.971  -9.638  32.378 0.0000000000
68552  -32.462  -7.487  33.218 0.0000000000
68553  -32.695  -7.506  33.917 0.0000000000
68513  -21.278  -7.691  34.776 0.0000000000
68514  -21.623  -7.034  35.081 0.0000000000
70959  -23.151  -5.007  35.485 0.0000000000
70970  -22.211  -5.659  34.396 0.0000000000
70987  -22.886  -5.229  33.594 0.0000000000
70972  -23.951  -4.620  34.592 0.0000000000
68518  -29.621  -7.332  36.119 0.0000000000
68517  -29.186  -7.236  35.504 0.0000000000
67362  -29.436  -7.834  34.863 0.0000000000
67400  -29.856  -8.599  33.611 0.0000000000
67381  -29.360  -8.033  34.089 0.0000000000
67415  -29.290  -8.559  32.341 0.0000000000
66136  -29.923  -9.493  32.292 0.0000000000
64870  -30.775  -10.137  32.085 0.0000000000
69569  -23.880  -4.993  41.324 0.0000000000
69556  -24.161  -4.877  41.978 0.0000000000
68440  -23.667  -5.303  41.107 0.0000000000
67236  -23.770  -5.719  41.869 0.0000000000
147385  -23.194  -5.767  40.471 0.0000000000
147384  -22.814  -6.869  40.061 0.0000000000
147388  -22.927  -5.998  40.055 0.0000000000
68498  -22.001  -6.613  36.868 0.0000000000
68487  -22.354  -6.817  37.388 0.0000000000
68486  -21.932  -6.911  36.892 0.0000000000
147151  -21.067  -8.234  35.235 0.0000000000
86797  -41.648  7.052  17.811 0.0000000000
74718  -28.003  -2.116  24.641 0.0000000000
74741  -28.266  -2.449  23.787 0.0000000000
75886  -31.964  -2.251  21.209 0.0000000000
75887  -32.596  -1.931  20.997 0.0000000000
77039  -40.578  0.674  26.549 0.0000000000
77053  -39.582  0.546  25.428 0.0000000000
82011  -40.656  3.099  26.305 0.0000000000
61026  -12.478  -12.706  38.080 0.0000000000
61025  -12.325  -13.029  38.902 0.0000000000
61013  -12.186  -12.931  40.109 0.0000000000
60999  -11.884  -12.868  40.928 0.0000000000
57368  -9.971  -16.242  39.613 0.0000000000
57352  -9.478  -16.444  39.981 0.0000000000
56225  -9.013  -17.221  39.393 0.0000000000
55021  -8.697  -17.654  39.609 0.0000000000
55034  -8.945  -17.876  38.910 0.0000000000
64753  -31.975  -7.651  36.650 0.0000000000
64755  -32.563  -7.615  36.285 0.0000000000
66035  -32.616  -7.485  36.878 0.0000000000
69584  -34.752  -5.470  38.642 0.0000000000
69593  -34.431  -5.559  38.030 0.0000000000
70923  -34.889  -5.077  38.247 0.0000000000
73388  -26.399  -3.519  40.493 0.0000000000
73399  -26.469  -3.711  39.770 0.0000000000
73389  -27.169  -3.651  40.010 0.0000000000
72146  -28.940  -4.416  39.618 0.0000000000
72147  -29.351  -4.746  39.087 0.0000000000
70909  -29.277  -5.087  38.523 0.0000000000
69582  -29.840  -5.454  39.227 0.0000000000
69545  -31.266  -4.227  41.714 0.0000000000
69544  -30.940  -4.062  41.593 0.0000000000
68462  -30.937  -6.101  39.402 0.0000000000
68442  -31.078  -5.827  40.017 0.0000000000
67318  -30.057  -6.864  37.878 0.0000000000
67319  -30.587  -6.902  38.132 0.0000000000
66014  -31.771  -7.057  38.218 0.0000000000
66032  -31.274  -7.366  37.484 0.0000000000
66033  -31.835  -7.574  36.954 0.0000000000
72124  -27.591  -3.441  42.403 0.0000000000
73370  -26.487  -3.483  42.179 0.0000000000
73387  -25.560  -3.448  40.994 0.0000000000
84505  -38.706  5.757  22.233 0.0000000000
84507  -40.305  7.252  22.138 0.0000000000
84533  -39.610  6.559  20.340 0.0000000000
87817  -41.895  8.534  23.268 0.0000000000
86727  -42.495  8.484  22.848 0.0000000000
85647  -42.960  8.251  21.753 0.0000000000
85646  -42.021  7.835  21.633 0.0000000000
86762  -41.924  7.610  19.490 0.0000000000
86763  -42.420  7.722  19.936 0.0000000000
86777  -43.254  7.938  19.409 0.0000000000
86791  -43.782  8.197  18.710 0.0000000000
86800  -43.522  8.060  18.198 0.0000000000
87860  -44.508  8.513  18.618 0.0000000000
87856  -44.785  8.653  19.120 0.0000000000
88900  -46.665  9.665  20.166 0.0000000000
88894  -47.790  10.725  21.640 0.0000000000
74634  -29.185  -2.494  30.399 0.0000000000
76981  -28.997  -0.382  29.419 0.0000000000
76996  -28.649  -0.992  28.168 0.0000000000
76997  -29.008  -0.322  28.533 0.0000000000
78270  -31.384  1.016  29.372 0.0000000000
76999  -30.836  0.759  28.055 0.0000000000
76998  -30.311  0.571  27.801 0.0000000000
77015  -29.836  0.275  27.421 0.0000000000
77030  -29.937  0.172  26.712 0.0000000000
77032  -31.688  0.530  25.845 0.0000000000
75792  -30.894  0.316  25.290 0.0000000000
75794  -32.565  0.459  25.057 0.0000000000
75817  -35.838  0.709  25.381 0.0000000000
74701  -35.534  0.382  24.621 0.0000000000
75819  -37.773  0.560  25.994 0.0000000000
75798  -39.434  0.244  26.502 0.0000000000
66027  -15.673  -9.150  37.720 0.0000000000
66026  -15.003  -9.169  37.980 0.0000000000
64749  -14.597  -9.877  37.360 0.0000000000
62325  -14.946  -12.550  34.602 0.0000000000
62309  -15.302  -11.899  35.045 0.0000000000
62324  -14.512  -12.585  34.964 0.0000000000
61068  -13.314  -13.181  35.891 0.0000000000
62308  -14.097  -12.227  35.668 0.0000000000
62307  -13.375  -12.599  36.330 0.0000000000
62267  -13.454  -11.655  37.159 0.0000000000
62289  -13.050  -12.434  36.920 0.0000000000
62266  -12.819  -12.185  37.610 0.0000000000
66182  -32.632  -9.875  30.575 0.0000000000
71014  -30.931  -6.204  31.785 0.0000000000
69711  -31.134  -6.795  31.019 0.0000000000
71013  -30.620  -5.697  31.373 0.0000000000
68504  -33.655  -7.140  35.896 0.0000000000
68503  -33.389  -7.123  35.395 0.0000000000
69626  -33.704  -6.236  35.988 0.0000000000
72212  -33.344  -4.913  35.962 0.0000000000
72227  -32.917  -5.196  35.431 0.0000000000
74609  -32.079  -2.967  35.129 0.0000000000
73487  -32.005  -4.225  34.219 0.0000000000
72242  -31.600  -4.553  33.389 0.0000000000
73486  -31.485  -3.659  33.777 0.0000000000
73485  -30.874  -3.333  33.273 0.0000000000
74624  -29.930  -2.545  32.549 0.0000000000
75701  -29.767  -1.877  32.912 0.0000000000
76927  -29.986  -0.156  33.749 0.0000000000
78182  -29.956  0.437  33.135 0.0000000000
78203  -29.988  0.520  32.623 0.0000000000
79470  -31.568  1.637  35.976 0.0000000000
79486  -30.865  1.253  35.490 0.0000000000
79487  -31.628  1.651  35.068 0.0000000000
78184  -31.686  1.422  33.260 0.0000000000
67414  -20.996  -8.393  32.096 0.0000000000
72179  -25.732  -3.914  37.659 0.0000000000
72194  -25.878  -4.313  36.739 0.0000000000
69623  -26.473  -4.910  35.061 0.0000000000
70961  -25.757  -4.558  35.278 0.0000000000
69661  -24.617  -5.132  33.228 0.0000000000
69662  -25.833  -5.325  33.399 0.0000000000
68533  -28.296  -6.834  34.135 0.0000000000
68515  -27.724  -6.207  34.626 0.0000000000
63476  -19.521  -8.382  38.035 0.0000000000
63475  -18.873  -8.413  37.728 0.0000000000
63491  -19.400  -8.954  37.506 0.0000000000
66011  -21.965  -7.879  38.051 0.0000000000
63464  -21.353  -8.559  38.123 0.0000000000
66049  -21.342  -8.690  36.945 0.0000000000
147144  -19.393  -10.110  35.112 0.0000000000
62312  -19.266  -9.798  35.592 0.0000000000
61093  -18.159  -11.286  33.768 0.0000000000
89957  -48.488  10.389  18.362 0.0000000000
89969  -49.232  10.753  16.631 0.0000000000
89979  -48.399  10.111  15.172 0.0000000000
88959  -50.285  10.011  13.438 0.0000000000
92300  -52.315  13.246  14.868 0.0000000000
92293  -52.225  13.190  15.937 0.0000000000
53775  -5.871  -19.198  43.771 0.0000000000
73526  -28.791  -3.840  29.173 0.0000000000
73534  -28.546  -3.961  28.518 0.0000000000
78384  -34.692  1.084  20.533 0.0000000000
79649  -34.748  0.997  19.735 0.0000000000
79650  -34.930  1.814  20.073 0.0000000000
80839  -35.479  2.328  20.894 0.0000000000
75836  -33.333  -0.138  23.931 0.0000000000
74745  -33.716  -0.402  23.593 0.0000000000
73619  -35.372  -0.765  23.099 0.0000000000
74760  -34.589  -0.918  23.020 0.0000000000
74761  -34.991  -0.903  22.807 0.0000000000
75870  -35.171  -0.749  22.403 0.0000000000
75840  -38.883  0.736  24.389 0.0000000000
74749  -38.371  -0.143  23.948 0.0000000000
75876  -38.514  0.519  23.764 0.0000000000
78371  -37.974  0.991  22.668 0.0000000000
75893  -37.814  0.079  22.791 0.0000000000
77095  -36.863  0.319  22.254 0.0000000000
80819  -38.345  2.724  23.002 0.0000000000
79630  -36.993  1.783  22.183 0.0000000000
80842  -37.731  2.692  22.486 0.0000000000
82079  -37.740  3.629  22.431 0.0000000000
85587  -39.478  6.105  25.095 0.0000000000
56179  -8.387  -16.735  43.300 0.0000000000
56180  -9.137  -16.340  43.857 0.0000000000
54985  -8.012  -17.017  44.057 0.0000000000
56178  -7.681  -17.396  43.208 0.0000000000
54983  -7.263  -17.953  43.433 0.0000000000
56188  -7.460  -17.727  42.867 0.0000000000
53803  -6.761  -19.360  41.544 0.0000000000
52673  -6.920  -20.477  40.737 0.0000000000
53747  -4.693  -19.684  45.589 0.0000000000
52599  -4.381  -19.728  46.062 0.0000000000
52588  -4.793  -18.975  46.629 0.0000000000
49087  -3.627  -22.911  45.496 0.0000000000
50246  -3.501  -22.576  45.718 0.0000000000
50231  -3.083  -20.806  46.683 0.0000000000
51442  -3.327  -20.111  47.032 0.0000000000
52576  -3.728  -19.193  47.824 0.0000000000
51441  -3.086  -20.198  47.169 0.0000000000
51446  -2.549  -20.466  46.761 0.0000000000
52585  -2.694  -20.243  47.013 0.0000000000
52584  -2.529  -19.908  46.950 0.0000000000
53714  -2.576  -18.937  47.521 0.0000000000
67384  -32.507  -8.221  34.039 0.0000000000
69606  -22.208  -6.020  36.749 0.0000000000
69605  -22.003  -5.945  35.955 0.0000000000
70940  -22.505  -5.497  36.062 0.0000000000
67364  -30.658  -7.829  35.948 0.0000000000
66116  -30.341  -9.040  33.018 0.0000000000
66137  -30.649  -9.610  32.673 0.0000000000
64848  -31.387  -9.600  32.796 0.0000000000
72134  -24.966  -3.907  42.193 0.0000000000
70887  -24.268  -4.187  41.463 0.0000000000
70896  -23.978  -4.540  41.060 0.0000000000
69579  -22.969  -5.130  39.890 0.0000000000
69590  -22.778  -5.592  39.130 0.0000000000
69591  -22.829  -5.049  39.510 0.0000000000
69724  -30.242  -6.618  29.852 0.0000000000
75833  -29.433  -0.919  24.222 0.0000000000
74719  -28.720  -1.635  23.925 0.0000000000
74757  -29.490  -2.587  22.531 0.0000000000
75867  -31.829  -1.738  21.543 0.0000000000
58620  -11.873  -14.605  37.964 0.0000000000
59836  -12.130  -13.947  38.475 0.0000000000
58595  -11.709  -14.517  38.756 0.0000000000
58594  -11.227  -14.927  39.499 0.0000000000
57387  -9.987  -16.539  38.841 0.0000000000
57386  -9.631  -16.855  38.759 0.0000000000
55048  -9.576  -18.252  38.198 0.0000000000
65996  -32.743  -6.891  38.328 0.0000000000
65997  -32.976  -6.944  38.086 0.0000000000
67303  -33.156  -6.653  38.610 0.0000000000
68447  -34.512  -5.859  38.996 0.0000000000
69573  -34.944  -5.321  39.308 0.0000000000
72135  -28.018  -3.741  41.315 0.0000000000
70889  -29.996  -4.210  40.902 0.0000000000
69560  -31.659  -5.483  40.555 0.0000000000
68424  -31.869  -5.850  40.467 0.0000000000
68443  -31.419  -6.167  40.015 0.0000000000
68463  -31.191  -6.208  39.459 0.0000000000
67299  -31.333  -6.447  38.920 0.0000000000
67300  -31.706  -6.478  38.986 0.0000000000
65994  -31.942  -6.560  38.887 0.0000000000
84496  -39.143  5.961  23.492 0.0000000000
85631  -39.919  7.127  22.490 0.0000000000
85632  -40.374  7.377  22.528 0.0000000000
86728  -43.257  8.651  22.900 0.0000000000
86743  -42.935  8.501  22.581 0.0000000000
85622  -43.346  8.594  22.561 0.0000000000
85661  -43.041  7.976  21.178 0.0000000000
86765  -44.021  8.440  20.787 0.0000000000
86779  -44.960  8.762  20.316 0.0000000000
76956  -29.220  -0.224  31.008 0.0000000000
78288  -32.006  0.989  28.488 0.0000000000
77017  -31.399  0.868  27.796 0.0000000000
78304  -31.468  0.741  26.985 0.0000000000
77031  -30.858  0.448  26.330 0.0000000000
77047  -32.351  0.586  25.917 0.0000000000
77048  -32.926  0.614  25.673 0.0000000000
65990  -17.373  -7.487  38.917 0.0000000000
66028  -16.192  -9.200  37.443 0.0000000000
64772  -15.683  -10.193  36.471 0.0000000000
59855  -12.729  -13.959  36.256 0.0000000000
91128  -52.131  12.094  13.045 0.0000000000
91139  -52.516  11.644  12.560 0.0000000000
92317  -52.436  12.287  12.967 0.0000000000
67432  -32.207  -8.530  31.635 0.0000000000
68585  -31.844  -7.971  31.650 0.0000000000
68584  -31.604  -7.581  31.511 0.0000000000
72276  -31.133  -5.665  32.433 0.0000000000
72214  -33.785  -5.268  36.536 0.0000000000
70964  -33.776  -5.718  36.314 0.0000000000
72197  -33.857  -4.869  36.781 0.0000000000
72196  -33.586  -4.666  36.580 0.0000000000
73453  -33.073  -4.289  36.075 0.0000000000
74585  -31.720  -2.269  36.172 0.0000000000
74596  -31.665  -2.517  35.351 0.0000000000
74608  -31.559  -2.988  34.608 0.0000000000
74607  -30.736  -2.198  34.228 0.0000000000
75688  -29.938  -1.145  33.668 0.0000000000
69674  -21.635  -6.920  32.552 0.0000000000
70920  -27.570  -4.802  37.592 0.0000000000
72195  -26.581  -4.720  36.545 0.0000000000
70930  -27.293  -5.117  36.804 0.0000000000
70944  -26.872  -5.107  36.035 0.0000000000
68568  -28.800  -7.555  32.538 0.0000000000
68567  -27.983  -7.006  32.328 0.0000000000
63462  -20.419  -8.553  38.458 0.0000000000
147149  -20.848  -8.632  35.718 0.0000000000
66029  -20.716  -9.009  36.105 0.0000000000
63516  -20.198  -9.195  34.938 0.0000000000
147145  -19.756  -9.681  34.965 0.0000000000
61095  -18.994  -10.929  33.684 0.0000000000
61094  -18.796  -11.033  33.796 0.0000000000
147146  -19.050  -10.888  33.238 0.0000000000
62345  -18.800  -11.637  32.094 0.0000000000
88918  -46.642  9.533  18.346 0.0000000000
88926  -47.458  9.984  17.659 0.0000000000
89981  -49.979  11.121  15.919 0.0000000000
91119  -50.609  11.317  14.721 0.0000000000
52660  -6.269  -20.742  41.589 0.0000000000
52650  -5.635  -20.952  42.426 0.0000000000
73533  -28.164  -3.602  27.925 0.0000000000
77123  -34.447  -0.496  19.684 0.0000000000
74723  -34.974  0.133  24.080 0.0000000000
74746  -34.339  -0.543  23.434 0.0000000000
74747  -35.148  -0.342  23.564 0.0000000000
73604  -35.585  -0.499  23.416 0.0000000000
73621  -36.583  -0.579  23.355 0.0000000000
79609  -39.555  1.826  24.758 0.0000000000
77081  -38.605  0.919  23.850 0.0000000000
79608  -39.199  1.863  24.149 0.0000000000
78372  -38.229  1.171  23.081 0.0000000000
79632  -38.144  1.507  22.990 0.0000000000
79631  -37.769  1.646  22.618 0.0000000000
80820  -38.771  2.658  23.586 0.0000000000
82057  -38.663  3.316  23.551 0.0000000000
82038  -38.514  3.932  23.579 0.0000000000
83255  -39.105  4.415  24.715 0.0000000000
57339  -10.210  -15.739  41.543 0.0000000000
58530  -10.112  -15.788  42.244 0.0000000000
58510  -9.986  -15.752  42.927 0.0000000000
57323  -8.990  -16.486  42.847 0.0000000000
54997  -7.974  -17.942  41.849 0.0000000000
53816  -7.507  -19.355  40.414 0.0000000000
52627  -4.802  -20.612  44.374 0.0000000000
52612  -4.971  -20.031  44.831 0.0000000000
52626  -4.385  -20.872  44.821 0.0000000000
50230  -2.772  -21.327  46.571 0.0000000000
50223  -2.982  -20.822  46.974 0.0000000000
70870  -30.930  -3.676  42.632 0.0000000000
69547  -32.403  -4.862  41.156 0.0000000000
87793  -41.219  8.929  25.410 0.0000000000
87801  -41.212  8.394  23.663 0.0000000000
88865  -42.609  9.509  24.649 0.0000000000
87803  -42.979  9.312  23.944 0.0000000000
86730  -44.381  9.134  22.972 0.0000000000
87821  -44.827  9.414  23.028 0.0000000000
87832  -45.326  9.518  22.527 0.0000000000
78272  -33.510  1.203  29.791 0.0000000000
78321  -34.472  0.861  27.616 0.0000000000
62310  -16.377  -11.053  35.140 0.0000000000
53709  -5.584  -17.982  48.163 0.0000000000
52568  -5.027  -18.295  47.972 0.0000000000
64873  -32.414  -9.833  31.743 0.0000000000
66139  -32.204  -9.374  32.293 0.0000000000
78162  -30.507  0.521  35.944 0.0000000000
66092  -20.213  -9.440  33.764 0.0000000000
66114  -20.325  -9.595  33.029 0.0000000000
67397  -20.502  -9.075  33.247 0.0000000000
69659  -21.365  -6.972  33.388 0.0000000000
69622  -21.883  -6.252  35.213 0.0000000000
69640  -21.540  -6.585  34.122 0.0000000000
69660  -21.875  -6.431  33.051 0.0000000000
70999  -22.332  -6.060  32.798 0.0000000000
71000  -22.816  -5.618  32.718 0.0000000000
69676  -23.726  -5.837  32.059 0.0000000000
68488  -28.921  -6.397  36.798 0.0000000000
68500  -28.690  -6.605  35.939 0.0000000000
68551  -28.829  -7.478  33.637 0.0000000000
65973  -22.299  -7.514  39.912 0.0000000000
65974  -22.560  -7.312  39.642 0.0000000000
65993  -22.394  -7.443  38.918 0.0000000000
66010  -21.825  -7.810  37.410 0.0000000000
67332  -22.204  -7.330  37.537 0.0000000000
67330  -21.097  -8.345  36.001 0.0000000000
147148  -20.842  -8.597  35.472 0.0000000000
147152  -20.795  -8.538  34.808 0.0000000000
85670  -40.612  6.887  18.911 0.0000000000
88914  -48.823  10.783  20.142 0.0000000000
88922  -49.337  11.028  19.741 0.0000000000
91090  -51.324  12.179  17.789 0.0000000000
74699  -27.729  -2.527  25.539 0.0000000000
77091  -33.785  -0.815  21.080 0.0000000000
74705  -38.164  0.278  25.229 0.0000000000
74727  -37.829  -0.083  24.469 0.0000000000
77052  -39.326  0.509  25.252 0.0000000000
77062  -39.296  0.718  24.704 0.0000000000
78342  -39.845  1.179  25.049 0.0000000000
79602  -39.728  1.633  24.950 0.0000000000
80796  -39.771  2.236  25.161 0.0000000000
80788  -40.121  2.929  25.703 0.0000000000
82010  -40.201  3.437  25.933 0.0000000000
83228  -40.664  4.326  26.626 0.0000000000
62229  -12.361  -12.141  40.210 0.0000000000
59779  -10.977  -14.420  41.643 0.0000000000
58571  -10.809  -14.866  40.734 0.0000000000
57354  -10.283  -15.681  41.041 0.0000000000
56215  -9.412  -16.585  40.681 0.0000000000
55020  -8.287  -18.038  40.175 0.0000000000
55033  -8.617  -18.455  39.249 0.0000000000
49067  -1.974  -24.176  46.905 0.0000000000
64824  -32.106  -8.298  34.915 0.0000000000
64802  -32.261  -8.017  35.421 0.0000000000
66053  -33.162  -7.456  36.185 0.0000000000
68505  -33.724  -6.566  36.313 0.0000000000
67322  -33.566  -6.741  37.420 0.0000000000
68490  -34.154  -6.020  37.110 0.0000000000
70945  -33.954  -5.456  36.745 0.0000000000
72181  -34.337  -4.685  37.456 0.0000000000
70901  -35.282  -4.641  39.682 0.0000000000
73410  -25.028  -3.510  39.523 0.0000000000
72178  -24.416  -3.867  38.140 0.0000000000
72155  -26.628  -3.871  39.192 0.0000000000
72168  -26.898  -4.068  38.253 0.0000000000
72145  -28.043  -3.865  40.284 0.0000000000
72156  -27.748  -3.993  39.206 0.0000000000
72169  -28.075  -4.584  38.298 0.0000000000
72170  -28.752  -4.895  38.272 0.0000000000
70921  -28.515  -5.184  37.793 0.0000000000
69592  -29.161  -5.627  37.832 0.0000000000
70879  -30.424  -3.777  41.806 0.0000000000
70890  -30.593  -4.280  41.082 0.0000000000
69557  -30.670  -4.742  40.631 0.0000000000
68422  -31.139  -5.313  40.524 0.0000000000
68441  -30.817  -5.347  40.190 0.0000000000
69570  -30.274  -5.024  39.894 0.0000000000
68460  -29.654  -6.002  38.458 0.0000000000
68477  -29.304  -6.143  37.598 0.0000000000
68489  -29.530  -6.670  37.372 0.0000000000
67333  -29.789  -7.115  37.114 0.0000000000
67348  -30.040  -7.426  36.545 0.0000000000
67335  -30.776  -7.249  37.660 0.0000000000
67349  -30.763  -7.500  36.894 0.0000000000
64800  -31.644  -8.216  35.347 0.0000000000
72122  -25.535  -3.703  42.634 0.0000000000
73376  -25.552  -3.574  41.939 0.0000000000
73397  -24.770  -3.592  40.627 0.0000000000
83326  -36.514  4.127  20.778 0.0000000000
83337  -36.384  4.288  19.921 0.0000000000
84517  -38.693  5.930  21.175 0.0000000000
84532  -38.595  6.062  20.090 0.0000000000
86725  -41.019  7.979  23.211 0.0000000000
85621  -41.090  7.799  22.840 0.0000000000
85633  -41.263  7.804  22.284 0.0000000000
85634  -42.259  8.146  22.102 0.0000000000
85645  -41.433  7.740  21.815 0.0000000000
84520  -41.004  7.587  21.744 0.0000000000
84535  -41.140  7.437  21.120 0.0000000000
85658  -40.557  7.060  19.840 0.0000000000
85671  -41.333  7.335  19.146 0.0000000000
86788  -41.795  7.339  18.318 0.0000000000
86776  -42.547  7.711  19.135 0.0000000000
86789  -42.491  7.579  18.363 0.0000000000
86799  -43.182  7.770  17.703 0.0000000000
87865  -43.548  8.019  17.369 0.0000000000
87872  -43.739  8.061  16.881 0.0000000000
87873  -44.715  8.446  16.511 0.0000000000
87857  -45.165  8.834  19.480 0.0000000000
87862  -45.873  9.218  18.996 0.0000000000
87833  -45.842  9.827  22.491 0.0000000000
87842  -45.906  9.786  21.938 0.0000000000
87843  -46.463  10.181  21.824 0.0000000000
89947  -48.727  11.055  21.023 0.0000000000
73510  -29.492  -3.296  31.031 0.0000000000
74642  -28.689  -2.744  29.538 0.0000000000
75737  -28.589  -1.907  29.173 0.0000000000
74641  -28.432  -2.435  28.882 0.0000000000
75753  -28.473  -1.774  28.531 0.0000000000
75771  -28.368  -1.656  27.701 0.0000000000
75772  -28.572  -0.960  27.213 0.0000000000
78287  -31.046  0.812  28.642 0.0000000000
78286  -30.197  0.690  28.378 0.0000000000
78285  -29.505  0.238  28.166 0.0000000000
77014  -29.111  -0.308  27.593 0.0000000000
75811  -29.184  -0.585  25.192 0.0000000000
75834  -30.508  -0.746  23.478 0.0000000000
75815  -33.460  0.542  24.826 0.0000000000
75837  -34.202  0.265  24.265 0.0000000000
74700  -35.113  0.359  24.486 0.0000000000
74703  -37.104  0.280  25.175 0.0000000000
77035  -34.983  0.836  27.101 0.0000000000
77036  -36.070  0.888  26.680 0.0000000000
75795  -36.966  0.656  27.325 0.0000000000
75818  -36.786  0.703  26.047 0.0000000000
74704  -37.776  0.368  25.108 0.0000000000
77038  -40.095  0.199  26.402 0.0000000000
63539  -15.857  -10.906  35.612 0.0000000000
63514  -15.424  -10.694  35.954 0.0000000000
63513  -14.813  -10.765  36.244 0.0000000000
63537  -14.279  -11.420  36.141 0.0000000000
64771  -14.759  -10.227  36.741 0.0000000000
64748  -14.206  -10.227  37.224 0.0000000000
63473  -13.966  -10.233  37.552 0.0000000000
59846  -12.312  -14.016  37.564 0.0000000000
59854  -12.394  -14.279  36.862 0.0000000000
93498  -53.422  13.662  13.244 0.0000000000
68602  -31.086  -7.256  30.502 0.0000000000
69710  -30.730  -6.698  30.498 0.0000000000
71028  -30.334  -5.809  30.602 0.0000000000
66071  -32.682  -8.083  34.898 0.0000000000
67385  -32.898  -7.711  34.615 0.0000000000
68535  -33.105  -7.116  34.656 0.0000000000
69645  -33.763  -5.733  35.878 0.0000000000
69644  -33.404  -6.403  35.535 0.0000000000
69643  -32.978  -6.517  34.839 0.0000000000
70991  -32.603  -6.235  34.464 0.0000000000
70990  -32.204  -5.944  34.047 0.0000000000
72226  -32.411  -4.735  34.842 0.0000000000
72258  -31.192  -4.883  32.627 0.0000000000
72257  -30.703  -4.388  32.134 0.0000000000
73511  -30.141  -3.844  31.564 0.0000000000
75713  -29.359  -1.191  31.658 0.0000000000
75700  -29.494  -1.044  32.721 0.0000000000
78170  -30.464  0.594  34.915 0.0000000000
72210  -24.552  -4.283  36.405 0.0000000000
70960  -24.267  -4.413  35.689 0.0000000000
70943  -26.156  -4.626  36.012 0.0000000000
70989  -24.682  -4.831  33.841 0.0000000000
68499  -27.997  -6.126  35.528 0.0000000000
69642  -27.014  -5.565  34.088 0.0000000000
68549  -27.468  -6.428  32.864 0.0000000000
69663  -27.018  -5.797  33.276 0.0000000000
69678  -25.968  -5.709  32.317 0.0000000000
64716  -18.807  -7.723  39.033 0.0000000000
63474  -18.451  -8.392  37.768 0.0000000000
64706  -21.789  -7.773  39.609 0.0000000000
64737  -20.967  -8.688  38.371 0.0000000000
63478  -20.481  -8.830  38.090 0.0000000000
63541  -20.633  -9.201  36.291 0.0000000000
62272  -19.993  -9.491  36.899 0.0000000000
62270  -19.268  -9.327  37.052 0.0000000000
62292  -18.800  -9.555  36.320 0.0000000000
62311  -17.689  -10.230  35.549 0.0000000000
61092  -16.979  -11.635  33.653 0.0000000000
87886  -46.593  8.891  15.205 0.0000000000
88948  -47.275  9.130  14.856 0.0000000000
89962  -47.811  10.256  16.866 0.0000000000
89967  -47.780  10.161  16.437 0.0000000000
88942  -47.769  9.865  15.692 0.0000000000
88949  -47.819  9.435  14.796 0.0000000000
88950  -48.591  9.451  14.336 0.0000000000
87897  -48.730  9.071  14.023 0.0000000000
88957  -49.135  9.403  13.953 0.0000000000
89996  -49.510  9.788  13.920 0.0000000000
88958  -49.862  9.401  13.437 0.0000000000
90008  -51.470  10.583  12.803 0.0000000000
92305  -51.585  12.170  13.994 0.0000000000
92301  -52.794  13.547  14.491 0.0000000000
54970  -6.555  -18.509  44.115 0.0000000000
54956  -6.486  -18.358  45.054 0.0000000000
53774  -5.408  -20.109  43.651 0.0000000000
52639  -5.103  -20.975  43.584 0.0000000000
72302  -29.260  -4.679  29.298 0.0000000000
73557  -27.709  -3.621  26.028 0.0000000000
80868  -35.834  3.056  20.669 0.0000000000
75853  -34.067  -0.917  23.021 0.0000000000
75889  -34.579  -0.651  21.815 0.0000000000
73608  -37.623  -0.583  23.948 0.0000000000
73622  -37.140  -0.594  23.552 0.0000000000
74764  -37.049  -0.540  23.121 0.0000000000
75894  -38.062  0.162  22.992 0.0000000000
75873  -37.470  -0.234  22.921 0.0000000000
75872  -36.792  -0.398  22.679 0.0000000000
77093  -34.978  -0.059  21.533 0.0000000000
78368  -35.313  0.911  21.416 0.0000000000
79629  -36.068  1.807  21.585 0.0000000000
80840  -35.800  2.578  21.167 0.0000000000
82077  -36.395  3.512  21.205 0.0000000000
83313  -36.925  4.158  21.298 0.0000000000
83274  -38.522  4.369  23.559 0.0000000000
86697  -40.268  7.759  25.045 0.0000000000
54972  -7.689  -17.399  44.614 0.0000000000
54973  -8.065  -16.989  44.609 0.0000000000
54996  -7.191  -18.329  42.403 0.0000000000
53789  -6.584  -18.981  42.248 0.0000000000
53802  -6.437  -19.982  41.782 0.0000000000
53817  -7.971  -18.787  40.188 0.0000000000
53735  -5.593  -18.702  46.218 0.0000000000
53748  -5.091  -19.428  45.242 0.0000000000
53734  -5.208  -19.007  45.895 0.0000000000
52589  -5.239  -18.762  46.525 0.0000000000
52579  -5.252  -18.583  47.028 0.0000000000
52578  -4.823  -18.677  47.221 0.0000000000
52577  -4.408  -18.876  47.525 0.0000000000
50247  -3.826  -22.195  45.271 0.0000000000
51459  -3.875  -20.440  46.061 0.0000000000
52598  -3.956  -19.882  46.525 0.0000000000
53716  -3.228  -18.788  48.270 0.0000000000
53715  -2.768  -18.967  47.985 0.0000000000
49066  -1.527  -24.105  46.681 0.0000000000
47888  -1.175  -24.615  46.512 0.0000000000
52566  -4.206  -18.477  48.393 0.0000000000
52601  -5.221  -18.873  46.235 0.0000000000
52649  -5.329  -21.230  43.035 0.0000000000
53707  -4.412  -18.215  48.679 0.0000000000
53708  -5.357  -17.934  48.562 0.0000000000
53733  -4.820  -19.348  45.803 0.0000000000
56100  -6.432  -17.355  48.639 0.0000000000
56177  -7.375  -17.734  43.085 0.0000000000
56202  -9.484  -16.627  41.071 0.0000000000
57367  -9.435  -16.706  39.382 0.0000000000
58550  -10.180  -15.767  41.789 0.0000000000
59847  -12.538  -13.723  36.944 0.0000000000
60984  -11.732  -12.355  41.860 0.0000000000
61074  -19.297  -10.624  34.117 0.0000000000
61115  -18.805  -11.037  33.412 0.0000000000
62268  -18.550  -9.168  37.022 0.0000000000
62269  -18.867  -9.278  36.988 0.0000000000
62271  -19.714  -9.430  37.011 0.0000000000
62290  -13.722  -11.917  36.515 0.0000000000
62294  -19.693  -9.518  36.444 0.0000000000
62295  -20.105  -9.494  36.316 0.0000000000
62296  -20.401  -9.370  36.298 0.0000000000
62313  -20.238  -9.425  35.923 0.0000000000
62336  -18.927  -11.147  32.599 0.0000000000
63463  -21.332  -8.482  38.404 0.0000000000
63479  -20.977  -8.905  38.061 0.0000000000
63480  -21.205  -8.899  37.665 0.0000000000
63487  -13.794  -10.733  37.327 0.0000000000
63488  -14.036  -10.301  37.346 0.0000000000
63490  -18.908  -8.850  37.377 0.0000000000
63492  -19.815  -9.142  37.579 0.0000000000
63493  -20.073  -9.240  37.597 0.0000000000
63495  -21.044  -9.172  37.187 0.0000000000
63517  -20.597  -8.915  35.443 0.0000000000
63518  -20.333  -9.408  37.009 0.0000000000
63519  -20.679  -9.293  36.765 0.0000000000
63520  -21.019  -9.274  37.034 0.0000000000
63572  -19.266  -10.808  32.674 0.0000000000
63583  -18.992  -11.268  32.254 0.0000000000
64719  -20.718  -8.340  39.045 0.0000000000
64720  -21.228  -8.373  38.808 0.0000000000
64721  -21.607  -8.150  38.580 0.0000000000
64735  -19.236  -8.175  38.149 0.0000000000
64736  -20.814  -8.576  38.558 0.0000000000
64738  -21.502  -8.420  37.843 0.0000000000
64752  -21.319  -8.784  37.301 0.0000000000
64754  -32.230  -7.646  36.472 0.0000000000
64756  -32.840  -7.585  36.026 0.0000000000
64770  -14.224  -10.386  37.032 0.0000000000
64775  -21.023  -9.177  37.021 0.0000000000
64776  -21.132  -9.068  36.919 0.0000000000
64777  -31.765  -7.887  35.924 0.0000000000
64779  -32.144  -7.799  36.047 0.0000000000
64780  -32.526  -7.763  35.774 0.0000000000
64781  -32.798  -7.699  35.740 0.0000000000
64793  -15.940  -10.462  35.989 0.0000000000
64794  -16.243  -10.462  35.859 0.0000000000
64797  -20.897  -9.085  36.578 0.0000000000
64801  -31.847  -8.157  35.365 0.0000000000
64803  -32.594  -7.915  35.390 0.0000000000
64804  -32.833  -7.836  35.469 0.0000000000
64818  -20.100  -9.907  33.418 0.0000000000
64823  -31.942  -8.376  34.825 0.0000000000
64825  -32.348  -8.115  35.173 0.0000000000
64842  -19.658  -10.457  32.815 0.0000000000
65952  -22.219  -7.360  40.609 0.0000000000
65953  -22.597  -7.039  40.421 0.0000000000
65976  -32.762  -6.637  38.844 0.0000000000
65995  -32.355  -6.684  38.732 0.0000000000
65998  -33.088  -7.131  37.746 0.0000000000
66012  -22.337  -7.495  38.488 0.0000000000
66015  -32.229  -7.220  37.801 0.0000000000
66016  -32.640  -7.266  37.566 0.0000000000
66017  -33.001  -7.284  37.337 0.0000000000
66018  -33.346  -7.164  37.137 0.0000000000
66031  -21.586  -8.252  37.261 0.0000000000
66036  -33.010  -7.449  36.663 0.0000000000
66048  -21.204  -8.702  36.659 0.0000000000
66051  -31.794  -7.772  36.256 0.0000000000
66052  -33.102  -7.556  35.603 0.0000000000
66054  -33.370  -7.274  36.535 0.0000000000
66068  -20.278  -9.153  34.299 0.0000000000
66069  -21.091  -8.922  36.662 0.0000000000
66070  -31.061  -8.269  35.408 0.0000000000
66073  -32.914  -7.735  35.457 0.0000000000
66097  -32.454  -8.163  34.968 0.0000000000
66115  -20.537  -9.104  33.006 0.0000000000
67255  -23.602  -5.599  41.266 0.0000000000
67259  -33.339  -6.295  39.633 0.0000000000
67275  -23.404  -5.591  40.856 0.0000000000
67276  -31.623  -6.345  39.611 0.0000000000
67278  -32.533  -6.486  39.490 0.0000000000
67279  -33.038  -6.517  39.220 0.0000000000
67280  -33.564  -6.368  39.088 0.0000000000
67281  -33.992  -6.262  38.891 0.0000000000
67295  -22.705  -7.079  38.646 0.0000000000
67296  -22.795  -6.827  39.299 0.0000000000
67298  -30.938  -6.460  38.791 0.0000000000
67302  -32.922  -6.682  38.665 0.0000000000
67304  -33.640  -6.430  38.233 0.0000000000
67315  -22.062  -7.584  37.636 0.0000000000
67316  -22.447  -7.325  38.116 0.0000000000
67320  -30.984  -6.991  38.210 0.0000000000
67321  -31.411  -6.788  38.501 0.0000000000
67323  -33.808  -6.334  37.614 0.0000000000
67336  -33.757  -7.006  36.775 0.0000000000
67337  -33.820  -6.540  37.040 0.0000000000
67346  -21.409  -7.649  36.007 0.0000000000
67347  -29.696  -7.189  36.720 0.0000000000
67350  -33.336  -7.266  35.608 0.0000000000
67351  -33.473  -7.200  36.066 0.0000000000
67352  -33.580  -7.055  36.589 0.0000000000
67353  -33.727  -6.865  36.962 0.0000000000
67365  -32.693  -8.052  34.650 0.0000000000
67366  -33.013  -7.730  34.995 0.0000000000
67379  -20.461  -9.029  33.501 0.0000000000
67398  -20.783  -8.571  33.185 0.0000000000
68420  -23.924  -5.258  41.666 0.0000000000
68426  -32.913  -6.032  40.345 0.0000000000
68444  -31.801  -6.348  40.110 0.0000000000
68446  -34.102  -6.084  39.291 0.0000000000
68464  -34.115  -6.166  38.754 0.0000000000
68465  -34.233  -5.977  38.354 0.0000000000
68479  -34.052  -6.016  37.817 0.0000000000
68496  -21.439  -7.480  35.494 0.0000000000
68502  -29.654  -7.243  36.481 0.0000000000
68506  -33.806  -6.534  36.794 0.0000000000
68519  -33.240  -7.185  35.020 0.0000000000
68520  -33.526  -6.722  35.639 0.0000000000
68521  -33.671  -6.602  35.966 0.0000000000
68531  -21.388  -7.205  34.509 0.0000000000
68604  -31.628  -7.956  31.237 0.0000000000
69558  -30.985  -4.540  41.061 0.0000000000
69568  -23.386  -5.232  40.576 0.0000000000
69571  -29.927  -5.100  39.501 0.0000000000
69572  -29.884  -5.273  39.385 0.0000000000
69578  -22.970  -5.517  39.986 0.0000000000
69581  -29.801  -5.474  39.053 0.0000000000
69583  -29.918  -5.505  39.480 0.0000000000
69598  -27.883  -5.416  36.771 0.0000000000
69600  -34.153  -5.717  37.446 0.0000000000
69610  -33.990  -6.004  36.871 0.0000000000
69625  -33.571  -6.436  35.775 0.0000000000
69639  -21.299  -7.003  33.831 0.0000000000
69665  -32.766  -6.907  34.094 0.0000000000
70877  -25.600  -3.734  43.067 0.0000000000
70888  -24.389  -4.325  41.943 0.0000000000
70899  -29.679  -4.943  39.371 0.0000000000
70900  -29.793  -5.441  39.235 0.0000000000
70907  -23.508  -4.702  40.193 0.0000000000
70908  -29.105  -5.295  38.090 0.0000000000
70910  -29.628  -5.262  39.075 0.0000000000
70911  -29.699  -5.571  39.400 0.0000000000
70919  -23.083  -4.820  39.742 0.0000000000
70922  -28.895  -5.095  38.127 0.0000000000
70946  -34.140  -5.442  37.179 0.0000000000
70976  -33.547  -5.858  35.907 0.0000000000
70977  -33.702  -5.867  36.088 0.0000000000
70988  -23.793  -4.875  33.740 0.0000000000
72133  -24.554  -3.949  41.706 0.0000000000
72144  -24.329  -3.895  41.060 0.0000000000
72152  -23.667  -4.438  39.971 0.0000000000
72154  -26.059  -3.786  39.468 0.0000000000
72158  -29.327  -4.857  38.816 0.0000000000
72166  -24.364  -3.717  39.315 0.0000000000
72171  -35.117  -4.556  38.520 0.0000000000
72193  -24.818  -4.150  37.033 0.0000000000
72198  -34.038  -4.956  36.964 0.0000000000
72199  -34.298  -5.002  37.290 0.0000000000
72213  -33.624  -5.077  36.347 0.0000000000
72228  -33.432  -5.433  35.915 0.0000000000
73375  -24.960  -3.808  41.859 0.0000000000
73377  -26.396  -3.419  41.371 0.0000000000
73378  -27.229  -3.497  40.858 0.0000000000
73588  -35.784  -0.185  23.823 0.0000000000
73591  -37.441  -0.427  24.207 0.0000000000
73592  -37.739  -0.433  24.169 0.0000000000
73605  -36.190  -0.446  23.590 0.0000000000
73607  -37.216  -0.601  23.905 0.0000000000
73618  -34.989  -0.903  23.062 0.0000000000
73620  -35.964  -0.587  23.202 0.0000000000
73623  -37.437  -0.592  23.722 0.0000000000
74698  -27.624  -2.627  25.220 0.0000000000
74717  -27.650  -2.502  25.010 0.0000000000
74721  -33.677  -0.232  23.769 0.0000000000
74728  -38.163  -0.118  24.600 0.0000000000
74748  -38.012  -0.409  24.102 0.0000000000
74763  -36.358  -0.589  22.939 0.0000000000
74765  -37.764  -0.428  23.527 0.0000000000
74766  -38.266  -0.073  23.521 0.0000000000
75821  -39.080  0.390  25.330 0.0000000000
75822  -39.399  0.464  25.569 0.0000000000
75838  -34.663  0.326  24.365 0.0000000000
75854  -38.502  0.233  23.830 0.0000000000
75855  -38.849  0.747  23.800 0.0000000000
75871  -35.999  -0.499  22.539 0.0000000000
75875  -38.333  0.331  23.391 0.0000000000
75891  -36.420  -0.166  22.324 0.0000000000
76926  -29.695  -0.112  33.137 0.0000000000
77029  -29.481  -0.092  27.042 0.0000000000
77033  -32.263  0.491  25.491 0.0000000000
77051  -36.066  1.050  25.978 0.0000000000
77061  -39.240  0.499  25.031 0.0000000000
77080  -38.388  0.736  23.410 0.0000000000
77096  -37.615  0.399  22.550 0.0000000000
77097  -38.148  0.571  22.992 0.0000000000
78302  -29.572  0.199  27.744 0.0000000000
78322  -40.086  0.765  25.832 0.0000000000
78331  -32.653  0.638  26.106 0.0000000000
78334  -39.799  0.904  25.116 0.0000000000
78341  -39.526  1.155  24.605 0.0000000000
78349  -39.072  1.358  24.241 0.0000000000
78357  -38.810  1.424  23.947 0.0000000000
79601  -39.409  1.582  24.505 0.0000000000
79618  -38.502  1.778  23.431 0.0000000000
79619  -38.796  1.696  23.787 0.0000000000
80789  -40.289  2.630  25.893 0.0000000000
83240  -39.350  4.632  25.157 0.0000000000
83312  -36.602  3.956  21.118 0.0000000000
84508  -40.736  7.527  22.154 0.0000000000
84521  -41.500  7.699  21.607 0.0000000000
85588  -39.971  6.766  25.707 0.0000000000
85623  -43.596  8.676  22.696 0.0000000000
85636  -43.763  8.691  22.463 0.0000000000
85637  -44.108  8.816  22.474 0.0000000000
85649  -44.193  8.809  22.242 0.0000000000
86726  -41.661  8.186  22.737 0.0000000000
86742  -42.387  8.331  22.446 0.0000000000
86744  -44.020  8.812  22.705 0.0000000000
86755  -45.364  9.370  21.855 0.0000000000
87816  -41.440  8.240  23.163 0.0000000000
87871  -43.365  7.836  17.149 0.0000000000
88878  -44.862  9.664  23.404 0.0000000000
88892  -46.408  10.220  22.066 0.0000000000
88931  -47.765  10.090  16.192 0.0000000000
88940  -46.494  9.017  15.539 0.0000000000
147150  -20.488  -9.177  35.843 0.0000000000
147386  -22.874  -6.528  40.077 0.0000000000
147387  -23.076  -5.890  40.250 0.0000000000
