#!ascii label  , from subject sub001 vox2ras=TkReg
324
85226  -23.225  5.673  -39.521 0.0000000000
80446  -20.680  1.842  -36.031 0.0000000000
81654  -24.965  2.728  -36.513 0.0000000000
75481  -24.561  -2.140  -35.272 0.0000000000
100945  -20.896  19.228  -40.801 0.0000000000
97551  -21.919  16.217  -40.102 0.0000000000
90594  -19.822  10.787  -39.420 0.0000000000
71968  -23.334  -5.743  -32.428 0.0000000000
79177  -22.884  0.166  -36.061 0.0000000000
76620  -22.021  -1.627  -34.288 0.0000000000
99798  -21.660  18.340  -40.699 0.0000000000
96419  -19.869  15.335  -39.854 0.0000000000
85201  -20.297  5.790  -38.017 0.0000000000
88526  -18.808  8.192  -37.351 0.0000000000
87500  -21.018  8.194  -39.545 0.0000000000
90604  -22.452  10.889  -40.166 0.0000000000
88544  -23.254  8.417  -39.525 0.0000000000
87487  -24.319  7.285  -37.706 0.0000000000
84036  -19.068  4.290  -35.580 0.0000000000
82855  -21.517  3.562  -37.973 0.0000000000
84084  -24.261  4.222  -39.206 0.0000000000
80457  -23.575  1.808  -37.757 0.0000000000
79191  -25.081  0.291  -36.666 0.0000000000
77865  -26.097  -0.687  -33.424 0.0000000000
92937  -18.434  12.797  -38.079 0.0000000000
94158  -21.015  13.213  -40.991 0.0000000000
95300  -22.435  14.050  -38.866 0.0000000000
74352  -21.032  -3.323  -32.542 0.0000000000
74366  -24.031  -4.074  -33.768 0.0000000000
77863  -21.266  -1.090  -34.156 0.0000000000
76601  -20.522  -1.436  -33.074 0.0000000000
97548  -19.957  16.357  -40.314 0.0000000000
96403  -19.276  15.255  -38.806 0.0000000000
85212  -21.097  5.682  -38.584 0.0000000000
87493  -21.081  7.106  -39.208 0.0000000000
87502  -22.267  7.246  -39.933 0.0000000000
88550  -22.528  8.634  -40.313 0.0000000000
87510  -23.139  7.577  -39.946 0.0000000000
88527  -23.713  8.182  -38.293 0.0000000000
86388  -23.821  6.483  -38.865 0.0000000000
81651  -19.949  3.079  -36.194 0.0000000000
82840  -20.516  3.697  -36.998 0.0000000000
81653  -21.510  2.563  -37.222 0.0000000000
81664  -23.107  2.665  -38.324 0.0000000000
80448  -22.201  1.322  -37.127 0.0000000000
76644  -23.246  -1.084  -35.615 0.0000000000
77897  -24.364  -0.304  -36.774 0.0000000000
77890  -24.469  -1.038  -36.332 0.0000000000
77880  -25.500  -0.767  -34.940 0.0000000000
76639  -25.339  -1.736  -34.837 0.0000000000
99780  -19.842  18.427  -39.477 0.0000000000
100918  -19.967  19.249  -38.450 0.0000000000
102062  -20.636  20.182  -40.108 0.0000000000
103116  -21.006  21.235  -40.727 0.0000000000
102049  -22.210  20.294  -40.437 0.0000000000
98652  -21.650  17.367  -40.310 0.0000000000
88533  -18.671  9.356  -37.612 0.0000000000
90579  -17.780  10.877  -37.331 0.0000000000
91778  -18.818  11.971  -38.614 0.0000000000
92952  -19.533  12.726  -39.199 0.0000000000
91787  -20.308  11.634  -39.859 0.0000000000
91789  -22.833  11.429  -39.455 0.0000000000
92966  -22.478  12.321  -39.786 0.0000000000
92953  -22.721  12.499  -38.796 0.0000000000
82858  -24.771  3.661  -37.401 0.0000000000
84062  -24.765  4.668  -37.890 0.0000000000
71966  -21.594  -5.045  -32.346 0.0000000000
73200  -22.360  -4.688  -32.811 0.0000000000
73212  -22.383  -3.943  -33.270 0.0000000000
73214  -23.565  -4.515  -33.134 0.0000000000
80433  -20.199  1.535  -35.243 0.0000000000
79187  -21.658  0.967  -35.909 0.0000000000
77887  -21.863  -0.010  -35.263 0.0000000000
77879  -22.237  -1.035  -35.087 0.0000000000
75472  -23.011  -2.355  -34.680 0.0000000000
99796  -20.121  18.078  -40.258 0.0000000000
100946  -21.642  19.281  -40.961 0.0000000000
98650  -20.371  17.254  -40.606 0.0000000000
97549  -20.550  16.403  -40.703 0.0000000000
96433  -21.319  15.149  -40.749 0.0000000000
86367  -19.456  6.118  -37.107 0.0000000000
86375  -19.136  7.116  -37.252 0.0000000000
88535  -19.941  8.650  -38.783 0.0000000000
89575  -20.157  9.702  -39.414 0.0000000000
90602  -21.090  10.644  -40.455 0.0000000000
89584  -21.435  9.659  -40.324 0.0000000000
89577  -22.721  9.849  -39.893 0.0000000000
90589  -23.329  10.107  -38.500 0.0000000000
89569  -23.658  9.725  -38.044 0.0000000000
70687  -24.373  -6.532  -31.278 0.0000000000
73203  -24.781  -5.249  -32.201 0.0000000000
84059  -19.715  5.016  -36.909 0.0000000000
84070  -20.756  5.026  -38.165 0.0000000000
84072  -22.315  4.691  -38.994 0.0000000000
84083  -23.789  4.798  -39.183 0.0000000000
82871  -23.687  3.534  -39.197 0.0000000000
81675  -24.265  3.007  -38.478 0.0000000000
80459  -24.686  2.405  -37.159 0.0000000000
79189  -23.264  0.329  -36.904 0.0000000000
79190  -24.168  0.596  -37.233 0.0000000000
80450  -25.122  1.615  -36.824 0.0000000000
80420  -25.948  0.996  -35.123 0.0000000000
79146  -26.097  0.084  -34.096 0.0000000000
100933  -22.306  19.353  -40.395 0.0000000000
95284  -19.419  14.461  -38.969 0.0000000000
95298  -20.355  14.259  -40.393 0.0000000000
95308  -21.414  14.037  -40.877 0.0000000000
92970  -21.763  12.222  -40.503 0.0000000000
95309  -21.879  13.770  -40.224 0.0000000000
95299  -22.266  14.490  -39.534 0.0000000000
85216  -24.416  5.680  -38.185 0.0000000000
86379  -25.082  6.376  -36.953 0.0000000000
75439  -20.427  -2.407  -32.534 0.0000000000
75457  -21.696  -2.440  -33.521 0.0000000000
75458  -22.536  -2.617  -34.147 0.0000000000
74377  -24.243  -3.091  -34.334 0.0000000000
74354  -25.004  -4.304  -32.562 0.0000000000
75441  -24.684  -3.742  -33.146 0.0000000000
75461  -25.352  -2.368  -33.803 0.0000000000
96402  -18.722  15.076  -37.950 0.0000000000
86387  -22.278  6.075  -39.319 0.0000000000
86386  -21.671  6.532  -39.268 0.0000000000
86395  -22.681  6.671  -39.776 0.0000000000
86401  -22.953  7.207  -40.140 0.0000000000
86402  -23.081  7.053  -39.978 0.0000000000
86396  -23.343  6.784  -39.517 0.0000000000
81639  -20.171  2.295  -35.867 0.0000000000
81652  -20.746  2.590  -36.582 0.0000000000
80455  -21.990  1.915  -37.320 0.0000000000
80447  -21.481  1.627  -36.586 0.0000000000
76645  -23.839  -1.553  -35.616 0.0000000000
76646  -24.701  -1.622  -35.699 0.0000000000
76647  -25.219  -1.450  -35.438 0.0000000000
76638  -25.026  -1.976  -35.279 0.0000000000
100944  -20.431  19.225  -40.173 0.0000000000
102063  -20.985  20.217  -40.629 0.0000000000
102064  -21.554  20.229  -40.752 0.0000000000
98630  -22.383  17.491  -39.608 0.0000000000
97534  -22.608  16.744  -39.044 0.0000000000
89574  -19.391  10.091  -39.019 0.0000000000
89565  -18.290  9.974  -37.497 0.0000000000
90587  -18.440  10.893  -38.078 0.0000000000
90588  -19.167  10.897  -38.773 0.0000000000
91779  -19.628  11.763  -39.282 0.0000000000
91780  -23.118  11.729  -38.628 0.0000000000
81667  -24.635  3.098  -37.087 0.0000000000
82842  -25.069  3.647  -36.704 0.0000000000
70701  -22.823  -6.118  -32.127 0.0000000000
71967  -22.376  -5.671  -32.233 0.0000000000
73201  -23.120  -4.972  -32.804 0.0000000000
79174  -20.486  0.865  -34.771 0.0000000000
79175  -21.260  0.664  -35.163 0.0000000000
79163  -20.796  0.296  -34.668 0.0000000000
77878  -21.499  -0.548  -34.746 0.0000000000
76635  -22.147  -1.241  -34.817 0.0000000000
76636  -22.879  -1.638  -35.106 0.0000000000
76621  -22.617  -2.076  -34.559 0.0000000000
99795  -19.681  17.426  -39.840 0.0000000000
98649  -19.731  17.054  -40.092 0.0000000000
96431  -20.222  15.868  -40.418 0.0000000000
97550  -21.219  16.289  -40.781 0.0000000000
96432  -20.572  15.294  -40.588 0.0000000000
86376  -19.728  6.661  -37.727 0.0000000000
87492  -20.570  7.712  -39.015 0.0000000000
88542  -20.639  8.718  -39.399 0.0000000000
89576  -20.843  9.346  -39.840 0.0000000000
88543  -21.258  8.720  -39.884 0.0000000000
88551  -23.004  8.488  -40.125 0.0000000000
89586  -22.822  9.089  -40.204 0.0000000000
89578  -22.938  9.509  -39.582 0.0000000000
90597  -23.082  10.651  -39.040 0.0000000000
89568  -23.407  9.080  -38.706 0.0000000000
87486  -23.872  7.611  -38.123 0.0000000000
70665  -25.174  -6.443  -30.394 0.0000000000
84050  -18.808  4.939  -35.706 0.0000000000
84051  -19.289  4.659  -36.296 0.0000000000
82854  -20.812  4.101  -37.589 0.0000000000
84061  -20.933  4.400  -37.969 0.0000000000
84071  -21.493  4.703  -38.480 0.0000000000
82869  -22.004  4.142  -38.634 0.0000000000
82880  -23.070  4.093  -39.368 0.0000000000
82870  -22.763  3.709  -38.959 0.0000000000
81665  -23.973  2.560  -38.097 0.0000000000
80458  -24.360  1.774  -37.431 0.0000000000
79176  -22.161  0.401  -35.644 0.0000000000
79188  -22.320  0.774  -36.517 0.0000000000
77896  -23.846  -0.099  -36.944 0.0000000000
80449  -24.783  1.025  -37.149 0.0000000000
80435  -25.564  1.148  -35.966 0.0000000000
79178  -25.540  0.164  -35.572 0.0000000000
77864  -25.887  -0.336  -34.081 0.0000000000
79164  -25.932  0.227  -34.549 0.0000000000
79147  -26.489  0.341  -33.639 0.0000000000
87484  -18.698  7.611  -37.067 0.0000000000
94115  -17.607  13.587  -36.954 0.0000000000
94116  -18.216  13.651  -37.714 0.0000000000
95283  -18.796  14.466  -38.155 0.0000000000
94134  -18.978  13.653  -38.359 0.0000000000
94150  -20.567  13.375  -40.454 0.0000000000
94149  -20.080  13.493  -39.733 0.0000000000
95307  -20.806  14.207  -41.022 0.0000000000
90603  -21.872  10.641  -40.512 0.0000000000
91795  -21.477  11.477  -40.556 0.0000000000
91796  -22.095  11.511  -40.452 0.0000000000
94151  -22.297  13.328  -39.357 0.0000000000
94160  -22.031  12.807  -40.201 0.0000000000
96422  -22.743  15.198  -38.736 0.0000000000
85215  -24.055  5.543  -38.767 0.0000000000
84074  -24.395  4.745  -38.572 0.0000000000
85202  -24.817  5.417  -37.636 0.0000000000
75440  -21.146  -2.725  -32.986 0.0000000000
75456  -20.990  -2.123  -33.164 0.0000000000
74365  -23.052  -3.495  -33.844 0.0000000000
74364  -22.239  -3.222  -33.471 0.0000000000
75459  -23.249  -2.823  -34.384 0.0000000000
74376  -23.718  -3.196  -34.272 0.0000000000
75460  -24.751  -3.151  -33.760 0.0000000000
77877  -20.691  -0.073  -34.410 0.0000000000
77862  -20.501  -0.507  -33.821 0.0000000000
76619  -21.171  -1.540  -33.662 0.0000000000
97533  -19.626  16.152  -39.493 0.0000000000
86385  -20.563  6.602  -38.559 0.0000000000
87501  -21.639  7.680  -39.819 0.0000000000
88549  -21.883  8.727  -40.360 0.0000000000
87508  -22.159  8.150  -40.311 0.0000000000
88536  -23.505  8.233  -38.905 0.0000000000
87503  -23.412  7.682  -39.415 0.0000000000
87494  -23.660  7.422  -38.819 0.0000000000
87495  -23.959  7.028  -38.366 0.0000000000
82823  -19.414  3.661  -35.821 0.0000000000
82839  -19.759  3.884  -36.449 0.0000000000
82841  -21.044  3.086  -37.206 0.0000000000
82856  -22.385  3.085  -38.311 0.0000000000
81663  -22.210  2.567  -37.802 0.0000000000
80456  -22.714  1.683  -37.639 0.0000000000
77889  -23.591  -0.552  -36.256 0.0000000000
77891  -25.244  -0.849  -36.080 0.0000000000
76622  -25.627  -1.389  -33.987 0.0000000000
99764  -19.729  18.478  -38.626 0.0000000000
100932  -20.183  19.263  -39.360 0.0000000000
103103  -22.154  21.195  -40.573 0.0000000000
99781  -22.321  18.402  -40.040 0.0000000000
90578  -17.456  10.946  -36.540 0.0000000000
91769  -18.022  11.833  -37.761 0.0000000000
92951  -19.025  12.947  -38.686 0.0000000000
92964  -20.224  12.582  -39.751 0.0000000000
92965  -20.733  12.450  -40.374 0.0000000000
91797  -22.487  11.669  -40.132 0.0000000000
94136  -22.589  13.173  -38.672 0.0000000000
82857  -24.670  4.013  -38.023 0.0000000000
84063  -25.105  4.570  -37.191 0.0000000000
71965  -21.215  -4.594  -32.301 0.0000000000
73199  -21.627  -4.088  -32.727 0.0000000000
73211  -22.000  -3.616  -33.105 0.0000000000
73213  -23.103  -4.332  -33.333 0.0000000000
80434  -21.066  1.353  -35.745 0.0000000000
77888  -22.575  -0.526  -35.456 0.0000000000
76637  -23.538  -1.863  -35.228 0.0000000000
75473  -23.826  -2.368  -34.960 0.0000000000
99763  -19.568  17.720  -38.727 0.0000000000
99797  -20.957  18.260  -40.857 0.0000000000
98651  -21.070  17.318  -40.873 0.0000000000
87485  -19.216  7.666  -37.561 0.0000000000
86384  -20.134  7.165  -38.389 0.0000000000
87491  -19.701  7.720  -38.298 0.0000000000
88534  -19.131  8.709  -37.913 0.0000000000
89567  -19.507  9.403  -38.667 0.0000000000
90595  -20.458  10.702  -39.998 0.0000000000
89583  -20.752  9.987  -40.088 0.0000000000
89585  -22.434  9.705  -40.226 0.0000000000
90596  -22.727  10.334  -39.746 0.0000000000
91781  -23.552  11.213  -38.004 0.0000000000
90590  -23.788  10.509  -37.770 0.0000000000
89558  -23.591  8.622  -38.460 0.0000000000
81640  -25.469  2.209  -35.906 0.0000000000
71953  -23.664  -6.114  -31.995 0.0000000000
71969  -24.106  -5.645  -32.217 0.0000000000
85191  -19.336  5.607  -36.730 0.0000000000
85200  -19.787  5.646  -37.323 0.0000000000
84052  -19.906  4.408  -36.805 0.0000000000
84060  -20.339  4.766  -37.447 0.0000000000
85213  -21.962  5.552  -38.931 0.0000000000
85214  -22.615  5.521  -39.396 0.0000000000
84082  -23.024  4.608  -39.435 0.0000000000
82881  -23.427  4.073  -39.427 0.0000000000
82882  -24.059  3.976  -39.471 0.0000000000
81673  -23.358  3.217  -38.846 0.0000000000
81674  -23.836  3.081  -38.687 0.0000000000
82872  -24.385  3.617  -38.880 0.0000000000
81666  -24.543  2.974  -37.903 0.0000000000
79196  -22.688  0.883  -37.295 0.0000000000
79197  -23.355  0.990  -37.532 0.0000000000
79198  -23.877  1.284  -37.475 0.0000000000
80436  -25.836  1.747  -35.359 0.0000000000
100934  -22.859  19.383  -39.542 0.0000000000
95297  -19.906  14.340  -39.719 0.0000000000
94135  -19.533  13.607  -39.072 0.0000000000
96420  -20.204  14.816  -40.157 0.0000000000
96434  -21.896  14.881  -40.272 0.0000000000
91788  -20.843  11.529  -40.403 0.0000000000
92969  -21.216  12.324  -40.660 0.0000000000
92971  -22.232  12.121  -40.316 0.0000000000
94159  -21.502  13.066  -40.633 0.0000000000
96421  -22.394  15.623  -39.424 0.0000000000
85227  -23.636  5.826  -39.202 0.0000000000
86389  -24.207  6.394  -38.270 0.0000000000
86378  -24.601  6.388  -37.611 0.0000000000
73202  -24.028  -4.794  -32.720 0.0000000000
74353  -24.423  -4.224  -33.047 0.0000000000
75474  -24.873  -2.456  -34.665 0.0000000000
75475  -25.378  -2.041  -34.370 0.0000000000
70702  -23.157  -6.275  -31.951 0.0000000000
71954  -24.206  -6.118  -31.779 0.0000000000
74363  -21.667  -3.217  -33.008 0.0000000000
75480  -24.248  -1.954  -35.425 0.0000000000
77898  -24.829  -0.526  -36.531 0.0000000000
84073  -24.083  5.006  -38.871 0.0000000000
86377  -20.177  6.336  -38.099 0.0000000000
86394  -22.074  7.012  -39.752 0.0000000000
87509  -22.604  7.683  -40.172 0.0000000000
88528  -24.075  8.215  -37.601 0.0000000000
89566  -18.996  9.917  -38.170 0.0000000000
91790  -23.188  11.266  -38.831 0.0000000000
94152  -22.545  13.498  -38.693 0.0000000000
