#!ascii label  , from subject sub001 vox2ras=TkReg
886
75457  -21.696  -2.440  -33.521 0.5555555820
75458  -22.536  -2.617  -34.147 0.6666666865
76636  -22.879  -1.638  -35.106 0.7777777910
76637  -23.538  -1.863  -35.228 0.7777777910
79177  -22.884  0.166  -36.061 0.8888888955
77897  -24.364  -0.304  -36.774 0.8888888955
75440  -21.146  -2.725  -32.986 0.5555555820
75456  -20.990  -2.123  -33.164 0.5555555820
77863  -21.266  -1.090  -34.156 0.6666666865
77878  -21.499  -0.548  -34.746 0.8888888955
76644  -23.246  -1.084  -35.615 0.8888888955
77889  -23.591  -0.552  -36.256 0.8888888955
79190  -24.168  0.596  -37.233 1.0000000000
79191  -25.081  0.291  -36.666 0.8888888955
80458  -24.360  1.774  -37.431 1.0000000000
77862  -20.501  -0.507  -33.821 0.7777777910
79175  -21.260  0.664  -35.163 1.0000000000
80434  -21.066  1.353  -35.745 1.0000000000
79187  -21.658  0.967  -35.909 1.0000000000
80448  -22.201  1.322  -37.127 1.0000000000
80456  -22.714  1.683  -37.639 1.0000000000
80455  -21.990  1.915  -37.320 1.0000000000
80457  -23.575  1.808  -37.757 1.0000000000
81665  -23.973  2.560  -38.097 1.0000000000
81664  -23.107  2.665  -38.324 1.0000000000
81666  -24.543  2.974  -37.903 1.0000000000
82882  -24.059  3.976  -39.471 1.0000000000
84084  -24.261  4.222  -39.206 0.7777777910
81639  -20.171  2.295  -35.867 0.8888888955
80446  -20.680  1.842  -36.031 1.0000000000
81663  -22.210  2.567  -37.802 1.0000000000
81652  -20.746  2.590  -36.582 1.0000000000
82855  -21.517  3.562  -37.973 1.0000000000
82870  -22.763  3.709  -38.959 1.0000000000
82871  -23.687  3.534  -39.197 1.0000000000
82881  -23.427  4.073  -39.427 1.0000000000
84074  -24.395  4.745  -38.572 0.8888888955
85215  -24.055  5.543  -38.767 1.0000000000
85216  -24.416  5.680  -38.185 0.7777777910
86378  -24.601  6.388  -37.611 0.7777777910
84036  -19.068  4.290  -35.580 0.5555555820
85200  -19.787  5.646  -37.323 0.7777777910
84052  -19.906  4.408  -36.805 0.8888888955
84061  -20.933  4.400  -37.969 1.0000000000
84070  -20.756  5.026  -38.165 0.8888888955
84071  -21.493  4.703  -38.480 1.0000000000
84072  -22.315  4.691  -38.994 1.0000000000
85226  -23.225  5.673  -39.521 1.0000000000
85227  -23.636  5.826  -39.202 0.8888888955
86396  -23.343  6.784  -39.517 1.0000000000
86388  -23.821  6.483  -38.865 0.8888888955
87486  -23.872  7.611  -38.123 0.7777777910
87487  -24.319  7.285  -37.706 0.6666666865
88528  -24.075  8.215  -37.601 0.6666666865
86353  -18.408  6.474  -35.870 0.4444444478
85191  -19.336  5.607  -36.730 0.7777777910
86366  -18.944  6.572  -36.774 0.6666666865
86385  -20.563  6.602  -38.559 0.7777777910
85212  -21.097  5.682  -38.584 0.8888888955
85214  -22.615  5.521  -39.396 1.0000000000
86386  -21.671  6.532  -39.268 1.0000000000
86395  -22.681  6.671  -39.776 1.0000000000
86402  -23.081  7.053  -39.978 1.0000000000
87510  -23.139  7.577  -39.946 0.8888888955
87503  -23.412  7.682  -39.415 0.7777777910
88527  -23.713  8.182  -38.293 0.7777777910
88529  -24.730  8.136  -37.060 0.5555555820
89558  -23.591  8.622  -38.460 0.7777777910
89559  -23.800  8.991  -37.876 0.6666666865
87485  -19.216  7.666  -37.561 0.6666666865
86375  -19.136  7.116  -37.252 0.6666666865
86384  -20.134  7.165  -38.389 0.7777777910
87491  -19.701  7.720  -38.298 0.7777777910
87493  -21.081  7.106  -39.208 0.8888888955
87492  -20.570  7.712  -39.015 1.0000000000
87501  -21.639  7.680  -39.819 1.0000000000
87508  -22.159  8.150  -40.311 1.0000000000
86401  -22.953  7.207  -40.140 0.8888888955
88551  -23.004  8.488  -40.125 0.8888888955
88544  -23.254  8.417  -39.525 0.8888888955
88536  -23.505  8.233  -38.905 0.7777777910
89586  -22.822  9.089  -40.204 0.8888888955
89578  -22.938  9.509  -39.582 0.7777777910
90589  -23.329  10.107  -38.500 0.7777777910
89569  -23.658  9.725  -38.044 0.7777777910
90580  -24.279  9.982  -37.473 0.6666666865
88526  -18.808  8.192  -37.351 0.6666666865
87484  -18.698  7.611  -37.067 0.5555555820
88534  -19.131  8.709  -37.913 0.7777777910
88535  -19.941  8.650  -38.783 0.8888888955
88542  -20.639  8.718  -39.399 0.8888888955
87500  -21.018  8.194  -39.545 1.0000000000
88549  -21.883  8.727  -40.360 1.0000000000
88550  -22.528  8.634  -40.313 0.8888888955
90597  -23.082  10.651  -39.040 0.7777777910
90590  -23.788  10.509  -37.770 0.6666666865
91782  -23.849  10.964  -37.604 0.5555555820
88533  -18.671  9.356  -37.612 0.6666666865
89575  -20.157  9.702  -39.414 1.0000000000
89576  -20.843  9.346  -39.840 1.0000000000
90603  -21.872  10.641  -40.512 0.8888888955
89585  -22.434  9.705  -40.226 0.8888888955
90604  -22.452  10.889  -40.166 0.8888888955
89577  -22.721  9.849  -39.893 0.8888888955
91789  -22.833  11.429  -39.455 0.7777777910
92953  -22.721  12.499  -38.796 0.7777777910
91780  -23.118  11.729  -38.628 0.7777777910
91781  -23.552  11.213  -38.004 0.5555555820
92966  -22.478  12.321  -39.786 0.7777777910
92954  -23.286  12.270  -37.936 0.5555555820
92938  -24.100  12.093  -37.311 0.5555555820
90566  -17.325  11.016  -36.062 0.4444444478
89557  -17.747  10.015  -36.875 0.5555555820
90587  -18.440  10.893  -38.078 0.7777777910
89574  -19.391  10.091  -39.019 1.0000000000
90595  -20.458  10.702  -39.998 1.0000000000
90602  -21.090  10.644  -40.455 0.8888888955
91795  -21.477  11.477  -40.556 0.8888888955
91796  -22.095  11.511  -40.452 0.8888888955
91797  -22.487  11.669  -40.132 0.8888888955
94120  -23.753  12.881  -37.389 0.5555555820
92937  -18.434  12.797  -38.079 0.6666666865
91769  -18.022  11.833  -37.761 0.6666666865
92952  -19.533  12.726  -39.199 0.7777777910
91787  -20.308  11.634  -39.859 0.8888888955
92964  -20.224  12.582  -39.751 0.7777777910
92965  -20.733  12.450  -40.374 0.7777777910
91788  -20.843  11.529  -40.403 0.8888888955
94158  -21.015  13.213  -40.991 0.7777777910
92970  -21.763  12.222  -40.503 0.8888888955
94159  -21.502  13.066  -40.633 0.7777777910
94160  -22.031  12.807  -40.201 0.6666666865
95308  -21.414  14.037  -40.877 0.6666666865
95299  -22.266  14.490  -39.534 0.6666666865
94151  -22.297  13.328  -39.357 0.6666666865
96421  -22.394  15.623  -39.424 0.6666666865
96422  -22.743  15.198  -38.736 0.5555555820
94137  -23.013  13.349  -37.925 0.4444444478
96380  -18.197  15.121  -37.117 0.3333333433
95283  -18.796  14.466  -38.155 0.5555555820
94134  -18.978  13.653  -38.359 0.6666666865
95284  -19.419  14.461  -38.969 0.5555555820
94135  -19.533  13.607  -39.072 0.7777777910
94149  -20.080  13.493  -39.733 0.7777777910
96420  -20.204  14.816  -40.157 0.6666666865
94150  -20.567  13.375  -40.454 0.6666666865
95298  -20.355  14.259  -40.393 0.6666666865
95307  -20.806  14.207  -41.022 0.6666666865
96433  -21.319  15.149  -40.749 0.6666666865
97551  -21.919  16.217  -40.102 0.6666666865
97514  -23.090  16.780  -38.549 0.5555555820
97534  -22.608  16.744  -39.044 0.6666666865
97512  -18.768  15.256  -37.804 0.4444444478
97490  -18.927  15.437  -37.757 0.4444444478
96402  -18.722  15.076  -37.950 0.4444444478
97513  -19.314  15.842  -38.455 0.5555555820
96403  -19.276  15.255  -38.806 0.5555555820
96419  -19.869  15.335  -39.854 0.6666666865
95297  -19.906  14.340  -39.719 0.6666666865
97550  -21.219  16.289  -40.781 0.6666666865
98630  -22.383  17.491  -39.608 0.6666666865
98631  -23.009  17.702  -38.808 0.5555555820
97535  -23.213  17.183  -38.531 0.6666666865
97548  -19.957  16.357  -40.314 0.6666666865
96431  -20.222  15.868  -40.418 0.6666666865
97549  -20.550  16.403  -40.703 0.6666666865
96432  -20.572  15.294  -40.588 0.6666666865
98652  -21.650  17.367  -40.310 0.6666666865
77888  -22.575  -0.526  -35.456 0.8888888955
79176  -22.161  0.401  -35.644 1.0000000000
79188  -22.320  0.774  -36.517 1.0000000000
79198  -23.877  1.284  -37.475 1.0000000000
88525  -18.298  8.854  -36.927 0.5555555820
91754  -16.912  11.758  -36.064 0.5555555820
89583  -20.752  9.987  -40.088 1.0000000000
91742  -16.874  11.656  -35.353 0.2222222239
94136  -22.589  13.173  -38.672 0.6666666865
95300  -22.435  14.050  -38.866 0.4444444478
98649  -19.731  17.054  -40.092 0.6666666865
87474  -18.430  7.522  -36.320 0.4444444478
88514  -18.197  8.454  -36.004 0.4444444478
97515  -23.663  17.104  -37.977 0.5555555820
96382  -19.553  15.048  -37.941 0.2222222239
73199  -21.627  -4.088  -32.727 0.5555555820
73212  -22.383  -3.943  -33.270 0.5555555820
75472  -23.011  -2.355  -34.680 0.5555555820
77890  -24.469  -1.038  -36.332 0.7777777910
77891  -25.244  -0.849  -36.080 0.8888888955
74352  -21.032  -3.323  -32.542 0.5555555820
75473  -23.826  -2.368  -34.960 0.6666666865
76645  -23.839  -1.553  -35.616 0.6666666865
80450  -25.122  1.615  -36.824 0.8888888955
75425  -19.825  -2.750  -31.942 0.4444444478
77846  -20.041  -0.686  -32.926 0.5555555820
80459  -24.686  2.405  -37.159 1.0000000000
79145  -19.799  0.321  -33.796 0.2222222239
79162  -20.121  0.546  -34.345 0.6666666865
82858  -24.771  3.661  -37.401 0.8888888955
82857  -24.670  4.013  -38.023 0.6666666865
85202  -24.817  5.417  -37.636 0.7777777910
80418  -19.458  1.576  -34.505 0.5555555820
86379  -25.082  6.376  -36.953 0.6666666865
81637  -18.992  2.928  -34.679 0.4444444478
87488  -24.889  7.252  -37.005 0.5555555820
89549  -25.285  8.803  -36.725 0.5555555820
85156  -18.578  5.546  -34.609 0.2222222239
89560  -24.649  9.159  -37.068 0.5555555820
88503  -18.370  8.354  -35.534 0.3333333433
90581  -25.349  10.362  -36.876 0.5555555820
89556  -17.498  10.119  -36.317 0.4444444478
92939  -25.303  12.393  -36.937 0.4444444478
90539  -17.730  10.704  -35.453 0.3333333433
94138  -23.833  13.412  -37.281 0.4444444478
95261  -17.755  14.326  -36.624 0.3333333433
94115  -17.607  13.587  -36.954 0.4444444478
95285  -23.200  14.706  -38.002 0.4444444478
96405  -23.546  16.082  -38.004 0.4444444478
98612  -24.636  17.681  -37.894 0.2222222239
97491  -19.383  15.917  -38.087 0.3333333433
98629  -19.551  16.863  -39.353 0.6666666865
98651  -21.070  17.318  -40.873 0.6666666865
99798  -21.660  18.340  -40.699 0.6666666865
99781  -22.321  18.402  -40.040 0.6666666865
99782  -22.904  18.488  -39.202 0.6666666865
99765  -23.595  18.536  -38.521 0.4444444478
98611  -23.700  17.779  -38.192 0.3333333433
74364  -22.239  -3.222  -33.471 0.6666666865
76620  -22.021  -1.627  -34.288 0.6666666865
76621  -22.617  -2.076  -34.559 0.7777777910
76635  -22.147  -1.241  -34.817 0.7777777910
77879  -22.237  -1.035  -35.087 0.8888888955
77887  -21.863  -0.010  -35.263 1.0000000000
77896  -23.846  -0.099  -36.944 1.0000000000
75439  -20.427  -2.407  -32.534 0.4444444478
76601  -20.522  -1.436  -33.074 0.5555555820
76619  -21.171  -1.540  -33.662 0.6666666865
79189  -23.264  0.329  -36.904 1.0000000000
79197  -23.355  0.990  -37.532 1.0000000000
80449  -24.783  1.025  -37.149 1.0000000000
77861  -19.658  0.042  -33.214 0.5555555820
77877  -20.691  -0.073  -34.410 0.8888888955
79174  -20.486  0.865  -34.771 0.8888888955
80433  -20.199  1.535  -35.243 0.8888888955
79163  -20.796  0.296  -34.668 1.0000000000
80447  -21.481  1.627  -36.586 1.0000000000
79196  -22.688  0.883  -37.295 1.0000000000
81653  -21.510  2.563  -37.222 1.0000000000
81675  -24.265  3.007  -38.478 1.0000000000
81673  -23.358  3.217  -38.846 1.0000000000
82856  -22.385  3.085  -38.311 1.0000000000
81674  -23.836  3.081  -38.687 1.0000000000
82872  -24.385  3.617  -38.880 1.0000000000
84062  -24.765  4.668  -37.890 0.7777777910
81651  -19.949  3.079  -36.194 1.0000000000
80432  -19.642  1.839  -35.025 0.6666666865
81638  -19.464  2.497  -35.264 0.5555555820
82841  -21.044  3.086  -37.206 1.0000000000
82840  -20.516  3.697  -36.998 0.8888888955
82869  -22.004  4.142  -38.634 1.0000000000
82880  -23.070  4.093  -39.368 1.0000000000
84082  -23.024  4.608  -39.435 1.0000000000
84083  -23.789  4.798  -39.183 1.0000000000
86389  -24.207  6.394  -38.270 0.7777777910
82823  -19.414  3.661  -35.821 0.5555555820
84050  -18.808  4.939  -35.706 0.6666666865
84051  -19.289  4.659  -36.296 0.6666666865
82839  -19.759  3.884  -36.449 0.7777777910
84059  -19.715  5.016  -36.909 0.7777777910
86367  -19.456  6.118  -37.107 0.6666666865
85201  -20.297  5.790  -38.017 0.8888888955
84060  -20.339  4.766  -37.447 0.8888888955
82854  -20.812  4.101  -37.589 1.0000000000
85213  -21.962  5.552  -38.931 1.0000000000
87494  -23.660  7.422  -38.819 0.8888888955
87495  -23.959  7.028  -38.366 0.7777777910
88518  -25.401  8.107  -36.594 0.5555555820
86352  -18.201  6.381  -35.225 0.3333333433
85176  -18.512  5.650  -35.371 0.3333333433
85190  -18.805  5.627  -36.145 0.4444444478
86376  -19.728  6.661  -37.727 0.7777777910
86387  -22.278  6.075  -39.319 1.0000000000
87502  -22.267  7.246  -39.933 1.0000000000
89568  -23.407  9.080  -38.706 0.7777777910
88543  -21.258  8.720  -39.884 1.0000000000
89584  -21.435  9.659  -40.324 0.8888888955
90596  -22.727  10.334  -39.746 0.7777777910
91770  -23.954  11.463  -37.446 0.5555555820
91771  -24.410  11.152  -37.236 0.5555555820
88524  -17.753  9.553  -36.547 0.5555555820
89565  -18.290  9.974  -37.497 0.6666666865
89567  -19.507  9.403  -38.667 0.8888888955
92971  -22.232  12.121  -40.316 0.8888888955
90578  -17.456  10.946  -36.540 0.5555555820
90579  -17.780  10.877  -37.331 0.5555555820
90594  -19.822  10.787  -39.420 1.0000000000
90588  -19.167  10.897  -38.773 0.7777777910
92936  -17.669  12.733  -37.371 0.5555555820
94116  -18.216  13.651  -37.714 0.4444444478
92951  -19.025  12.947  -38.686 0.6666666865
91778  -18.818  11.971  -38.614 0.7777777910
91768  -17.357  11.787  -36.946 0.6666666865
91779  -19.628  11.763  -39.282 0.7777777910
92969  -21.216  12.324  -40.660 0.7777777910
95309  -21.879  13.770  -40.224 0.6666666865
96434  -21.896  14.881  -40.272 0.6666666865
95286  -23.923  14.011  -37.211 0.4444444478
96404  -22.919  16.237  -38.562 0.5555555820
95262  -18.089  14.491  -37.425 0.4444444478
97533  -19.626  16.152  -39.493 0.6666666865
88513  -17.684  9.314  -36.199 0.4444444478
87462  -18.240  7.211  -35.433 0.4444444478
97516  -25.014  17.018  -37.664 0.3333333433
73211  -22.000  -3.616  -33.105 0.5555555820
74351  -20.268  -3.427  -32.063 0.4444444478
73198  -20.848  -4.146  -32.149 0.5555555820
74339  -19.607  -3.397  -31.519 0.3333333433
76600  -19.962  -1.339  -32.372 0.4444444478
80419  -20.026  1.124  -34.710 0.7777777910
84035  -18.768  4.587  -34.968 0.3333333433
85155  -18.369  5.961  -34.836 0.1111111119
88502  -17.760  9.162  -35.655 0.3333333433
94098  -17.293  13.413  -36.123 0.3333333433
100919  -23.505  19.356  -38.833 0.4444444478
74340  -25.603  -3.887  -31.980 0.4444444478
74342  -26.703  -3.299  -31.235 0.2222222239
73200  -22.360  -4.688  -32.811 0.4444444478
73214  -23.565  -4.515  -33.134 0.4444444478
74365  -23.052  -3.495  -33.844 0.4444444478
74366  -24.031  -4.074  -33.768 0.4444444478
75441  -24.684  -3.742  -33.146 0.4444444478
75442  -25.425  -3.051  -32.671 0.4444444478
75443  -26.228  -2.258  -32.517 0.2222222239
74377  -24.243  -3.091  -34.334 0.4444444478
75461  -25.352  -2.368  -33.803 0.4444444478
76604  -27.067  -1.105  -32.050 0.1111111119
76605  -27.455  -1.039  -31.689 0.1111111119
75475  -25.378  -2.041  -34.370 0.4444444478
76623  -26.031  -1.328  -33.351 0.3333333433
75474  -24.873  -2.456  -34.665 0.4444444478
76622  -25.627  -1.389  -33.987 0.3333333433
77865  -26.097  -0.687  -33.424 0.3333333433
77848  -26.909  -0.414  -32.529 0.2222222239
76639  -25.339  -1.736  -34.837 0.4444444478
75481  -24.561  -2.140  -35.272 0.5555555820
76638  -25.026  -1.976  -35.279 0.4444444478
79146  -26.097  0.084  -34.096 0.2222222239
79147  -26.489  0.341  -33.639 0.1111111119
80399  -27.303  1.741  -33.269 0.1111111119
79164  -25.932  0.227  -34.549 0.3333333433
79178  -25.540  0.164  -35.572 0.4444444478
80435  -25.564  1.148  -35.966 0.5555555820
81640  -25.469  2.209  -35.906 0.6666666865
81641  -26.076  2.651  -35.156 0.4444444478
84038  -26.242  4.278  -35.118 0.3333333433
81654  -24.965  2.728  -36.513 0.6666666865
84037  -25.790  4.257  -35.704 0.5555555820
81667  -24.635  3.098  -37.087 0.6666666865
84053  -25.524  4.355  -36.257 0.5555555820
85181  -25.816  4.949  -35.645 0.5555555820
85192  -25.537  5.304  -36.328 0.3333333433
86368  -25.620  6.390  -36.265 0.4444444478
85203  -25.256  5.604  -36.899 0.4444444478
87478  -25.511  7.272  -36.492 0.4444444478
98650  -20.371  17.254  -40.606 0.5555555820
100933  -22.306  19.353  -40.395 0.5555555820
74354  -25.004  -4.304  -32.562 0.4444444478
75427  -26.288  -2.902  -31.786 0.2222222239
76603  -26.394  -1.237  -32.718 0.2222222239
79129  -27.326  0.421  -32.757 0.1111111119
80420  -25.948  0.996  -35.123 0.4444444478
80421  -26.246  1.776  -34.691 0.3333333433
86359  -25.925  5.942  -35.640 0.3333333433
90571  -25.552  9.522  -36.686 0.4444444478
99797  -20.957  18.260  -40.857 0.5555555820
100945  -20.896  19.228  -40.801 0.5555555820
75459  -23.249  -2.823  -34.384 0.4444444478
82806  -26.511  3.402  -34.678 0.2222222239
100934  -22.859  19.383  -39.542 0.5555555820
71953  -23.664  -6.114  -31.995 0.4444444478
73203  -24.781  -5.249  -32.201 0.4444444478
73188  -25.576  -4.803  -31.578 0.4444444478
74324  -26.659  -4.131  -30.854 0.2222222239
74305  -27.586  -3.998  -30.159 0.1111111119
71966  -21.594  -5.045  -32.346 0.4444444478
71968  -23.334  -5.743  -32.428 0.4444444478
75428  -27.042  -2.600  -31.214 0.1111111119
76586  -27.250  -1.594  -31.461 0.1111111119
74326  -27.846  -3.225  -30.455 0.1111111119
76587  -27.825  -1.070  -31.283 0.1111111119
79130  -28.284  0.671  -32.086 0.1111111119
80381  -27.759  1.615  -32.672 0.1111111119
81602  -27.451  2.485  -33.289 0.1111111119
82789  -27.019  3.344  -33.867 0.2222222239
86369  -26.087  6.787  -35.642 0.2222222239
89550  -26.090  9.036  -36.391 0.3333333433
92920  -17.157  12.648  -36.452 0.4444444478
96406  -24.261  15.848  -37.713 0.3333333433
98610  -19.492  16.857  -38.678 0.4444444478
99795  -19.681  17.426  -39.840 0.5555555820
99796  -20.121  18.078  -40.258 0.5555555820
100946  -21.642  19.281  -40.961 0.5555555820
102049  -22.210  20.294  -40.437 0.5555555820
99780  -19.842  18.427  -39.477 0.5555555820
73213  -23.103  -4.332  -33.333 0.4444444478
76646  -24.701  -1.622  -35.699 0.5555555820
76647  -25.219  -1.450  -35.438 0.5555555820
84063  -25.105  4.570  -37.191 0.5555555820
77880  -25.500  -0.767  -34.940 0.3333333433
75426  -25.860  -3.414  -31.896 0.4444444478
74341  -26.235  -3.914  -31.258 0.3333333433
73201  -23.120  -4.972  -32.804 0.4444444478
73202  -24.028  -4.794  -32.720 0.4444444478
74376  -23.718  -3.196  -34.272 0.4444444478
74353  -24.423  -4.224  -33.047 0.4444444478
75460  -24.751  -3.151  -33.760 0.4444444478
76602  -25.964  -1.992  -33.249 0.4444444478
76585  -26.729  -1.955  -31.964 0.1111111119
77849  -27.712  -0.449  -32.026 0.1111111119
77864  -25.887  -0.336  -34.081 0.3333333433
79128  -26.712  0.064  -32.898 0.2222222239
79165  -26.392  0.980  -34.437 0.2222222239
80398  -26.827  1.701  -33.848 0.1111111119
79148  -27.213  1.141  -33.301 0.1111111119
80436  -25.836  1.747  -35.359 0.4444444478
82825  -26.133  3.440  -35.205 0.3333333433
81621  -26.602  2.570  -34.344 0.3333333433
84020  -26.819  4.155  -34.203 0.1111111119
82842  -25.069  3.647  -36.704 0.5555555820
82824  -25.584  3.449  -35.775 0.5555555820
88519  -26.025  8.105  -36.243 0.4444444478
100944  -20.431  19.225  -40.173 0.5555555820
81601  -26.964  2.530  -33.831 0.2222222239
71970  -24.526  -5.719  -31.952 0.4444444478
71969  -24.106  -5.645  -32.217 0.4444444478
73174  -25.943  -4.906  -30.990 0.4444444478
73175  -26.470  -4.691  -30.618 0.2222222239
73189  -26.039  -4.560  -31.086 0.4444444478
71967  -22.376  -5.671  -32.233 0.4444444478
76564  -27.551  -1.885  -30.748 0.1111111119
75407  -27.602  -2.814  -30.714 0.1111111119
63183  -26.480  -11.727  -26.237 0.1111111119
67012  -22.793  -9.832  -29.070 0.3333333433
65754  -24.600  -10.863  -27.586 0.2222222239
64482  -25.048  -11.392  -27.032 0.2222222239
64468  -25.998  -11.262  -26.652 0.1111111119
65740  -26.563  -10.613  -26.702 0.1111111119
68202  -20.967  -7.993  -29.714 0.3333333433
68192  -21.232  -8.894  -29.151 0.3333333433
67011  -21.802  -9.606  -29.031 0.3333333433
67027  -23.974  -9.488  -29.292 0.3333333433
67014  -24.531  -9.465  -28.695 0.3333333433
65768  -24.824  -10.258  -27.917 0.2222222239
67015  -25.370  -9.632  -27.921 0.2222222239
65769  -25.318  -10.188  -27.610 0.2222222239
65757  -26.629  -10.108  -26.872 0.1111111119
71910  -20.143  -6.245  -29.982 0.2222222239
70636  -20.368  -6.552  -30.078 0.2222222239
69335  -20.485  -7.393  -29.719 0.2222222239
68203  -21.669  -8.413  -29.886 0.3333333433
67024  -22.159  -9.005  -29.624 0.3333333433
67025  -22.653  -9.258  -29.523 0.3333333433
67000  -26.065  -9.108  -27.706 0.1111111119
71934  -20.420  -5.707  -30.674 0.2222222239
70660  -20.808  -6.647  -30.505 0.3333333433
71935  -21.090  -6.196  -30.901 0.3333333433
71951  -21.453  -5.864  -31.561 0.3333333433
70662  -22.083  -6.981  -31.013 0.3333333433
69359  -21.732  -7.474  -30.594 0.3333333433
69360  -22.548  -7.331  -30.976 0.3333333433
69362  -24.012  -8.064  -30.302 0.3333333433
69382  -23.091  -7.157  -31.221 0.3333333433
69337  -24.746  -7.676  -29.712 0.3333333433
70664  -24.496  -7.087  -30.618 0.3333333433
69338  -25.213  -7.092  -29.632 0.3333333433
69321  -25.425  -7.474  -29.123 0.1111111119
70617  -26.092  -6.730  -29.013 0.2222222239
73187  -20.040  -4.409  -31.402 0.2222222239
73173  -19.822  -4.978  -30.764 0.2222222239
71950  -20.841  -5.037  -31.859 0.3333333433
69381  -22.894  -6.945  -31.340 0.3333333433
70687  -24.373  -6.532  -31.278 0.3333333433
70637  -25.041  -6.909  -30.001 0.3333333433
73186  -19.486  -3.904  -31.135 0.3333333433
70701  -22.823  -6.118  -32.127 0.3333333433
70688  -24.983  -6.331  -30.947 0.3333333433
71955  -24.949  -5.819  -31.554 0.3333333433
71936  -25.688  -5.596  -30.697 0.3333333433
87479  -26.024  7.390  -35.949 0.2222222239
89540  -26.379  8.629  -36.058 0.2222222239
88508  -26.515  8.170  -35.816 0.2222222239
91772  -25.840  11.537  -36.893 0.3333333433
90582  -26.374  10.930  -36.949 0.2222222239
67013  -23.635  -9.977  -28.980 0.3333333433
64483  -25.514  -10.868  -27.037 0.2222222239
69358  -21.125  -7.198  -30.412 0.3333333433
68220  -23.278  -8.353  -30.346 0.3333333433
68206  -24.091  -8.764  -29.614 0.3333333433
69320  -24.960  -7.766  -29.273 0.3333333433
70661  -21.566  -6.656  -31.015 0.3333333433
61915  -25.406  -12.594  -26.373 0.1111111119
63165  -26.210  -12.461  -25.813 0.1111111119
66999  -21.583  -10.178  -28.322 0.3333333433
65752  -22.134  -10.700  -28.454 0.3333333433
65753  -22.717  -11.041  -28.468 0.3333333433
64491  -23.204  -11.302  -28.341 0.3333333433
64481  -24.195  -11.440  -27.580 0.3333333433
63166  -26.860  -12.083  -25.674 0.1111111119
64469  -27.030  -11.227  -26.236 0.1111111119
68191  -20.625  -8.395  -29.100 0.3333333433
70635  -19.912  -6.730  -29.567 0.2222222239
66988  -27.306  -9.574  -26.783 0.1111111119
71909  -19.726  -6.054  -29.789 0.2222222239
68180  -26.633  -8.342  -27.736 0.1111111119
70618  -26.822  -6.313  -28.801 0.1111111119
70639  -26.313  -6.205  -29.317 0.1111111119
71937  -26.212  -5.337  -30.279 0.1111111119
74338  -18.976  -3.404  -30.955 0.1111111119
75438  -19.772  -2.032  -31.956 0.2222222239
79161  -19.580  0.886  -33.981 0.5555555820
71965  -21.215  -4.594  -32.301 0.4444444478
90572  -26.350  10.161  -36.601 0.2222222239
64467  -25.538  -11.777  -26.643 0.1111111119
65766  -22.954  -10.556  -28.672 0.3333333433
65767  -23.915  -10.646  -28.179 0.3333333433
69336  -21.170  -7.715  -30.090 0.3333333433
69319  -19.961  -7.825  -28.843 0.2222222239
68205  -23.283  -8.863  -29.859 0.3333333433
68221  -23.671  -8.518  -30.042 0.3333333433
68193  -24.807  -8.224  -29.050 0.2222222239
68204  -22.584  -8.726  -30.034 0.3333333433
68179  -26.114  -8.549  -27.978 0.1111111119
68194  -25.599  -8.523  -28.356 0.1111111119
71933  -19.586  -5.300  -30.244 0.2222222239
71952  -22.016  -6.130  -31.761 0.3333333433
68219  -22.588  -8.095  -30.528 0.3333333433
69361  -23.450  -7.523  -30.894 0.3333333433
70663  -23.978  -7.001  -31.123 0.3333333433
70686  -23.477  -6.688  -31.466 0.3333333433
70665  -25.174  -6.443  -30.394 0.3333333433
69322  -26.430  -7.550  -28.360 0.1111111119
73172  -19.376  -4.390  -30.584 0.2222222239
70702  -23.157  -6.275  -31.951 0.3333333433
71911  -26.024  -5.640  -30.074 0.1111111119
61900  -25.662  -12.906  -25.855 0.1111111119
63181  -25.195  -12.201  -26.675 0.2222222239
64480  -22.631  -11.539  -28.316 0.3333333433
63203  -23.155  -11.893  -28.221 0.3333333433
63194  -24.484  -12.159  -27.134 0.3333333433
67009  -20.293  -8.879  -28.467 0.2222222239
88509  -27.063  8.237  -35.305 0.1111111119
90561  -27.609  9.865  -35.229 0.1111111119
89541  -26.845  9.175  -35.743 0.1111111119
90573  -27.268  10.456  -36.116 0.1111111119
91759  -27.005  10.937  -36.857 0.1111111119
94121  -24.766  13.430  -37.102 0.2222222239
91773  -26.864  11.821  -36.920 0.1111111119
95267  -25.055  14.784  -37.315 0.1111111119
95268  -25.946  14.394  -37.648 0.1111111119
96387  -26.077  15.367  -37.870 0.1111111119
99763  -19.568  17.720  -38.727 0.4444444478
99779  -19.619  17.597  -39.427 0.4444444478
99766  -24.450  18.490  -38.195 0.1111111119
99767  -25.393  18.402  -38.303 0.1111111119
102063  -20.985  20.217  -40.629 0.4444444478
102064  -21.554  20.229  -40.752 0.4444444478
103104  -22.923  21.256  -40.222 0.4444444478
102050  -23.037  20.420  -39.826 0.2222222239
102051  -23.894  20.946  -39.089 0.2222222239
102052  -24.871  20.671  -39.002 0.2222222239
102038  -25.021  20.011  -38.426 0.2222222239
106195  -24.273  24.841  -41.597 0.1111111119
105178  -25.926  23.319  -40.785 0.1111111119
102065  -26.438  20.238  -40.136 0.1111111119
99764  -19.729  18.478  -38.626 0.4444444478
100918  -19.967  19.249  -38.450 0.4444444478
100932  -20.183  19.263  -39.360 0.4444444478
102062  -20.636  20.182  -40.108 0.4444444478
103116  -21.006  21.235  -40.727 0.4444444478
103117  -21.510  21.250  -40.783 0.4444444478
103103  -22.154  21.195  -40.573 0.4444444478
104139  -21.343  22.332  -41.604 0.3333333433
104132  -22.782  22.028  -40.411 0.3333333433
105162  -24.039  22.780  -40.157 0.1111111119
104134  -24.342  21.878  -40.134 0.1111111119
104141  -24.944  22.197  -40.278 0.1111111119
103106  -24.824  21.421  -39.739 0.2222222239
103118  -25.313  21.737  -40.192 0.1111111119
104142  -25.643  22.164  -40.433 0.1111111119
103115  -20.718  21.159  -40.196 0.3333333433
104131  -22.124  22.092  -40.945 0.4444444478
105167  -22.265  23.119  -41.306 0.2222222239
105160  -22.685  22.761  -40.656 0.2222222239
105161  -23.314  22.723  -40.220 0.2222222239
106172  -24.309  23.243  -40.218 0.1111111119
105176  -21.699  23.326  -42.651 0.1111111119
106185  -23.132  23.999  -40.813 0.1111111119
106186  -24.653  23.811  -40.434 0.1111111119
105168  -22.454  23.786  -41.796 0.1111111119
102048  -20.585  20.102  -39.261 0.3333333433
103092  -21.045  20.750  -38.310 0.3333333433
103101  -20.854  21.145  -39.192 0.3333333433
104138  -20.781  22.129  -41.204 0.3333333433
104147  -20.604  22.717  -42.452 0.2222222239
104148  -21.148  22.726  -42.514 0.2222222239
106194  -22.894  24.522  -41.917 0.1111111119
107235  -24.262  26.320  -43.064 0.1111111119
103085  -21.088  21.420  -36.714 0.1111111119
104130  -21.340  21.909  -38.282 0.2222222239
104129  -20.907  22.446  -39.006 0.2222222239
104137  -20.578  22.291  -40.430 0.3333333433
105159  -20.356  23.276  -40.022 0.2222222239
105166  -20.410  23.196  -41.304 0.2222222239
105174  -20.171  23.238  -42.476 0.1111111119
106182  -20.428  23.931  -42.033 0.1111111119
106191  -20.070  23.861  -43.046 0.1111111119
106202  -20.608  24.387  -43.537 0.1111111119
106193  -22.172  24.207  -42.476 0.1111111119
106204  -22.346  24.837  -42.446 0.1111111119
107224  -22.392  25.509  -42.921 0.1111111119
107216  -23.529  25.088  -42.083 0.1111111119
106206  -25.428  25.059  -42.493 0.1111111119
106207  -26.537  24.016  -42.318 0.1111111119
104115  -21.269  22.713  -36.537 0.1111111119
104122  -21.446  22.548  -37.789 0.1111111119
105139  -21.216  23.692  -37.252 0.1111111119
106157  -20.709  24.784  -38.880 0.1111111119
106169  -20.726  24.875  -40.205 0.1111111119
106168  -20.671  23.982  -40.798 0.1111111119
107200  -21.319  25.655  -40.853 0.1111111119
106192  -20.509  24.732  -42.726 0.1111111119
107214  -21.140  25.604  -42.161 0.1111111119
107223  -21.483  25.309  -43.305 0.1111111119
106133  -21.263  24.408  -36.927 0.1111111119
106119  -21.441  24.323  -36.286 0.1111111119
106145  -21.541  24.892  -37.412 0.1111111119
106144  -21.191  24.507  -37.810 0.1111111119
106158  -21.323  25.156  -38.202 0.1111111119
107181  -21.231  25.565  -38.887 0.1111111119
106146  -22.296  25.124  -37.173 0.1111111119
106135  -22.512  25.016  -36.308 0.1111111119
106159  -22.010  25.114  -37.905 0.1111111119
89529  -27.479  9.034  -35.017 0.1111111119
89551  -26.622  9.740  -36.203 0.1111111119
92940  -26.428  12.618  -37.093 0.1111111119
97496  -25.276  16.080  -37.579 0.1111111119
102036  -23.465  20.093  -39.134 0.3333333433
102037  -24.145  20.177  -38.617 0.2222222239
100920  -24.305  19.323  -38.400 0.1111111119
102039  -25.530  19.718  -38.554 0.1111111119
98613  -25.701  17.497  -38.156 0.1111111119
103107  -25.344  20.875  -39.487 0.2222222239
105169  -24.643  22.901  -40.293 0.1111111119
105170  -25.370  22.986  -40.465 0.1111111119
104149  -26.301  22.067  -40.716 0.1111111119
105150  -20.537  23.626  -39.010 0.2222222239
107188  -21.066  25.615  -39.683 0.1111111119
107182  -22.097  25.444  -38.660 0.1111111119
107183  -22.856  25.382  -37.978 0.1111111119
90546  -28.360  10.044  -34.434 0.1111111119
90545  -27.809  9.547  -34.765 0.1111111119
105128  -21.259  23.724  -36.402 0.1111111119
105117  -21.406  23.801  -35.701 0.1111111119
87468  -26.582  7.448  -35.482 0.1111111119
90547  -28.749  10.789  -34.172 0.1111111119
90529  -28.696  9.822  -33.796 0.1111111119
91747  -28.547  11.735  -35.214 0.1111111119
90574  -27.886  11.363  -35.840 0.1111111119
91761  -28.059  12.224  -35.906 0.1111111119
91760  -27.469  11.671  -36.458 0.1111111119
92941  -27.138  12.854  -37.079 0.1111111119
91774  -27.370  12.389  -36.758 0.1111111119
94123  -26.947  13.609  -37.562 0.1111111119
95269  -26.808  14.510  -38.138 0.1111111119
96407  -26.546  15.887  -38.432 0.1111111119
97517  -26.091  16.440  -37.945 0.1111111119
99768  -26.340  18.350  -38.772 0.1111111119
98614  -26.493  17.340  -38.999 0.1111111119
100947  -26.773  19.138  -40.658 0.1111111119
103128  -26.566  21.165  -40.774 0.1111111119
100907  -20.020  19.156  -37.664 0.2222222239
102034  -20.527  20.009  -38.286 0.2222222239
105180  -27.081  22.483  -41.697 0.1111111119
102025  -20.711  20.172  -37.054 0.1111111119
103102  -21.179  21.469  -38.536 0.2222222239
102016  -20.290  20.316  -35.973 0.1111111119
102015  -19.768  20.862  -35.566 0.1111111119
104107  -21.076  23.006  -35.817 0.1111111119
104097  -20.975  22.791  -34.912 0.1111111119
106211  -25.728  25.421  -43.271 0.1111111119
104098  -21.489  23.454  -34.677 0.1111111119
105119  -22.558  24.115  -34.963 0.1111111119
108228  -21.322  26.405  -42.786 0.1111111119
107232  -21.499  26.114  -43.424 0.1111111119
108247  -22.495  26.441  -43.662 0.1111111119
108248  -23.629  26.467  -43.356 0.1111111119
106120  -21.825  24.547  -35.851 0.1111111119
107189  -21.806  25.890  -39.510 0.1111111119
108215  -21.938  27.277  -41.267 0.1111111119
108177  -22.763  25.651  -38.626 0.1111111119
96386  -25.292  15.560  -37.509 0.2222222239
90562  -28.029  10.758  -35.277 0.1111111119
94122  -26.099  13.469  -37.467 0.1111111119
104133  -23.676  22.067  -40.174 0.2222222239
103105  -23.752  21.440  -39.808 0.2222222239
102053  -25.805  20.240  -39.080 0.2222222239
106196  -25.827  24.064  -41.250 0.1111111119
106205  -24.632  25.396  -42.241 0.1111111119
105171  -26.022  22.730  -40.666 0.1111111119
106187  -25.506  23.612  -40.651 0.1111111119
106197  -26.591  23.523  -41.685 0.1111111119
105179  -26.568  22.934  -41.208 0.1111111119
103119  -25.808  21.240  -40.078 0.2222222239
106184  -22.751  23.322  -40.756 0.2222222239
106171  -23.746  23.397  -40.202 0.1111111119
102035  -20.759  20.331  -37.769 0.1111111119
104146  -20.400  22.733  -41.842 0.2222222239
105185  -20.560  23.300  -43.209 0.1111111119
105186  -21.121  23.803  -43.349 0.1111111119
107215  -22.996  25.191  -42.327 0.1111111119
107225  -23.876  25.746  -42.600 0.1111111119
107226  -24.806  25.702  -42.560 0.1111111119
103079  -20.408  21.821  -35.691 0.1111111119
103093  -21.279  21.175  -37.745 0.1111111119
104121  -21.053  23.134  -38.548 0.1111111119
104155  -20.110  22.868  -42.720 0.1111111119
106183  -20.835  24.770  -41.492 0.1111111119
106203  -21.629  24.467  -43.047 0.1111111119
108230  -22.965  25.960  -43.309 0.1111111119
105151  -21.099  23.771  -38.233 0.1111111119
106156  -20.441  24.143  -39.740 0.1111111119
107222  -21.135  25.608  -43.219 0.1111111119
107233  -21.687  25.978  -43.446 0.1111111119
106134  -21.736  24.766  -36.632 0.1111111119
107201  -21.577  26.112  -40.180 0.1111111119
108200  -21.577  26.383  -40.688 0.1111111119
88496  -27.556  8.205  -34.509 0.1111111119
100922  -25.970  19.272  -38.563 0.1111111119
104150  -26.889  21.987  -41.284 0.1111111119
108190  -22.647  26.020  -39.209 0.1111111119
91729  -28.559  10.996  -34.681 0.1111111119
105118  -21.765  24.018  -35.001 0.1111111119
96388  -26.443  14.883  -38.170 0.1111111119
100935  -26.546  19.287  -39.420 0.1111111119
103129  -26.954  21.089  -41.518 0.1111111119
105188  -27.224  22.481  -41.930 0.1111111119
108245  -21.525  26.363  -43.382 0.1111111119
107234  -22.046  25.826  -43.443 0.1111111119
108201  -22.238  26.896  -40.310 0.1111111119
108214  -21.514  26.686  -41.583 0.1111111119
63192  -22.747  -12.401  -27.898 0.2222222239
80417  -19.059  2.127  -34.211 0.2222222239
82801  -18.769  3.610  -34.411 0.2222222239
81620  -19.152  2.356  -34.527 0.4444444478
98599  -19.635  16.994  -38.151 0.2222222239
98601  -20.140  17.752  -37.541 0.1111111119
99753  -20.160  18.354  -37.253 0.1111111119
99752  -19.802  18.290  -37.795 0.2222222239
95237  -17.700  14.156  -35.872 0.2222222239
92904  -16.716  12.566  -35.486 0.1111111119
94077  -16.983  13.415  -35.105 0.1111111119
96381  -18.808  15.096  -37.495 0.1111111119
97472  -20.444  16.716  -38.012 0.1111111119
98586  -21.036  17.586  -37.664 0.1111111119
79144  -19.507  0.755  -33.466 0.2222222239
87446  -18.147  6.746  -34.936 0.2222222239
97492  -19.922  16.186  -37.949 0.1111111119
86336  -18.556  6.293  -34.712 0.1111111119
87447  -18.476  7.257  -35.105 0.3333333433
99751  -19.690  17.774  -38.144 0.3333333433
80397  -19.299  1.319  -33.668 0.2222222239
96383  -20.509  15.115  -38.307 0.1111111119
98600  -19.888  17.294  -37.777 0.1111111119
97493  -20.902  15.976  -38.384 0.1111111119
98585  -20.488  17.273  -37.871 0.1111111119
61923  -22.942  -12.991  -27.282 0.1111111119
63193  -23.666  -12.131  -27.721 0.1111111119
60694  -24.216  -13.367  -27.214 0.1111111119
63179  -21.659  -12.605  -27.118 0.1111111119
64478  -21.294  -11.388  -27.566 0.1111111119
65751  -21.263  -10.659  -27.813 0.1111111119
66998  -21.067  -9.814  -28.145 0.1111111119
67010  -20.814  -9.192  -28.638 0.1111111119
76584  -19.348  -1.305  -31.639 0.1111111119
82781  -18.678  3.494  -33.669 0.1111111119
81619  -18.849  2.701  -34.068 0.1111111119
89523  -17.986  9.681  -35.250 0.2222222239
89545  -17.461  10.023  -35.904 0.2222222239
90540  -18.035  10.398  -35.287 0.2222222239
90556  -18.290  10.398  -35.411 0.2222222239
64465  -20.938  -11.642  -27.129 0.1111111119
82822  -19.043  3.585  -35.122 0.1111111119
63178  -20.752  -12.505  -26.590 0.1111111119
63180  -22.369  -12.764  -27.387 0.1111111119
61913  -23.330  -13.521  -27.210 0.1111111119
61925  -24.184  -12.772  -27.292 0.1111111119
64464  -19.954  -11.513  -26.703 0.1111111119
65739  -20.921  -11.093  -27.488 0.1111111119
66997  -19.999  -9.461  -27.851 0.1111111119
68190  -19.739  -8.492  -28.350 0.1111111119
69318  -19.186  -8.026  -28.805 0.1111111119
69334  -19.528  -7.372  -29.060 0.1111111119
77845  -19.562  -0.276  -32.260 0.1111111119
80374  -19.360  1.144  -33.239 0.1111111119
82765  -19.173  3.467  -33.165 0.1111111119
89524  -18.424  9.410  -35.285 0.2222222239
91743  -18.068  11.123  -35.445 0.2222222239
92883  -17.589  12.192  -35.066 0.1111111119
61912  -22.598  -13.426  -26.973 0.1111111119
91725  -17.517  11.448  -35.255 0.2222222239
92882  -16.934  12.262  -34.826 0.1111111119
88491  -18.442  8.573  -35.408 0.2222222239
70634  -19.081  -6.797  -29.160 0.1111111119
71908  -19.173  -5.628  -29.459 0.1111111119
76583  -18.866  -1.502  -30.867 0.1111111119
64479  -21.902  -11.599  -27.935 0.1111111119
65750  -20.692  -10.104  -27.721 0.1111111119
61924  -23.569  -13.005  -27.398 0.1111111119
80396  -18.951  1.942  -33.791 0.1111111119
80373  -19.142  1.609  -33.009 0.1111111119
63191  -21.979  -12.334  -27.655 0.1111111119
77830  -19.217  -0.517  -31.096 0.1111111119
90541  -18.468  9.949  -35.349 0.1111111119
65738  -20.356  -10.608  -27.311 0.1111111119
68178  -19.478  -8.912  -27.940 0.1111111119
77829  -18.667  -0.999  -30.410 0.1111111119
91744  -18.668  11.221  -36.042 0.1111111119
92905  -18.231  12.120  -35.499 0.1111111119
95238  -18.080  14.470  -35.742 0.1111111119
95217  -17.742  13.866  -35.230 0.1111111119
96353  -18.508  14.673  -36.486 0.1111111119
63182  -25.950  -12.179  -26.277 0.1111111119
63204  -23.399  -11.723  -28.102 0.3333333433
64452  -27.399  -11.591  -25.745 0.1111111119
64466  -21.521  -11.942  -27.507 0.1111111119
64492  -23.645  -11.452  -27.978 0.3333333433
65755  -25.179  -10.624  -27.373 0.2222222239
65756  -25.905  -10.181  -27.164 0.2222222239
65765  -22.393  -10.185  -28.812 0.3333333433
67001  -26.845  -9.435  -27.123 0.1111111119
67026  -23.415  -9.382  -29.408 0.3333333433
68195  -26.201  -8.248  -28.127 0.1111111119
68218  -22.106  -7.877  -30.565 0.3333333433
69305  -26.740  -7.780  -27.905 0.1111111119
70638  -25.676  -6.336  -29.720 0.3333333433
70684  -21.857  -6.319  -31.502 0.3333333433
70685  -22.476  -6.513  -31.541 0.3333333433
71954  -24.206  -6.118  -31.779 0.4444444478
74325  -27.225  -3.793  -30.681 0.1111111119
74363  -21.667  -3.217  -33.008 0.5555555820
75480  -24.248  -1.954  -35.425 0.5555555820
77847  -26.426  -0.329  -32.960 0.2222222239
77898  -24.829  -0.526  -36.531 0.8888888955
84073  -24.083  5.006  -38.871 1.0000000000
85175  -18.275  5.969  -35.057 0.1111111119
86335  -18.240  6.246  -34.905 0.1111111119
86377  -20.177  6.336  -38.099 0.7777777910
86394  -22.074  7.012  -39.752 1.0000000000
87461  -18.018  6.625  -35.085 0.2222222239
87509  -22.604  7.683  -40.172 1.0000000000
88490  -17.963  9.122  -35.344 0.3333333433
89525  -18.972  9.341  -35.399 0.1111111119
89535  -17.722  9.922  -35.493 0.2222222239
89566  -18.996  9.917  -38.170 0.6666666865
90555  -17.510  10.902  -35.586 0.3333333433
91724  -17.182  11.457  -35.202 0.2222222239
91790  -23.188  11.266  -38.831 0.7777777910
94051  -17.430  13.104  -34.912 0.1111111119
94152  -22.545  13.498  -38.693 0.6666666865
95199  -17.971  13.518  -35.151 0.1111111119
95200  -18.208  13.418  -35.322 0.1111111119
96328  -18.983  14.317  -36.379 0.1111111119
96352  -17.985  14.750  -36.285 0.1111111119
96379  -17.839  14.675  -36.470 0.3333333433
97497  -25.738  15.829  -37.643 0.1111111119
100921  -25.127  19.204  -38.394 0.1111111119
103078  -19.549  21.204  -35.217 0.1111111119
104140  -24.360  22.358  -40.213 0.1111111119
104156  -20.152  22.871  -43.050 0.1111111119
104157  -27.259  22.366  -42.291 0.1111111119
105175  -20.983  22.909  -42.849 0.1111111119
105177  -22.334  23.935  -42.249 0.1111111119
105184  -19.922  23.202  -43.179 0.1111111119
105187  -27.147  22.873  -42.088 0.1111111119
106170  -23.071  23.300  -40.406 0.2222222239
106201  -20.094  23.669  -43.449 0.1111111119
108229  -22.442  25.919  -43.406 0.1111111119
