#!ascii label  , from subject sub001 vox2ras=TkReg
533
8879  -47.938  -64.461  -14.315 0.0000000000
12977  -44.732  -59.298  -20.840 0.0000000000
11358  -41.563  -61.210  -12.712 0.0000000000
9768  -46.140  -64.147  -18.780 0.0000000000
14721  -40.257  -57.130  -14.697 0.0000000000
10438  -45.035  -62.385  -8.880 0.0000000000
18413  -44.076  -53.693  -7.967 0.0000000000
21161  -49.216  -49.780  -6.728 0.0000000000
15684  -39.734  -56.001  -10.594 0.0000000000
12902  -39.933  -59.710  -14.509 0.0000000000
17577  -39.764  -54.330  -11.889 0.0000000000
13691  -44.470  -58.723  -8.902 0.0000000000
16609  -46.419  -55.504  -8.454 0.0000000000
24187  -49.666  -47.934  -5.444 0.0000000000
23138  -47.308  -48.581  -6.340 0.0000000000
7349  -46.311  -66.611  -17.679 0.0000000000
10615  -45.024  -62.160  -20.137 0.0000000000
9790  -49.801  -63.305  -19.757 0.0000000000
12216  -49.349  -60.578  -21.730 0.0000000000
9673  -45.200  -63.205  -13.803 0.0000000000
8921  -47.956  -64.269  -16.225 0.0000000000
10576  -42.414  -62.368  -18.236 0.0000000000
13811  -42.443  -59.112  -18.511 0.0000000000
10459  -43.665  -62.317  -11.450 0.0000000000
13709  -41.923  -58.225  -9.968 0.0000000000
18411  -42.010  -53.437  -8.631 0.0000000000
19338  -49.280  -53.253  -8.119 0.0000000000
19312  -46.963  -52.210  -7.377 0.0000000000
21179  -43.889  -50.480  -6.863 0.0000000000
24198  -42.535  -47.077  -6.582 0.0000000000
8192  -48.515  -65.090  -19.157 0.0000000000
17601  -48.489  -55.037  -13.289 0.0000000000
13782  -45.956  -58.479  -16.958 0.0000000000
14791  -47.377  -56.569  -19.054 0.0000000000
18441  -40.452  -53.393  -9.749 0.0000000000
16653  -39.594  -54.989  -11.379 0.0000000000
7308  -47.700  -65.822  -15.726 0.0000000000
12197  -44.572  -60.308  -20.875 0.0000000000
11436  -46.876  -61.873  -20.864 0.0000000000
12213  -46.015  -60.038  -21.790 0.0000000000
12233  -48.807  -59.942  -22.416 0.0000000000
12997  -46.546  -59.271  -22.154 0.0000000000
11372  -43.176  -62.223  -13.369 0.0000000000
11385  -42.473  -62.000  -14.133 0.0000000000
13760  -39.735  -58.485  -15.115 0.0000000000
12150  -41.093  -60.619  -16.437 0.0000000000
12923  -41.160  -60.208  -16.941 0.0000000000
12172  -42.198  -60.610  -18.759 0.0000000000
14762  -41.415  -58.035  -16.707 0.0000000000
9634  -45.125  -63.436  -11.625 0.0000000000
10451  -43.989  -62.224  -10.074 0.0000000000
15633  -44.184  -56.254  -8.492 0.0000000000
13689  -42.747  -58.352  -9.643 0.0000000000
16630  -43.087  -55.666  -8.770 0.0000000000
15659  -41.752  -56.249  -9.458 0.0000000000
18412  -43.001  -53.639  -8.276 0.0000000000
20226  -48.922  -51.415  -7.113 0.0000000000
19313  -48.032  -52.315  -7.350 0.0000000000
21183  -48.594  -50.371  -6.797 0.0000000000
24201  -45.960  -47.528  -6.048 0.0000000000
22118  -45.646  -49.017  -6.650 0.0000000000
23135  -44.113  -48.424  -6.497 0.0000000000
23157  -43.168  -48.951  -6.782 0.0000000000
8935  -47.604  -64.556  -17.233 0.0000000000
8964  -48.894  -64.770  -17.717 0.0000000000
8963  -48.355  -64.581  -18.039 0.0000000000
9033  -48.906  -64.375  -21.419 0.0000000000
18513  -49.834  -53.294  -13.641 0.0000000000
14713  -47.767  -58.051  -14.119 0.0000000000
13765  -48.413  -58.603  -15.352 0.0000000000
13735  -40.047  -58.778  -11.728 0.0000000000
12131  -40.475  -60.352  -13.805 0.0000000000
12889  -39.625  -58.646  -12.609 0.0000000000
14710  -39.591  -57.244  -13.188 0.0000000000
15711  -40.037  -56.380  -13.484 0.0000000000
12100  -44.500  -60.264  -9.031 0.0000000000
15663  -45.512  -57.232  -8.829 0.0000000000
16608  -45.294  -55.544  -8.376 0.0000000000
23140  -49.587  -48.588  -6.287 0.0000000000
23139  -48.400  -48.627  -6.359 0.0000000000
24203  -47.986  -47.926  -5.837 0.0000000000
24185  -47.635  -46.965  -5.113 0.0000000000
25223  -46.245  -46.090  -5.561 0.0000000000
9787  -46.434  -63.593  -19.452 0.0000000000
9788  -47.850  -63.484  -19.525 0.0000000000
10617  -47.630  -62.829  -20.117 0.0000000000
11438  -49.321  -61.865  -20.657 0.0000000000
11458  -50.801  -61.166  -21.475 0.0000000000
12235  -50.620  -59.974  -22.151 0.0000000000
13034  -49.939  -58.326  -23.237 0.0000000000
14896  -49.922  -56.946  -23.267 0.0000000000
9694  -46.905  -63.457  -14.107 0.0000000000
8900  -48.060  -64.234  -15.140 0.0000000000
8897  -44.961  -64.252  -15.735 0.0000000000
8932  -44.089  -64.245  -17.487 0.0000000000
11390  -41.580  -61.609  -15.181 0.0000000000
9742  -42.806  -63.295  -17.056 0.0000000000
8959  -43.846  -63.952  -18.270 0.0000000000
9784  -43.443  -62.545  -19.117 0.0000000000
11433  -43.580  -60.849  -19.997 0.0000000000
12958  -43.192  -59.619  -19.543 0.0000000000
9650  -45.909  -63.349  -12.653 0.0000000000
10472  -43.711  -62.414  -12.409 0.0000000000
11343  -42.039  -61.287  -11.778 0.0000000000
12099  -43.418  -60.488  -9.765 0.0000000000
12108  -42.227  -60.370  -10.513 0.0000000000
12107  -41.310  -60.041  -11.016 0.0000000000
14676  -40.474  -57.594  -10.563 0.0000000000
16627  -40.657  -55.341  -9.562 0.0000000000
19332  -40.817  -52.023  -8.795 0.0000000000
17513  -48.023  -54.556  -8.361 0.0000000000
18415  -46.573  -53.755  -7.784 0.0000000000
18414  -45.424  -53.382  -7.730 0.0000000000
21159  -46.915  -49.807  -6.657 0.0000000000
20223  -45.519  -51.337  -6.912 0.0000000000
19309  -43.962  -52.171  -7.521 0.0000000000
20221  -43.243  -51.468  -7.274 0.0000000000
21177  -42.001  -50.299  -7.392 0.0000000000
7351  -48.463  -65.703  -16.993 0.0000000000
7362  -47.528  -66.041  -18.931 0.0000000000
8987  -48.936  -64.385  -19.143 0.0000000000
8235  -47.833  -65.430  -21.182 0.0000000000
15750  -42.251  -57.065  -14.954 0.0000000000
13779  -43.075  -58.103  -17.220 0.0000000000
13780  -44.106  -58.132  -17.151 0.0000000000
14725  -46.044  -58.027  -14.582 0.0000000000
13836  -44.965  -58.151  -19.732 0.0000000000
14835  -45.983  -57.742  -20.205 0.0000000000
14837  -47.522  -57.204  -20.706 0.0000000000
20269  -40.522  -51.559  -9.503 0.0000000000
19384  -40.134  -52.758  -10.342 0.0000000000
7307  -47.074  -66.155  -15.870 0.0000000000
8114  -47.401  -65.625  -15.241 0.0000000000
12198  -45.474  -60.535  -21.345 0.0000000000
12212  -45.256  -59.750  -21.339 0.0000000000
12995  -45.256  -59.085  -21.178 0.0000000000
11359  -42.393  -61.632  -12.746 0.0000000000
10494  -43.095  -62.352  -13.818 0.0000000000
11370  -41.911  -61.491  -13.626 0.0000000000
14740  -39.829  -57.640  -14.763 0.0000000000
12922  -40.785  -59.703  -16.580 0.0000000000
13761  -40.408  -58.690  -16.099 0.0000000000
12934  -41.058  -59.387  -17.122 0.0000000000
14761  -40.800  -58.243  -16.398 0.0000000000
9621  -45.566  -63.870  -9.701 0.0000000000
9620  -44.963  -63.384  -9.913 0.0000000000
9628  -44.942  -63.446  -10.447 0.0000000000
10452  -44.543  -62.721  -9.660 0.0000000000
16607  -44.134  -55.674  -8.449 0.0000000000
15661  -43.683  -56.633  -8.711 0.0000000000
17540  -42.615  -55.018  -8.753 0.0000000000
17509  -43.427  -54.651  -8.473 0.0000000000
22122  -50.022  -49.320  -6.798 0.0000000000
22146  -50.834  -49.487  -7.220 0.0000000000
22145  -50.278  -49.647  -6.984 0.0000000000
21184  -49.881  -50.246  -7.032 0.0000000000
24183  -45.744  -46.732  -5.857 0.0000000000
23136  -45.301  -48.251  -6.407 0.0000000000
25236  -44.840  -46.237  -5.983 0.0000000000
8961  -45.762  -64.447  -18.232 0.0000000000
8962  -47.063  -64.492  -18.476 0.0000000000
15720  -49.161  -57.444  -14.220 0.0000000000
13750  -48.723  -58.848  -15.115 0.0000000000
13751  -49.047  -58.647  -15.232 0.0000000000
14695  -40.110  -57.830  -11.038 0.0000000000
13734  -39.657  -58.299  -11.947 0.0000000000
14694  -39.744  -57.578  -11.302 0.0000000000
14705  -39.436  -57.314  -12.205 0.0000000000
15704  -39.569  -56.359  -12.587 0.0000000000
16667  -39.948  -55.696  -12.928 0.0000000000
23118  -50.373  -48.307  -5.852 0.0000000000
24204  -48.978  -48.121  -5.885 0.0000000000
24186  -48.655  -47.507  -5.224 0.0000000000
25224  -47.038  -46.204  -5.208 0.0000000000
7361  -46.606  -66.565  -18.683 0.0000000000
10595  -45.441  -62.875  -19.802 0.0000000000
9814  -46.850  -63.119  -19.941 0.0000000000
10616  -46.216  -62.623  -20.243 0.0000000000
11455  -48.766  -61.259  -21.298 0.0000000000
11437  -48.174  -61.929  -20.737 0.0000000000
11456  -49.871  -61.188  -21.093 0.0000000000
11457  -50.642  -61.096  -21.031 0.0000000000
12218  -50.764  -60.647  -21.629 0.0000000000
13014  -48.298  -59.149  -22.963 0.0000000000
13015  -49.259  -59.331  -22.851 0.0000000000
13927  -48.678  -58.504  -23.095 0.0000000000
13929  -50.210  -57.728  -23.399 0.0000000000
13906  -48.766  -57.468  -22.791 0.0000000000
9674  -46.086  -63.314  -13.563 0.0000000000
8918  -44.472  -64.311  -16.432 0.0000000000
9729  -43.544  -63.848  -16.701 0.0000000000
12138  -41.204  -61.048  -14.434 0.0000000000
12137  -40.456  -60.370  -14.962 0.0000000000
10545  -41.720  -62.065  -16.455 0.0000000000
10561  -42.321  -62.674  -17.420 0.0000000000
9743  -43.344  -63.645  -17.682 0.0000000000
9765  -43.347  -63.128  -18.566 0.0000000000
9785  -44.072  -62.939  -19.233 0.0000000000
13810  -42.100  -59.429  -18.386 0.0000000000
12182  -42.706  -60.594  -19.358 0.0000000000
12945  -42.410  -59.790  -19.007 0.0000000000
12946  -42.786  -59.324  -18.984 0.0000000000
10460  -44.355  -62.841  -11.950 0.0000000000
11344  -42.929  -61.937  -12.018 0.0000000000
11339  -42.879  -61.575  -10.917 0.0000000000
12858  -43.939  -59.531  -9.194 0.0000000000
12857  -42.920  -59.551  -9.722 0.0000000000
12871  -42.016  -59.034  -10.154 0.0000000000
12115  -41.971  -60.816  -11.230 0.0000000000
13708  -41.264  -58.383  -10.369 0.0000000000
13707  -40.716  -58.463  -10.805 0.0000000000
14677  -41.473  -57.643  -9.989 0.0000000000
18443  -41.755  -54.109  -8.922 0.0000000000
17538  -41.205  -54.586  -9.206 0.0000000000
18410  -41.598  -53.154  -8.793 0.0000000000
19365  -40.995  -52.682  -8.941 0.0000000000
19333  -41.613  -52.581  -8.584 0.0000000000
18417  -48.658  -53.638  -8.165 0.0000000000
18396  -47.260  -53.035  -7.615 0.0000000000
18395  -46.309  -52.918  -7.658 0.0000000000
18394  -45.861  -52.878  -7.667 0.0000000000
22120  -47.681  -49.408  -6.657 0.0000000000
22119  -46.549  -49.364  -6.622 0.0000000000
22141  -45.143  -49.452  -6.755 0.0000000000
22142  -45.736  -49.654  -6.742 0.0000000000
21180  -45.051  -50.286  -6.784 0.0000000000
19310  -44.897  -52.141  -7.358 0.0000000000
20222  -44.421  -51.358  -7.044 0.0000000000
23134  -42.917  -48.066  -6.557 0.0000000000
22138  -42.510  -49.594  -7.053 0.0000000000
23156  -42.203  -48.720  -6.927 0.0000000000
22137  -41.462  -49.425  -7.545 0.0000000000
8901  -48.575  -64.697  -15.826 0.0000000000
8923  -48.725  -64.750  -16.320 0.0000000000
8166  -48.790  -65.039  -18.292 0.0000000000
8147  -48.195  -65.529  -17.965 0.0000000000
8165  -48.195  -65.427  -18.781 0.0000000000
8191  -47.955  -65.570  -19.585 0.0000000000
9789  -48.941  -63.493  -19.299 0.0000000000
8988  -49.530  -63.955  -20.116 0.0000000000
8258  -47.849  -65.009  -22.209 0.0000000000
8236  -48.536  -64.993  -21.263 0.0000000000
16686  -42.332  -56.219  -14.217 0.0000000000
15714  -43.167  -56.189  -13.662 0.0000000000
14744  -44.125  -57.763  -15.492 0.0000000000
13796  -43.604  -58.285  -18.002 0.0000000000
14726  -47.310  -58.477  -14.647 0.0000000000
14712  -46.758  -57.988  -13.999 0.0000000000
14746  -46.050  -58.461  -15.552 0.0000000000
13781  -45.097  -58.478  -17.063 0.0000000000
13798  -45.530  -58.270  -17.783 0.0000000000
14812  -45.604  -57.822  -19.607 0.0000000000
13815  -45.925  -57.864  -18.314 0.0000000000
14790  -46.629  -57.260  -18.564 0.0000000000
14814  -47.413  -57.030  -19.720 0.0000000000
17557  -40.056  -54.475  -10.167 0.0000000000
16644  -39.643  -55.398  -10.826 0.0000000000
17556  -39.794  -54.518  -10.662 0.0000000000
18461  -39.881  -53.548  -10.795 0.0000000000
19395  -39.900  -53.039  -10.924 0.0000000000
24169  -49.351  -47.123  -4.409 0.0000000000
25219  -49.258  -46.436  -3.988 0.0000000000
7331  -46.798  -66.484  -16.727 0.0000000000
11435  -45.486  -61.445  -20.808 0.0000000000
11454  -47.541  -61.164  -21.459 0.0000000000
12215  -48.208  -60.582  -22.025 0.0000000000
12214  -47.023  -60.267  -22.253 0.0000000000
13013  -47.358  -59.207  -22.597 0.0000000000
13904  -47.012  -58.646  -22.357 0.0000000000
10495  -43.779  -62.548  -13.350 0.0000000000
10517  -43.613  -62.724  -14.175 0.0000000000
10516  -42.911  -62.588  -14.518 0.0000000000
11391  -42.220  -62.212  -14.893 0.0000000000
12910  -39.712  -59.184  -14.884 0.0000000000
12142  -40.985  -60.948  -15.514 0.0000000000
12141  -40.650  -60.246  -15.913 0.0000000000
12162  -41.465  -60.712  -17.233 0.0000000000
11416  -42.154  -61.445  -18.506 0.0000000000
12935  -41.346  -59.835  -17.438 0.0000000000
13793  -41.249  -59.238  -17.350 0.0000000000
13794  -41.715  -58.959  -17.728 0.0000000000
10457  -44.353  -62.872  -10.935 0.0000000000
10456  -43.849  -62.222  -10.516 0.0000000000
15662  -44.561  -57.258  -8.705 0.0000000000
13690  -43.549  -58.818  -9.250 0.0000000000
14656  -43.776  -57.912  -8.881 0.0000000000
14655  -42.800  -57.336  -9.325 0.0000000000
15660  -42.562  -56.425  -9.169 0.0000000000
14654  -42.018  -57.003  -9.700 0.0000000000
16629  -42.220  -55.634  -9.040 0.0000000000
17508  -42.452  -54.281  -8.677 0.0000000000
19334  -42.613  -52.783  -8.187 0.0000000000
20227  -50.005  -51.436  -7.459 0.0000000000
19314  -49.153  -52.584  -7.693 0.0000000000
20225  -47.765  -51.329  -7.021 0.0000000000
23137  -46.274  -48.441  -6.325 0.0000000000
22117  -44.924  -48.914  -6.720 0.0000000000
22140  -44.341  -49.475  -6.749 0.0000000000
23158  -43.769  -49.136  -6.746 0.0000000000
24199  -43.608  -47.188  -6.323 0.0000000000
8920  -46.876  -64.456  -16.361 0.0000000000
8936  -48.514  -64.567  -17.000 0.0000000000
9009  -49.434  -64.102  -20.793 0.0000000000
18525  -49.675  -54.520  -13.853 0.0000000000
16675  -47.835  -56.142  -13.343 0.0000000000
15719  -48.281  -57.284  -13.763 0.0000000000
13748  -46.872  -58.496  -15.316 0.0000000000
13799  -46.162  -58.007  -17.641 0.0000000000
13764  -47.160  -58.239  -15.618 0.0000000000
14777  -46.202  -57.525  -17.513 0.0000000000
12891  -40.856  -59.982  -12.048 0.0000000000
12132  -41.177  -60.937  -13.445 0.0000000000
12890  -40.191  -59.335  -12.382 0.0000000000
12128  -40.434  -59.868  -13.129 0.0000000000
12895  -39.524  -58.806  -13.276 0.0000000000
15698  -39.489  -56.228  -11.453 0.0000000000
13741  -39.394  -58.072  -12.861 0.0000000000
12901  -39.502  -58.992  -14.262 0.0000000000
13747  -39.452  -58.036  -13.980 0.0000000000
14720  -39.804  -57.154  -14.087 0.0000000000
15727  -40.341  -56.677  -14.196 0.0000000000
11325  -44.796  -61.850  -8.926 0.0000000000
12859  -45.006  -59.369  -8.840 0.0000000000
14657  -45.034  -57.984  -8.779 0.0000000000
15634  -44.762  -56.445  -8.541 0.0000000000
17510  -44.688  -54.605  -8.153 0.0000000000
23141  -50.724  -48.699  -6.597 0.0000000000
22121  -48.825  -49.284  -6.657 0.0000000000
24202  -46.947  -47.751  -5.872 0.0000000000
24184  -46.594  -46.892  -5.628 0.0000000000
8985  -47.424  -64.009  -19.136 0.0000000000
10596  -48.035  -63.147  -19.777 0.0000000000
10598  -49.420  -62.871  -19.666 0.0000000000
10599  -49.992  -62.744  -19.911 0.0000000000
10640  -50.375  -62.186  -21.091 0.0000000000
12234  -49.848  -59.930  -22.227 0.0000000000
13016  -50.275  -59.044  -22.770 0.0000000000
13909  -51.174  -58.738  -22.994 0.0000000000
13930  -50.826  -57.894  -23.414 0.0000000000
14897  -50.694  -57.135  -23.450 0.0000000000
9695  -47.782  -63.831  -13.990 0.0000000000
8096  -48.372  -64.955  -14.989 0.0000000000
9716  -47.879  -63.937  -14.568 0.0000000000
9715  -47.509  -63.803  -14.667 0.0000000000
8899  -47.269  -64.052  -15.458 0.0000000000
8898  -46.138  -64.160  -15.613 0.0000000000
8919  -45.636  -64.548  -16.460 0.0000000000
8933  -45.108  -64.621  -17.404 0.0000000000
11398  -41.408  -61.519  -16.037 0.0000000000
10533  -41.915  -62.250  -15.739 0.0000000000
9767  -45.358  -63.979  -18.890 0.0000000000
9786  -44.995  -63.356  -19.419 0.0000000000
10594  -44.615  -62.576  -19.661 0.0000000000
11423  -42.647  -61.326  -19.118 0.0000000000
11424  -43.399  -61.295  -19.632 0.0000000000
11434  -44.214  -61.283  -20.211 0.0000000000
12196  -43.648  -60.318  -20.271 0.0000000000
12976  -44.005  -59.374  -20.267 0.0000000000
9676  -47.750  -63.799  -12.953 0.0000000000
9675  -47.028  -63.509  -13.246 0.0000000000
10497  -45.416  -63.142  -13.271 0.0000000000
9649  -44.932  -63.187  -12.443 0.0000000000
10474  -45.092  -63.052  -12.929 0.0000000000
10496  -44.716  -62.941  -13.356 0.0000000000
11360  -43.142  -62.065  -12.901 0.0000000000
11342  -41.483  -60.857  -12.191 0.0000000000
11336  -44.297  -61.325  -9.345 0.0000000000
11335  -43.663  -61.687  -10.057 0.0000000000
12109  -43.059  -61.025  -10.334 0.0000000000
12098  -42.852  -60.139  -9.994 0.0000000000
11338  -42.278  -61.025  -11.106 0.0000000000
12114  -41.457  -60.444  -11.619 0.0000000000
12877  -40.850  -59.725  -11.513 0.0000000000
15685  -40.321  -56.297  -10.069 0.0000000000
15686  -41.139  -56.848  -9.832 0.0000000000
17537  -40.453  -54.321  -9.691 0.0000000000
19364  -40.642  -52.636  -9.410 0.0000000000
18397  -48.145  -53.110  -7.724 0.0000000000
18416  -47.611  -53.804  -7.966 0.0000000000
17512  -47.000  -54.633  -8.156 0.0000000000
17511  -45.886  -54.595  -8.058 0.0000000000
22144  -48.173  -49.788  -6.689 0.0000000000
21182  -47.480  -50.260  -6.729 0.0000000000
20224  -46.642  -51.324  -6.955 0.0000000000
21181  -46.304  -50.230  -6.755 0.0000000000
19337  -45.159  -52.686  -7.546 0.0000000000
19336  -44.504  -52.828  -7.674 0.0000000000
19335  -43.546  -52.892  -7.897 0.0000000000
20243  -43.144  -52.261  -7.762 0.0000000000
20242  -42.392  -51.896  -7.982 0.0000000000
22139  -43.424  -49.681  -6.805 0.0000000000
21178  -42.839  -50.484  -6.981 0.0000000000
20220  -42.209  -51.094  -7.482 0.0000000000
20219  -41.712  -50.767  -7.693 0.0000000000
22166  -41.113  -49.985  -8.202 0.0000000000
8115  -48.163  -65.447  -15.476 0.0000000000
7332  -47.956  -66.006  -16.318 0.0000000000
7350  -47.498  -66.276  -17.617 0.0000000000
8148  -48.846  -65.145  -17.337 0.0000000000
8986  -48.227  -64.154  -18.887 0.0000000000
9008  -49.100  -64.541  -20.458 0.0000000000
8216  -48.512  -65.176  -20.156 0.0000000000
20284  -40.327  -51.316  -10.639 0.0000000000
17593  -40.598  -54.733  -12.943 0.0000000000
16668  -40.607  -55.452  -13.316 0.0000000000
15712  -40.805  -56.138  -13.949 0.0000000000
15728  -40.914  -56.629  -14.731 0.0000000000
15749  -41.459  -56.960  -15.199 0.0000000000
14742  -41.808  -57.367  -15.798 0.0000000000
14776  -42.123  -58.212  -17.295 0.0000000000
14722  -43.007  -57.254  -14.692 0.0000000000
14743  -42.934  -57.402  -15.412 0.0000000000
13795  -42.656  -58.526  -17.965 0.0000000000
13812  -43.195  -58.837  -18.788 0.0000000000
13834  -43.815  -58.903  -19.497 0.0000000000
13855  -44.178  -58.836  -19.911 0.0000000000
15718  -47.230  -57.216  -13.592 0.0000000000
15717  -46.049  -57.265  -13.791 0.0000000000
15733  -45.789  -57.600  -14.178 0.0000000000
14765  -44.599  -58.281  -16.269 0.0000000000
13797  -44.602  -58.293  -17.931 0.0000000000
13856  -44.606  -58.663  -20.257 0.0000000000
13881  -45.617  -58.507  -21.128 0.0000000000
13858  -45.981  -57.944  -20.841 0.0000000000
13883  -47.294  -57.627  -21.831 0.0000000000
14854  -47.164  -57.526  -21.262 0.0000000000
14855  -47.899  -57.201  -21.514 0.0000000000
14875  -48.837  -56.986  -22.300 0.0000000000
7333  -48.465  -65.540  -16.425 0.0000000000
8095  -47.888  -65.145  -14.662 0.0000000000
8116  -48.615  -65.025  -15.607 0.0000000000
8136  -48.449  -65.397  -16.034 0.0000000000
8137  -48.764  -65.105  -16.399 0.0000000000
8259  -48.435  -64.711  -21.846 0.0000000000
8880  -48.370  -64.678  -15.181 0.0000000000
8922  -48.540  -64.539  -16.214 0.0000000000
8934  -46.347  -64.714  -17.382 0.0000000000
8937  -48.793  -64.802  -16.811 0.0000000000
8960  -44.680  -64.305  -18.271 0.0000000000
9764  -42.779  -63.079  -17.829 0.0000000000
9766  -44.309  -63.723  -18.889 0.0000000000
9791  -50.188  -62.810  -20.007 0.0000000000
9815  -47.184  -63.281  -19.777 0.0000000000
10453  -45.200  -63.253  -9.355 0.0000000000
10473  -44.436  -62.797  -12.760 0.0000000000
10546  -42.295  -62.726  -16.488 0.0000000000
10575  -42.007  -62.251  -17.670 0.0000000000
10592  -43.090  -61.988  -19.269 0.0000000000
10593  -43.857  -62.132  -19.493 0.0000000000
10597  -48.528  -63.039  -19.661 0.0000000000
10614  -44.350  -61.951  -19.824 0.0000000000
10619  -49.742  -62.382  -20.183 0.0000000000
10639  -50.004  -62.586  -21.712 0.0000000000
11371  -42.719  -61.919  -13.439 0.0000000000
11384  -41.876  -61.665  -14.454 0.0000000000
11415  -41.754  -61.620  -17.720 0.0000000000
11425  -43.966  -61.662  -19.770 0.0000000000
11453  -46.350  -60.944  -21.500 0.0000000000
12129  -40.910  -60.412  -12.658 0.0000000000
12149  -40.818  -60.188  -16.330 0.0000000000
12171  -41.728  -60.679  -18.032 0.0000000000
12183  -43.180  -60.461  -19.755 0.0000000000
12232  -47.881  -59.875  -22.553 0.0000000000
12869  -40.598  -58.772  -11.059 0.0000000000
12870  -41.101  -59.279  -10.769 0.0000000000
12876  -40.454  -59.054  -11.427 0.0000000000
12896  -39.959  -59.531  -13.568 0.0000000000
12911  -40.140  -59.502  -15.485 0.0000000000
12944  -41.834  -59.861  -18.291 0.0000000000
12957  -42.793  -60.090  -19.496 0.0000000000
12996  -45.858  -59.158  -21.548 0.0000000000
13018  -51.256  -58.955  -23.093 0.0000000000
13032  -48.864  -58.962  -23.203 0.0000000000
13033  -49.369  -58.675  -23.175 0.0000000000
13720  -39.841  -58.055  -11.517 0.0000000000
13721  -40.180  -58.270  -11.277 0.0000000000
13762  -45.584  -58.526  -16.237 0.0000000000
13763  -46.395  -58.453  -16.097 0.0000000000
13766  -48.838  -58.736  -15.347 0.0000000000
13777  -40.995  -58.798  -16.992 0.0000000000
13778  -41.432  -58.549  -17.178 0.0000000000
13813  -44.103  -58.410  -18.774 0.0000000000
13814  -45.124  -58.066  -18.812 0.0000000000
13835  -44.435  -58.468  -19.509 0.0000000000
13857  -45.335  -58.144  -20.408 0.0000000000
13880  -45.049  -58.709  -20.812 0.0000000000
13882  -46.604  -58.204  -21.644 0.0000000000
13907  -50.509  -58.335  -23.195 0.0000000000
13908  -50.932  -58.568  -22.997 0.0000000000
13928  -49.202  -57.815  -23.198 0.0000000000
14675  -39.770  -56.791  -10.698 0.0000000000
14678  -42.187  -57.703  -9.736 0.0000000000
14711  -46.302  -57.804  -14.104 0.0000000000
14714  -48.611  -58.078  -14.294 0.0000000000
14729  -50.152  -57.808  -15.225 0.0000000000
14741  -40.585  -57.570  -15.632 0.0000000000
14745  -45.180  -58.254  -15.442 0.0000000000
14763  -42.455  -57.679  -16.546 0.0000000000
14764  -43.563  -57.813  -16.366 0.0000000000
14775  -41.654  -58.421  -17.246 0.0000000000
14789  -45.971  -57.720  -18.957 0.0000000000
14836  -46.724  -57.579  -20.558 0.0000000000
14856  -48.506  -56.920  -21.696 0.0000000000
14874  -48.245  -57.233  -22.049 0.0000000000
14895  -49.241  -57.160  -22.894 0.0000000000
15658  -41.003  -56.089  -9.516 0.0000000000
15713  -41.429  -56.135  -14.256 0.0000000000
15729  -41.895  -56.470  -14.619 0.0000000000
15730  -42.886  -56.830  -14.161 0.0000000000
15751  -42.739  -57.176  -14.751 0.0000000000
16628  -41.452  -55.468  -9.262 0.0000000000
16645  -39.970  -55.205  -10.138 0.0000000000
16659  -39.701  -55.287  -12.244 0.0000000000
16660  -40.209  -55.116  -12.783 0.0000000000
16676  -48.909  -56.259  -13.749 0.0000000000
17539  -41.927  -54.857  -8.906 0.0000000000
17564  -39.728  -54.158  -11.253 0.0000000000
17602  -49.331  -55.137  -13.693 0.0000000000
18442  -41.164  -53.436  -9.095 0.0000000000
18462  -40.129  -53.840  -10.246 0.0000000000
19311  -45.844  -52.368  -7.419 0.0000000000
19383  -39.943  -53.117  -10.675 0.0000000000
19421  -49.515  -52.775  -13.405 0.0000000000
20241  -41.397  -51.228  -8.233 0.0000000000
21158  -46.580  -49.796  -6.672 0.0000000000
21160  -48.697  -49.775  -6.686 0.0000000000
21176  -41.435  -50.371  -7.877 0.0000000000
21205  -41.125  -50.514  -8.267 0.0000000000
22123  -50.696  -49.055  -6.942 0.0000000000
22143  -47.780  -49.797  -6.669 0.0000000000
23117  -49.797  -48.238  -5.916 0.0000000000
24182  -45.346  -46.654  -5.896 0.0000000000
24205  -49.520  -48.205  -5.919 0.0000000000
