#!ascii label  , from subject sub001 vox2ras=TkReg
830
64483  -25.514  -10.868  -27.037 0.4285714328
67000  -26.065  -9.108  -27.706 0.2857142985
67015  -25.370  -9.632  -27.921 0.4285714328
68179  -26.114  -8.549  -27.978 0.4285714328
68181  -27.542  -8.592  -27.069 0.4285714328
69321  -25.425  -7.474  -29.123 0.2857142985
69322  -26.430  -7.550  -28.360 0.4285714328
69323  -26.986  -6.920  -28.214 0.4285714328
70639  -26.313  -6.205  -29.317 0.4285714328
71937  -26.212  -5.337  -30.279 0.4285714328
73176  -27.016  -4.442  -30.360 0.4285714328
74340  -25.603  -3.887  -31.980 0.5714285970
74324  -26.659  -4.131  -30.854 0.5714285970
74326  -27.846  -3.225  -30.455 0.2857142985
75427  -26.288  -2.902  -31.786 0.7142857313
75428  -27.042  -2.600  -31.214 0.7142857313
76586  -27.250  -1.594  -31.461 0.7142857313
76587  -27.825  -1.070  -31.283 0.4285714328
76564  -27.551  -1.885  -30.748 0.5714285970
77849  -27.712  -0.449  -32.026 0.5714285970
76604  -27.067  -1.105  -32.050 0.5714285970
79129  -27.326  0.421  -32.757 0.5714285970
77848  -26.909  -0.414  -32.529 0.5714285970
79130  -28.284  0.671  -32.086 0.4285714328
80381  -27.759  1.615  -32.672 0.5714285970
81582  -27.917  2.399  -32.694 0.5714285970
79147  -26.489  0.341  -33.639 0.7142857313
81602  -27.451  2.485  -33.289 0.7142857313
82770  -28.099  3.009  -32.833 0.5714285970
79148  -27.213  1.141  -33.301 0.5714285970
79164  -25.932  0.227  -34.549 0.5714285970
80398  -26.827  1.701  -33.848 0.8571428657
82790  -27.748  3.480  -33.320 0.7142857313
82791  -28.224  3.595  -32.995 0.5714285970
80421  -26.246  1.776  -34.691 0.7142857313
80420  -25.948  0.996  -35.123 0.5714285970
84005  -27.371  4.161  -33.684 0.7142857313
84006  -28.199  4.272  -33.161 0.5714285970
81601  -26.964  2.530  -33.831 0.7142857313
85146  -27.713  5.094  -33.548 0.5714285970
82789  -27.019  3.344  -33.867 0.7142857313
82806  -26.511  3.402  -34.678 0.5714285970
84021  -27.146  4.847  -33.949 0.7142857313
86343  -27.394  6.528  -34.224 0.7142857313
85164  -27.326  5.638  -34.091 0.7142857313
84038  -26.242  4.278  -35.118 0.7142857313
85163  -26.732  5.098  -34.460 0.7142857313
86342  -26.918  6.037  -34.628 0.7142857313
87469  -27.066  7.438  -34.952 0.7142857313
85182  -26.348  5.495  -35.093 0.7142857313
82825  -26.133  3.440  -35.205 0.5714285970
88496  -27.556  8.205  -34.509 0.5714285970
86359  -25.925  5.942  -35.640 0.8571428657
85181  -25.816  4.949  -35.645 0.8571428657
88509  -27.063  8.237  -35.305 0.7142857313
87468  -26.582  7.448  -35.482 0.7142857313
86369  -26.087  6.787  -35.642 0.8571428657
89550  -26.090  9.036  -36.391 0.8571428657
89541  -26.845  9.175  -35.743 0.5714285970
88508  -26.515  8.170  -35.816 0.8571428657
88519  -26.025  8.105  -36.243 0.8571428657
87479  -26.024  7.390  -35.949 0.8571428657
90571  -25.552  9.522  -36.686 0.8571428657
90582  -26.374  10.930  -36.949 0.8571428657
91772  -25.840  11.537  -36.893 0.8571428657
89540  -26.379  8.629  -36.058 0.8571428657
90581  -25.349  10.362  -36.876 0.8571428657
90580  -24.279  9.982  -37.473 1.0000000000
91771  -24.410  11.152  -37.236 1.0000000000
92938  -24.100  12.093  -37.311 1.0000000000
92953  -22.721  12.499  -38.796 0.7142857313
91770  -23.954  11.463  -37.446 1.0000000000
91781  -23.552  11.213  -38.004 1.0000000000
94120  -23.753  12.881  -37.389 1.0000000000
96404  -22.919  16.237  -38.562 1.0000000000
96421  -22.394  15.623  -39.424 0.8571428657
98631  -23.009  17.702  -38.808 0.8571428657
97535  -23.213  17.183  -38.531 1.0000000000
102050  -23.037  20.420  -39.826 0.8571428657
100934  -22.859  19.383  -39.542 0.8571428657
100919  -23.505  19.356  -38.833 1.0000000000
104132  -22.782  22.028  -40.411 0.8571428657
104133  -23.676  22.067  -40.174 0.8571428657
105160  -22.685  22.761  -40.656 0.7142857313
103103  -22.154  21.195  -40.573 0.5714285970
105167  -22.265  23.119  -41.306 0.7142857313
104138  -20.781  22.129  -41.204 0.5714285970
103116  -21.006  21.235  -40.727 0.5714285970
104137  -20.578  22.291  -40.430 0.4285714328
105174  -20.171  23.238  -42.476 0.4285714328
106191  -20.070  23.861  -43.046 0.4285714328
105150  -20.537  23.626  -39.010 0.2857142985
105151  -21.099  23.771  -38.233 0.2857142985
106144  -21.191  24.507  -37.810 0.2857142985
68194  -25.599  -8.523  -28.356 0.2857142985
89529  -27.479  9.034  -35.017 0.5714285970
86360  -26.565  6.586  -35.147 0.7142857313
89551  -26.622  9.740  -36.203 0.8571428657
90572  -26.350  10.161  -36.601 0.8571428657
94137  -23.013  13.349  -37.925 0.8571428657
106135  -22.512  25.016  -36.308 0.1428571492
68193  -24.807  -8.224  -29.050 0.2857142985
69338  -25.213  -7.092  -29.632 0.2857142985
70617  -26.092  -6.730  -29.013 0.2857142985
70618  -26.822  -6.313  -28.801 0.4285714328
71913  -27.486  -5.289  -29.286 0.4285714328
70665  -25.174  -6.443  -30.394 0.2857142985
73175  -26.470  -4.691  -30.618 0.4285714328
73156  -27.381  -4.514  -29.909 0.4285714328
73174  -25.943  -4.906  -30.990 0.5714285970
74341  -26.235  -3.914  -31.258 0.5714285970
75407  -27.602  -2.814  -30.714 0.4285714328
75442  -25.425  -3.051  -32.671 0.2857142985
76585  -26.729  -1.955  -31.964 0.7142857313
76605  -27.455  -1.039  -31.689 0.4285714328
76603  -26.394  -1.237  -32.718 0.5714285970
80359  -28.845  1.538  -31.678 0.4285714328
77865  -26.097  -0.687  -33.424 0.7142857313
80382  -28.339  1.560  -32.131 0.4285714328
79165  -26.392  0.980  -34.437 0.5714285970
86327  -27.833  6.204  -33.514 0.5714285970
83986  -28.783  4.587  -32.643 0.5714285970
84020  -26.819  4.155  -34.203 0.7142857313
88518  -25.401  8.107  -36.594 1.0000000000
92939  -25.303  12.393  -36.937 1.0000000000
92954  -23.286  12.270  -37.936 0.8571428657
95300  -22.435  14.050  -38.866 0.7142857313
95286  -23.923  14.011  -37.211 1.0000000000
96422  -22.743  15.198  -38.736 0.7142857313
95285  -23.200  14.706  -38.002 1.0000000000
95299  -22.266  14.490  -39.534 0.7142857313
97514  -23.090  16.780  -38.549 0.8571428657
99765  -23.595  18.536  -38.521 1.0000000000
104146  -20.400  22.733  -41.842 0.7142857313
103117  -21.510  21.250  -40.783 0.5714285970
104139  -21.343  22.332  -41.604 0.7142857313
104148  -21.148  22.726  -42.514 0.7142857313
106156  -20.441  24.143  -39.740 0.2857142985
106168  -20.671  23.982  -40.798 0.4285714328
105176  -21.699  23.326  -42.651 0.4285714328
106182  -20.428  23.931  -42.033 0.4285714328
106157  -20.709  24.784  -38.880 0.2857142985
76602  -25.964  -1.992  -33.249 0.4285714328
76623  -26.031  -1.328  -33.351 0.4285714328
105166  -20.410  23.196  -41.304 0.4285714328
105159  -20.356  23.276  -40.022 0.2857142985
65769  -25.318  -10.188  -27.610 0.4285714328
67002  -27.359  -9.241  -26.864 0.4285714328
68180  -26.633  -8.342  -27.736 0.4285714328
69320  -24.960  -7.766  -29.273 0.2857142985
71936  -25.688  -5.596  -30.697 0.2857142985
71911  -26.024  -5.640  -30.074 0.4285714328
71912  -26.635  -5.458  -29.717 0.4285714328
73155  -26.883  -4.764  -30.150 0.4285714328
73189  -26.039  -4.560  -31.086 0.4285714328
75426  -25.860  -3.414  -31.896 0.2857142985
74342  -26.703  -3.299  -31.235 0.4285714328
75443  -26.228  -2.258  -32.517 0.5714285970
79128  -26.712  0.064  -32.898 0.5714285970
80399  -27.303  1.741  -33.269 0.7142857313
81583  -28.556  2.382  -32.204 0.5714285970
79146  -26.097  0.084  -34.096 0.7142857313
77864  -25.887  -0.336  -34.081 0.7142857313
81621  -26.602  2.570  -34.344 0.5714285970
81641  -26.076  2.651  -35.156 0.7142857313
86361  -27.069  6.796  -34.680 0.7142857313
84037  -25.790  4.257  -35.704 0.8571428657
87478  -25.511  7.272  -36.492 0.8571428657
94136  -22.589  13.173  -38.672 0.8571428657
103104  -22.923  21.256  -40.222 0.8571428657
104131  -22.124  22.092  -40.945 0.7142857313
104147  -20.604  22.717  -42.452 0.5714285970
104155  -20.110  22.868  -42.720 0.4285714328
105139  -21.216  23.692  -37.252 0.2857142985
106133  -21.263  24.408  -36.927 0.2857142985
106134  -21.736  24.766  -36.632 0.1428571492
70637  -25.041  -6.909  -30.001 0.2857142985
108228  -21.322  26.405  -42.786 0.2857142985
109177  -22.098  27.680  -42.127 0.1428571492
107214  -21.140  25.604  -42.161 0.2857142985
108245  -21.525  26.363  -43.382 0.2857142985
108214  -21.514  26.686  -41.583 0.1428571492
108215  -21.938  27.277  -41.267 0.1428571492
106169  -20.726  24.875  -40.205 0.1428571492
106183  -20.835  24.770  -41.492 0.2857142985
107200  -21.319  25.655  -40.853 0.1428571492
107234  -22.046  25.826  -43.443 0.2857142985
107222  -21.135  25.608  -43.219 0.2857142985
106207  -26.537  24.016  -42.318 0.2857142985
107225  -23.876  25.746  -42.600 0.2857142985
108201  -22.238  26.896  -40.310 0.1428571492
106192  -20.509  24.732  -42.726 0.2857142985
106185  -23.132  23.999  -40.813 0.2857142985
107223  -21.483  25.309  -43.305 0.2857142985
105171  -26.022  22.730  -40.666 0.1428571492
106195  -24.273  24.841  -41.597 0.2857142985
107215  -22.996  25.191  -42.327 0.2857142985
108200  -21.577  26.383  -40.688 0.1428571492
106204  -22.346  24.837  -42.446 0.2857142985
102075  -26.886  20.089  -41.765 0.1428571492
104150  -26.889  21.987  -41.284 0.1428571492
106187  -25.506  23.612  -40.651 0.4285714328
105168  -22.454  23.786  -41.796 0.2857142985
102053  -25.805  20.240  -39.080 0.2857142985
104141  -24.944  22.197  -40.278 0.4285714328
106171  -23.746  23.397  -40.202 0.2857142985
105185  -20.560  23.300  -43.209 0.2857142985
99768  -26.340  18.350  -38.772 0.1428571492
103119  -25.808  21.240  -40.078 0.2857142985
106172  -24.309  23.243  -40.218 0.4285714328
103106  -24.824  21.421  -39.739 0.5714285970
105162  -24.039  22.780  -40.157 0.7142857313
98614  -26.493  17.340  -38.999 0.1428571492
104134  -24.342  21.878  -40.134 0.7142857313
106184  -22.751  23.322  -40.756 0.4285714328
102038  -25.021  20.011  -38.426 0.4285714328
97518  -26.802  16.472  -39.233 0.2857142985
98613  -25.701  17.497  -38.156 0.7142857313
102051  -23.894  20.946  -39.089 0.7142857313
99767  -25.393  18.402  -38.303 0.8571428657
102037  -24.145  20.177  -38.617 0.5714285970
96408  -26.851  15.424  -38.594 0.2857142985
96407  -26.546  15.887  -38.432 0.2857142985
100920  -24.305  19.323  -38.400 0.7142857313
100933  -22.306  19.353  -40.395 0.5714285970
95287  -27.116  15.001  -38.519 0.1428571492
97516  -25.014  17.018  -37.664 0.7142857313
95288  -27.267  14.859  -38.361 0.1428571492
88536  -23.505  8.233  -38.905 0.5714285970
90590  -23.788  10.509  -37.770 0.8571428657
90589  -23.329  10.107  -38.500 0.4285714328
91780  -23.118  11.729  -38.628 0.5714285970
96405  -23.546  16.082  -38.004 0.8571428657
94121  -24.766  13.430  -37.102 0.8571428657
95269  -26.808  14.510  -38.138 0.2857142985
96386  -25.292  15.560  -37.509 0.8571428657
94124  -27.488  13.721  -37.194 0.4285714328
95268  -25.946  14.394  -37.648 0.7142857313
97496  -25.276  16.080  -37.579 0.7142857313
87503  -23.412  7.682  -39.415 0.2857142985
89569  -23.658  9.725  -38.044 0.5714285970
89568  -23.407  9.080  -38.706 0.5714285970
91782  -23.849  10.964  -37.604 0.8571428657
94138  -23.833  13.412  -37.281 0.8571428657
96406  -24.261  15.848  -37.713 0.8571428657
94123  -26.947  13.609  -37.562 0.4285714328
94122  -26.099  13.469  -37.467 0.8571428657
95267  -25.055  14.784  -37.315 0.8571428657
82858  -24.771  3.661  -37.401 0.7142857313
84062  -24.765  4.668  -37.890 0.4285714328
84053  -25.524  4.355  -36.257 0.7142857313
86379  -25.082  6.376  -36.953 0.8571428657
86378  -24.601  6.388  -37.611 0.5714285970
87495  -23.959  7.028  -38.366 0.5714285970
86388  -23.821  6.483  -38.865 0.4285714328
87488  -24.889  7.252  -37.005 0.8571428657
87487  -24.319  7.285  -37.706 0.5714285970
88527  -23.713  8.182  -38.293 0.5714285970
89549  -25.285  8.803  -36.725 0.8571428657
88528  -24.075  8.215  -37.601 0.7142857313
92925  -27.758  12.592  -36.440 0.2857142985
91774  -27.370  12.389  -36.758 0.4285714328
92941  -27.138  12.854  -37.079 0.5714285970
81654  -24.965  2.728  -36.513 0.4285714328
85203  -25.256  5.604  -36.899 0.7142857313
86368  -25.620  6.390  -36.265 0.7142857313
91759  -27.005  10.937  -36.857 0.7142857313
91760  -27.469  11.671  -36.458 0.2857142985
80436  -25.836  1.747  -35.359 0.4285714328
80450  -25.122  1.615  -36.824 0.5714285970
82824  -25.584  3.449  -35.775 0.5714285970
82842  -25.069  3.647  -36.704 0.5714285970
85192  -25.537  5.304  -36.328 0.7142857313
90561  -27.609  9.865  -35.229 0.4285714328
90573  -27.268  10.456  -36.116 0.4285714328
90574  -27.886  11.363  -35.840 0.4285714328
85147  -28.421  5.417  -32.929 0.4285714328
88497  -27.932  8.659  -34.068 0.4285714328
87452  -27.400  7.311  -34.406 0.4285714328
89514  -28.400  9.160  -33.729 0.4285714328
74305  -27.586  -3.998  -30.159 0.1428571492
86328  -28.434  6.403  -32.941 0.4285714328
87436  -28.151  7.129  -33.233 0.4285714328
88482  -27.956  8.066  -33.638 0.4285714328
75408  -28.143  -2.483  -30.250 0.1428571492
77832  -28.908  0.259  -31.021 0.2857142985
83952  -29.999  3.802  -30.956 0.2857142985
85131  -30.027  5.595  -31.537 0.2857142985
83988  -29.783  5.052  -31.803 0.2857142985
81563  -29.365  2.393  -31.541 0.4285714328
86313  -29.761  6.313  -31.851 0.2857142985
85130  -29.580  5.452  -32.088 0.2857142985
82772  -29.159  3.655  -32.078 0.2857142985
87422  -29.442  7.047  -32.260 0.2857142985
86312  -29.107  6.135  -32.496 0.4285714328
74306  -28.068  -3.659  -29.811 0.1428571492
75392  -28.661  -2.758  -29.653 0.1428571492
76543  -28.701  -1.807  -29.708 0.2857142985
76566  -28.793  -1.016  -29.879 0.2857142985
80318  -30.100  1.229  -30.029 0.2857142985
81547  -30.370  2.529  -30.395 0.2857142985
81546  -29.846  2.476  -30.912 0.2857142985
80360  -29.349  1.626  -31.286 0.2857142985
82743  -29.880  3.274  -30.945 0.2857142985
77783  -30.210  -0.374  -29.004 0.2857142985
75393  -29.312  -2.447  -29.117 0.2857142985
77782  -29.558  -0.299  -29.550 0.2857142985
76544  -29.435  -1.144  -29.355 0.2857142985
79085  -29.588  0.814  -30.377 0.2857142985
69306  -27.242  -7.494  -27.698 0.2857142985
71914  -27.895  -5.376  -28.875 0.1428571492
71890  -27.151  -5.715  -29.160 0.2857142985
73134  -28.597  -4.792  -28.563 0.1428571492
65740  -26.563  -10.613  -26.702 0.2857142985
64468  -25.998  -11.262  -26.652 0.2857142985
64482  -25.048  -11.392  -27.032 0.2857142985
70619  -27.584  -6.462  -28.164 0.2857142985
64467  -25.538  -11.777  -26.643 0.2857142985
61915  -25.406  -12.594  -26.373 0.1428571492
79060  -30.405  0.781  -29.319 0.2857142985
82744  -30.330  3.328  -30.462 0.2857142985
80339  -29.797  1.715  -30.758 0.2857142985
83971  -30.011  4.734  -31.416 0.2857142985
82771  -28.713  3.625  -32.527 0.4285714328
85129  -29.114  5.199  -32.499 0.4285714328
88467  -28.479  7.770  -32.988 0.4285714328
90562  -28.029  10.758  -35.277 0.2857142985
91761  -28.059  12.224  -35.906 0.2857142985
99782  -22.904  18.488  -39.202 0.7142857313
92940  -26.428  12.618  -37.093 0.7142857313
97515  -23.663  17.104  -37.977 0.8571428657
102049  -22.210  20.294  -40.437 0.5714285970
102036  -23.465  20.093  -39.134 0.7142857313
92942  -27.562  13.061  -36.782 0.2857142985
106193  -22.172  24.207  -42.476 0.2857142985
100922  -25.970  19.272  -38.563 0.4285714328
105178  -25.926  23.319  -40.785 0.2857142985
104149  -26.301  22.067  -40.716 0.1428571492
108230  -22.965  25.960  -43.309 0.2857142985
65741  -27.241  -10.208  -26.601 0.1428571492
65768  -24.824  -10.258  -27.917 0.2857142985
68182  -28.098  -8.383  -26.798 0.1428571492
71891  -27.590  -5.817  -28.803 0.1428571492
74281  -28.794  -4.147  -28.923 0.1428571492
74282  -29.584  -3.457  -28.473 0.1428571492
75360  -29.748  -2.613  -28.527 0.1428571492
77811  -28.626  -0.507  -30.684 0.2857142985
77812  -29.049  -0.179  -30.320 0.2857142985
81521  -30.832  2.568  -29.819 0.2857142985
79109  -28.769  0.613  -31.419 0.2857142985
83953  -30.320  4.144  -30.631 0.2857142985
81640  -25.469  2.209  -35.906 0.5714285970
81562  -28.933  2.108  -31.816 0.2857142985
81666  -24.543  2.974  -37.903 0.2857142985
87402  -29.901  7.131  -31.678 0.2857142985
88468  -29.063  8.024  -32.370 0.2857142985
84063  -25.105  4.570  -37.191 0.7142857313
85215  -24.055  5.543  -38.767 0.4285714328
85202  -24.817  5.417  -37.636 0.5714285970
88544  -23.254  8.417  -39.525 0.2857142985
87494  -23.660  7.422  -38.819 0.5714285970
89497  -28.544  8.483  -33.092 0.2857142985
87435  -27.664  7.170  -33.824 0.4285714328
89515  -28.856  9.655  -33.511 0.1428571492
90546  -28.360  10.044  -34.434 0.4285714328
90545  -27.809  9.547  -34.765 0.4285714328
91729  -28.559  10.996  -34.681 0.1428571492
91747  -28.547  11.735  -35.214 0.1428571492
91773  -26.864  11.821  -36.920 0.5714285970
98612  -24.636  17.681  -37.894 0.8571428657
95270  -27.596  14.610  -37.945 0.2857142985
96389  -27.938  15.297  -38.120 0.1428571492
96388  -26.443  14.883  -38.170 0.4285714328
97519  -27.462  16.234  -39.063 0.1428571492
99783  -26.816  18.173  -39.955 0.1428571492
107201  -21.577  26.112  -40.180 0.1428571492
102039  -25.530  19.718  -38.554 0.5714285970
100935  -26.546  19.287  -39.420 0.1428571492
106186  -24.653  23.811  -40.434 0.2857142985
104142  -25.643  22.164  -40.433 0.2857142985
102065  -26.438  20.238  -40.136 0.2857142985
102074  -26.716  20.221  -41.029 0.1428571492
103129  -26.954  21.089  -41.518 0.1428571492
106196  -25.827  24.064  -41.250 0.2857142985
106197  -26.591  23.523  -41.685 0.1428571492
105188  -27.224  22.481  -41.930 0.1428571492
68172  -28.555  -8.586  -26.511 0.1428571492
73135  -29.182  -4.732  -28.008 0.1428571492
92926  -28.236  13.071  -36.101 0.2857142985
103143  -27.061  21.313  -42.814 0.1428571492
65754  -24.600  -10.863  -27.586 0.2857142985
65757  -26.629  -10.108  -26.872 0.2857142985
66988  -27.306  -9.574  -26.783 0.1428571492
68171  -27.964  -8.699  -26.662 0.1428571492
70604  -28.000  -6.890  -27.620 0.1428571492
76565  -28.344  -1.122  -30.466 0.2857142985
77831  -28.513  -0.262  -31.227 0.2857142985
81584  -29.060  3.104  -32.022 0.4285714328
89530  -27.897  9.132  -34.411 0.4285714328
89560  -24.649  9.159  -37.068 0.8571428657
103105  -23.752  21.440  -39.808 0.7142857313
105161  -23.314  22.723  -40.220 0.5714285970
106202  -20.608  24.387  -43.537 0.2857142985
73157  -28.083  -4.760  -29.085 0.1428571492
79110  -29.218  0.902  -31.010 0.2857142985
89559  -23.800  8.991  -37.876 0.5714285970
98611  -23.700  17.779  -38.192 0.8571428657
105186  -21.121  23.803  -43.349 0.2857142985
109176  -21.520  27.148  -42.635 0.1428571492
107232  -21.499  26.114  -43.424 0.2857142985
107233  -21.687  25.978  -43.446 0.2857142985
107216  -23.529  25.088  -42.083 0.2857142985
106194  -22.894  24.522  -41.917 0.2857142985
106203  -21.629  24.467  -43.047 0.2857142985
107224  -22.392  25.509  -42.921 0.2857142985
105170  -25.370  22.986  -40.465 0.2857142985
105179  -26.568  22.934  -41.208 0.1428571492
105180  -27.081  22.483  -41.697 0.1428571492
103128  -26.566  21.165  -40.774 0.1428571492
104158  -27.292  22.016  -42.009 0.1428571492
103118  -25.313  21.737  -40.192 0.4285714328
105169  -24.643  22.901  -40.293 0.5714285970
100947  -26.773  19.138  -40.658 0.1428571492
103107  -25.344  20.875  -39.487 0.4285714328
102052  -24.871  20.671  -39.002 0.5714285970
97517  -26.091  16.440  -37.945 0.5714285970
99766  -24.450  18.490  -38.195 0.7142857313
96387  -26.077  15.367  -37.870 0.5714285970
89558  -23.591  8.622  -38.460 0.5714285970
90597  -23.082  10.651  -39.040 0.4285714328
81667  -24.635  3.098  -37.087 0.5714285970
82857  -24.670  4.013  -38.023 0.4285714328
85216  -24.416  5.680  -38.185 0.4285714328
86389  -24.207  6.394  -38.270 0.5714285970
87486  -23.872  7.611  -38.123 0.5714285970
85227  -23.636  5.826  -39.202 0.2857142985
88529  -24.730  8.136  -37.060 0.8571428657
83987  -29.405  4.416  -32.034 0.2857142985
88481  -27.620  7.698  -34.098 0.4285714328
87421  -28.821  7.091  -32.748 0.4285714328
83970  -29.778  3.991  -31.238 0.2857142985
82755  -29.416  3.477  -31.640 0.2857142985
74307  -28.907  -3.307  -29.218 0.1428571492
80340  -30.321  1.800  -30.281 0.2857142985
79059  -29.783  0.358  -29.741 0.2857142985
64469  -27.030  -11.227  -26.236 0.1428571492
63183  -26.480  -11.727  -26.237 0.1428571492
64470  -27.532  -10.746  -26.132 0.1428571492
107189  -21.806  25.890  -39.510 0.1428571492
65742  -27.984  -10.292  -25.999 0.1428571492
69294  -28.811  -8.062  -26.697 0.1428571492
107181  -21.231  25.565  -38.887 0.1428571492
99781  -22.321  18.402  -40.040 0.5714285970
97551  -21.919  16.217  -40.102 0.4285714328
98652  -21.650  17.367  -40.310 0.4285714328
98630  -22.383  17.491  -39.608 0.5714285970
94151  -22.297  13.328  -39.357 0.4285714328
96434  -21.896  14.881  -40.272 0.4285714328
97534  -22.608  16.744  -39.044 0.5714285970
87379  -30.913  6.548  -30.480 0.1428571492
86297  -30.172  6.608  -31.420 0.1428571492
74354  -25.004  -4.304  -32.562 0.2857142985
86233  -32.534  5.664  -28.593 0.1428571492
85094  -31.026  5.250  -29.700 0.1428571492
86256  -32.536  6.379  -28.831 0.1428571492
86278  -31.279  6.223  -29.830 0.1428571492
86257  -33.335  6.913  -28.536 0.1428571492
73188  -25.576  -4.803  -31.578 0.2857142985
82714  -31.507  3.548  -29.258 0.1428571492
83903  -31.818  4.316  -28.616 0.1428571492
83923  -30.743  4.096  -30.023 0.1428571492
85075  -31.395  4.980  -29.006 0.1428571492
85055  -34.042  5.627  -27.797 0.1428571492
85053  -32.326  5.082  -28.413 0.1428571492
85076  -36.135  5.481  -29.203 0.1428571492
86236  -35.144  6.526  -28.394 0.1428571492
86259  -35.296  7.143  -28.957 0.1428571492
73203  -24.781  -5.249  -32.201 0.2857142985
79061  -30.892  1.283  -28.867 0.1428571492
80296  -31.430  1.784  -28.596 0.1428571492
80320  -31.133  1.865  -29.124 0.1428571492
80319  -30.712  1.822  -29.667 0.1428571492
81522  -31.365  2.559  -29.228 0.1428571492
82693  -32.285  3.632  -27.830 0.1428571492
82692  -31.804  3.246  -28.545 0.1428571492
83905  -33.714  4.652  -27.525 0.1428571492
83906  -34.753  4.958  -27.406 0.1428571492
83908  -36.134  4.872  -28.421 0.1428571492
85057  -35.829  5.787  -28.224 0.1428571492
71955  -24.949  -5.819  -31.554 0.2857142985
70687  -24.373  -6.532  -31.278 0.2857142985
77754  -30.784  -0.463  -28.437 0.1428571492
79037  -31.272  0.900  -28.120 0.1428571492
80279  -31.815  1.717  -27.735 0.1428571492
82674  -32.809  3.457  -27.285 0.1428571492
81503  -31.799  2.438  -28.191 0.1428571492
82676  -34.891  3.397  -26.506 0.1428571492
83907  -35.711  4.707  -27.639 0.1428571492
83883  -35.139  3.975  -27.250 0.1428571492
85095  -36.295  5.591  -30.399 0.1428571492
76545  -30.055  -1.174  -28.760 0.1428571492
77755  -31.274  -0.404  -27.852 0.1428571492
76511  -31.279  -1.103  -27.815 0.1428571492
79018  -32.268  0.791  -26.571 0.1428571492
77731  -31.651  -0.407  -26.824 0.1428571492
80257  -33.998  1.973  -25.979 0.1428571492
81468  -34.717  2.691  -26.154 0.1428571492
80256  -32.946  2.067  -26.446 0.1428571492
82653  -34.978  3.003  -26.180 0.1428571492
82697  -36.377  3.747  -28.236 0.1428571492
82677  -35.733  3.266  -26.820 0.1428571492
82715  -36.589  3.576  -29.496 0.1428571492
83925  -36.379  4.459  -29.052 0.1428571492
76490  -31.399  -1.435  -27.046 0.1428571492
76509  -29.888  -1.883  -28.603 0.1428571492
77708  -32.839  -0.292  -25.852 0.1428571492
77707  -32.204  -0.577  -26.383 0.1428571492
76467  -31.843  -0.940  -26.548 0.1428571492
78997  -32.988  0.952  -25.934 0.1428571492
78996  -32.285  0.163  -26.479 0.1428571492
79000  -35.806  0.705  -26.567 0.1428571492
78999  -35.266  0.862  -26.003 0.1428571492
80259  -35.616  1.743  -26.443 0.1428571492
81493  -36.146  2.588  -26.981 0.1428571492
81469  -35.106  2.757  -26.064 0.1428571492
82654  -35.229  2.991  -26.260 0.1428571492
76449  -33.989  -0.839  -24.843 0.1428571492
76468  -32.337  -1.342  -26.078 0.1428571492
77687  -35.449  -0.836  -25.742 0.1428571492
76470  -34.453  -0.545  -25.135 0.1428571492
77710  -35.041  -0.011  -25.475 0.1428571492
81505  -36.460  2.530  -27.852 0.1428571492
79001  -36.166  0.657  -27.117 0.1428571492
77709  -33.841  0.044  -25.361 0.1428571492
79017  -31.627  0.648  -27.080 0.1428571492
81466  -32.906  2.612  -26.739 0.1428571492
83955  -36.424  4.531  -30.001 0.1428571492
85054  -33.110  5.284  -28.128 0.1428571492
85056  -34.946  6.002  -28.081 0.1428571492
85113  -30.450  5.226  -30.971 0.1428571492
81523  -36.701  2.568  -28.969 0.1428571492
82745  -36.486  3.509  -30.618 0.1428571492
85115  -36.231  5.708  -31.525 0.1428571492
86237  -35.736  6.341  -28.852 0.1428571492
86260  -35.985  6.652  -29.710 0.1428571492
86258  -34.351  7.220  -28.524 0.1428571492
87403  -30.627  7.220  -31.018 0.1428571492
88446  -29.541  7.556  -31.943 0.1428571492
99798  -21.660  18.340  -40.699 0.4285714328
105194  -26.862  23.468  -44.331 0.1428571492
70688  -24.983  -6.331  -30.947 0.2857142985
106212  -26.440  24.689  -43.544 0.1428571492
86298  -30.451  6.170  -31.067 0.1428571492
76510  -30.776  -1.339  -28.204 0.1428571492
79036  -30.788  0.297  -28.595 0.1428571492
82713  -30.830  3.379  -29.923 0.1428571492
89498  -29.071  9.255  -32.951 0.1428571492
83954  -30.719  4.567  -30.020 0.1428571492
86277  -30.718  5.766  -30.380 0.1428571492
86255  -31.723  5.766  -28.986 0.1428571492
87360  -31.893  6.595  -29.373 0.1428571492
86234  -33.334  6.026  -28.424 0.1428571492
87380  -31.505  7.276  -30.018 0.1428571492
87361  -32.481  7.197  -29.199 0.1428571492
86235  -34.241  6.447  -28.177 0.1428571492
83924  -31.201  4.299  -29.554 0.1428571492
83904  -32.654  4.569  -27.927 0.1428571492
83881  -32.977  4.140  -27.351 0.1428571492
81489  -32.394  2.545  -27.404 0.1428571492
82695  -34.516  4.199  -27.182 0.1428571492
82694  -34.026  4.130  -27.035 0.1428571492
83884  -35.564  3.854  -27.366 0.1428571492
81488  -31.983  2.235  -27.788 0.1428571492
80280  -32.277  1.460  -26.823 0.1428571492
81491  -33.963  2.961  -26.462 0.1428571492
81467  -33.577  2.673  -26.497 0.1428571492
82678  -36.202  3.202  -27.399 0.1428571492
80258  -34.967  1.981  -25.878 0.1428571492
78998  -34.454  0.746  -25.569 0.1428571492
76450  -34.631  -1.029  -24.918 0.1428571492
80281  -35.988  2.151  -26.689 0.1428571492
80297  -36.619  1.374  -28.509 0.1428571492
77686  -35.085  -0.812  -25.263 0.1428571492
60694  -24.216  -13.367  -27.214 0.1428571492
63181  -25.195  -12.201  -26.675 0.1428571492
63193  -23.666  -12.131  -27.721 0.1428571492
63194  -24.484  -12.159  -27.134 0.1428571492
64481  -24.195  -11.440  -27.580 0.1428571492
67014  -24.531  -9.465  -28.695 0.1428571492
67027  -23.974  -9.488  -29.292 0.1428571492
69362  -24.012  -8.064  -30.302 0.1428571492
68206  -24.091  -8.764  -29.614 0.1428571492
69337  -24.746  -7.676  -29.712 0.1428571492
67025  -22.653  -9.258  -29.523 0.1428571492
68220  -23.278  -8.353  -30.346 0.1428571492
70663  -23.978  -7.001  -31.123 0.1428571492
69381  -22.894  -6.945  -31.340 0.1428571492
70702  -23.157  -6.275  -31.951 0.1428571492
71969  -24.106  -5.645  -32.217 0.1428571492
71953  -23.664  -6.114  -31.995 0.1428571492
73202  -24.028  -4.794  -32.720 0.2857142985
79178  -25.540  0.164  -35.572 0.4285714328
80435  -25.564  1.148  -35.966 0.4285714328
91789  -22.833  11.429  -39.455 0.2857142985
92966  -22.478  12.321  -39.786 0.2857142985
97550  -21.219  16.289  -40.781 0.2857142985
71970  -24.526  -5.719  -31.952 0.1428571492
73214  -23.565  -4.515  -33.134 0.1428571492
74353  -24.423  -4.224  -33.047 0.2857142985
67013  -23.635  -9.977  -28.980 0.1428571492
68205  -23.283  -8.863  -29.859 0.1428571492
69360  -22.548  -7.331  -30.976 0.1428571492
70701  -22.823  -6.118  -32.127 0.1428571492
71968  -23.334  -5.743  -32.428 0.1428571492
73201  -23.120  -4.972  -32.804 0.1428571492
74366  -24.031  -4.074  -33.768 0.2857142985
75441  -24.684  -3.742  -33.146 0.2857142985
75460  -24.751  -3.151  -33.760 0.2857142985
75461  -25.352  -2.368  -33.803 0.2857142985
76622  -25.627  -1.389  -33.987 0.4285714328
77880  -25.500  -0.767  -34.940 0.4285714328
77891  -25.244  -0.849  -36.080 0.2857142985
91797  -22.487  11.669  -40.132 0.2857142985
92971  -22.232  12.121  -40.316 0.2857142985
94160  -22.031  12.807  -40.201 0.2857142985
96433  -21.319  15.149  -40.749 0.2857142985
90596  -22.727  10.334  -39.746 0.2857142985
90604  -22.452  10.889  -40.166 0.2857142985
94159  -21.502  13.066  -40.633 0.2857142985
95308  -21.414  14.037  -40.877 0.2857142985
95309  -21.879  13.770  -40.224 0.2857142985
95307  -20.806  14.207  -41.022 0.2857142985
92970  -21.763  12.222  -40.503 0.2857142985
92969  -21.216  12.324  -40.660 0.2857142985
70664  -24.496  -7.087  -30.618 0.1428571492
65767  -23.915  -10.646  -28.179 0.1428571492
70686  -23.477  -6.688  -31.466 0.1428571492
61925  -24.184  -12.772  -27.292 0.1428571492
65766  -22.954  -10.556  -28.672 0.1428571492
68221  -23.671  -8.518  -30.042 0.1428571492
69361  -23.450  -7.523  -30.894 0.1428571492
69382  -23.091  -7.157  -31.221 0.1428571492
76639  -25.339  -1.736  -34.837 0.4285714328
94158  -21.015  13.213  -40.991 0.2857142985
80449  -24.783  1.025  -37.149 0.2857142985
79191  -25.081  0.291  -36.666 0.2857142985
80459  -24.686  2.405  -37.159 0.2857142985
147878  -25.242  27.227  -45.725 0.1428571492
147864  -24.886  26.747  -43.744 0.1428571492
107236  -25.065  26.278  -43.230 0.1428571492
106211  -25.728  25.421  -43.271 0.1428571492
109229  -24.564  28.061  -46.262 0.1428571492
108249  -24.342  26.582  -43.327 0.1428571492
108247  -22.495  26.441  -43.662 0.1428571492
110144  -22.355  28.754  -43.886 0.1428571492
147876  -26.417  25.745  -45.450 0.1428571492
106206  -25.428  25.059  -42.493 0.1428571492
147860  -25.713  26.276  -43.979 0.1428571492
107237  -25.949  25.672  -43.837 0.1428571492
106205  -24.632  25.396  -42.241 0.1428571492
107226  -24.806  25.702  -42.560 0.1428571492
109222  -23.391  27.447  -44.541 0.1428571492
109206  -22.349  27.490  -44.020 0.1428571492
109207  -22.836  27.130  -43.990 0.1428571492
109186  -21.602  26.989  -43.335 0.1428571492
108246  -21.806  26.517  -43.636 0.1428571492
107235  -24.262  26.320  -43.064 0.1428571492
108248  -23.629  26.467  -43.356 0.1428571492
109227  -24.294  27.390  -44.748 0.1428571492
109226  -23.862  28.230  -45.663 0.1428571492
147872  -25.176  26.790  -44.274 0.1428571492
109223  -23.956  27.276  -44.411 0.1428571492
110177  -23.921  28.582  -46.675 0.1428571492
108251  -23.284  26.942  -43.867 0.1428571492
147873  -26.306  26.044  -44.757 0.1428571492
90603  -21.872  10.641  -40.512 0.1428571492
91796  -22.095  11.511  -40.452 0.1428571492
94150  -20.567  13.375  -40.454 0.1428571492
95284  -19.419  14.461  -38.969 0.1428571492
95297  -19.906  14.340  -39.719 0.1428571492
89577  -22.721  9.849  -39.893 0.1428571492
95298  -20.355  14.259  -40.393 0.1428571492
96403  -19.276  15.255  -38.806 0.1428571492
97548  -19.957  16.357  -40.314 0.1428571492
98649  -19.731  17.054  -40.092 0.2857142985
84074  -24.395  4.745  -38.572 0.2857142985
84084  -24.261  4.222  -39.206 0.1428571492
88551  -23.004  8.488  -40.125 0.1428571492
89585  -22.434  9.705  -40.226 0.1428571492
91795  -21.477  11.477  -40.556 0.1428571492
96432  -20.572  15.294  -40.588 0.1428571492
98651  -21.070  17.318  -40.873 0.1428571492
99797  -20.957  18.260  -40.857 0.2857142985
102048  -20.585  20.102  -39.261 0.2857142985
102034  -20.527  20.009  -38.286 0.2857142985
103101  -20.854  21.145  -39.192 0.2857142985
105128  -21.259  23.724  -36.402 0.1428571492
99796  -20.121  18.078  -40.258 0.2857142985
100945  -20.896  19.228  -40.801 0.2857142985
102064  -21.554  20.229  -40.752 0.2857142985
102063  -20.985  20.217  -40.629 0.2857142985
100932  -20.183  19.263  -39.360 0.2857142985
102062  -20.636  20.182  -40.108 0.2857142985
103115  -20.718  21.159  -40.196 0.2857142985
104129  -20.907  22.446  -39.006 0.1428571492
102035  -20.759  20.331  -37.769 0.2857142985
106145  -21.541  24.892  -37.412 0.1428571492
100918  -19.967  19.249  -38.450 0.1428571492
98629  -19.551  16.863  -39.353 0.2857142985
104130  -21.340  21.909  -38.282 0.1428571492
103102  -21.179  21.469  -38.536 0.2857142985
104122  -21.446  22.548  -37.789 0.1428571492
103085  -21.088  21.420  -36.714 0.1428571492
97513  -19.314  15.842  -38.455 0.2857142985
102025  -20.711  20.172  -37.054 0.1428571492
104107  -21.076  23.006  -35.817 0.1428571492
96381  -18.808  15.096  -37.495 0.1428571492
95271  -28.135  14.451  -37.101 0.1428571492
87510  -23.139  7.577  -39.946 0.1428571492
88549  -21.883  8.727  -40.360 0.1428571492
89584  -21.435  9.659  -40.324 0.1428571492
91788  -20.843  11.529  -40.403 0.1428571492
91787  -20.308  11.634  -39.859 0.1428571492
92965  -20.733  12.450  -40.374 0.1428571492
94135  -19.533  13.607  -39.072 0.1428571492
96420  -20.204  14.816  -40.157 0.1428571492
96431  -20.222  15.868  -40.418 0.1428571492
99780  -19.842  18.427  -39.477 0.1428571492
100944  -20.431  19.225  -40.173 0.2857142985
102016  -20.290  20.316  -35.973 0.1428571492
104121  -21.053  23.134  -38.548 0.1428571492
104115  -21.269  22.713  -36.537 0.1428571492
92943  -27.934  13.217  -36.526 0.1428571492
94125  -27.846  13.650  -36.798 0.1428571492
94105  -28.336  13.868  -36.437 0.1428571492
100946  -21.642  19.281  -40.961 0.2857142985
86396  -23.343  6.784  -39.517 0.1428571492
89578  -22.938  9.509  -39.582 0.1428571492
97549  -20.550  16.403  -40.703 0.1428571492
90602  -21.090  10.644  -40.455 0.1428571492
89583  -20.752  9.987  -40.088 0.1428571492
94149  -20.080  13.493  -39.733 0.1428571492
96419  -19.869  15.335  -39.854 0.1428571492
89586  -22.822  9.089  -40.204 0.1428571492
97533  -19.626  16.152  -39.493 0.1428571492
88550  -22.528  8.634  -40.313 0.1428571492
98650  -20.371  17.254  -40.606 0.2857142985
99795  -19.681  17.426  -39.840 0.2857142985
103092  -21.045  20.750  -38.310 0.2857142985
105117  -21.406  23.801  -35.701 0.1428571492
103093  -21.279  21.175  -37.745 0.2857142985
106159  -22.010  25.114  -37.905 0.1428571492
99779  -19.619  17.597  -39.427 0.1428571492
73212  -22.383  -3.943  -33.270 0.1428571492
74376  -23.718  -3.196  -34.272 0.1428571492
74377  -24.243  -3.091  -34.334 0.1428571492
75457  -21.696  -2.440  -33.521 0.1428571492
76621  -22.617  -2.076  -34.559 0.1428571492
76636  -22.879  -1.638  -35.106 0.1428571492
75472  -23.011  -2.355  -34.680 0.1428571492
76644  -23.246  -1.084  -35.615 0.1428571492
75473  -23.826  -2.368  -34.960 0.1428571492
75474  -24.873  -2.456  -34.665 0.1428571492
77890  -24.469  -1.038  -36.332 0.1428571492
76647  -25.219  -1.450  -35.438 0.1428571492
77888  -22.575  -0.526  -35.456 0.1428571492
77889  -23.591  -0.552  -36.256 0.1428571492
77897  -24.364  -0.304  -36.774 0.1428571492
79190  -24.168  0.596  -37.233 0.1428571492
81665  -23.973  2.560  -38.097 0.1428571492
98610  -19.492  16.857  -38.678 0.1428571492
75475  -25.378  -2.041  -34.370 0.1428571492
74364  -22.239  -3.222  -33.471 0.1428571492
102024  -20.419  19.755  -37.586 0.1428571492
74365  -23.052  -3.495  -33.844 0.1428571492
76638  -25.026  -1.976  -35.279 0.1428571492
75459  -23.249  -2.823  -34.384 0.1428571492
75458  -22.536  -2.617  -34.147 0.1428571492
76620  -22.021  -1.627  -34.288 0.1428571492
76637  -23.538  -1.863  -35.228 0.1428571492
76645  -23.839  -1.553  -35.616 0.1428571492
75481  -24.561  -2.140  -35.272 0.1428571492
79177  -22.884  0.166  -36.061 0.1428571492
76646  -24.701  -1.622  -35.699 0.1428571492
77887  -21.863  -0.010  -35.263 0.1428571492
73199  -21.627  -4.088  -32.727 0.1428571492
64452  -27.399  -11.591  -25.745 0.1428571492
65755  -25.179  -10.624  -27.373 0.4285714328
65756  -25.905  -10.181  -27.164 0.4285714328
67001  -26.845  -9.435  -27.123 0.1428571492
67026  -23.415  -9.382  -29.408 0.1428571492
68195  -26.201  -8.248  -28.127 0.4285714328
69305  -26.740  -7.780  -27.905 0.4285714328
70638  -25.676  -6.336  -29.720 0.2857142985
71954  -24.206  -6.118  -31.779 0.1428571492
74325  -27.225  -3.793  -30.681 0.1428571492
75480  -24.248  -1.954  -35.425 0.1428571492
76469  -33.593  -0.939  -25.102 0.1428571492
77847  -26.426  -0.329  -32.960 0.7142857313
77898  -24.829  -0.526  -36.531 0.1428571492
80260  -35.926  1.175  -26.857 0.1428571492
81490  -33.045  3.091  -26.972 0.1428571492
81492  -35.633  2.613  -26.471 0.1428571492
81504  -31.981  2.980  -27.960 0.1428571492
82675  -33.528  3.757  -27.007 0.1428571492
82696  -35.920  3.753  -27.461 0.1428571492
83882  -33.538  4.200  -27.259 0.1428571492
84004  -27.023  3.900  -33.871 0.7142857313
84073  -24.083  5.006  -38.871 0.4285714328
85052  -31.816  5.138  -28.673 0.1428571492
85093  -30.598  5.007  -30.333 0.1428571492
86232  -32.093  5.429  -28.653 0.1428571492
86314  -30.096  6.180  -31.468 0.1428571492
91790  -23.188  11.266  -38.831 0.5714285970
94152  -22.545  13.498  -38.693 0.8571428657
97497  -25.738  15.829  -37.643 0.7142857313
100921  -25.127  19.204  -38.394 0.5714285970
104140  -24.360  22.358  -40.213 0.5714285970
104156  -20.152  22.871  -43.050 0.4285714328
104157  -27.259  22.366  -42.291 0.1428571492
104164  -27.199  21.614  -42.477 0.1428571492
105175  -20.983  22.909  -42.849 0.5714285970
105177  -22.334  23.935  -42.249 0.2857142985
105184  -19.922  23.202  -43.179 0.2857142985
105187  -27.147  22.873  -42.088 0.1428571492
106170  -23.071  23.300  -40.406 0.4285714328
106201  -20.094  23.669  -43.449 0.4285714328
108229  -22.442  25.919  -43.406 0.2857142985
108252  -24.240  26.915  -43.931 0.1428571492
109205  -21.725  26.812  -43.678 0.1428571492
