#!ascii label  , from subject sub001 vox2ras=TkReg
1279
70477  12.514  -8.070  53.442 0.0000000000
65907  7.359  -12.462  35.977 0.0000000000
63151  7.561  -14.501  53.242 0.0000000000
72833  7.137  -6.368  49.750 0.0000000000
76687  6.126  -3.197  40.593 0.0000000000
68031  10.830  -10.693  55.485 0.0000000000
74026  8.311  -6.765  53.590 0.0000000000
69317  15.615  -9.700  51.104 0.0000000000
64426  13.081  -12.444  53.103 0.0000000000
59256  10.347  -16.156  52.718 0.0000000000
80179  5.958  -0.355  50.151 0.0000000000
72898  6.979  -4.687  44.328 0.0000000000
83770  6.159  2.713  46.184 0.0000000000
61825  6.211  -15.383  49.897 0.0000000000
66931  5.216  -11.686  46.916 0.0000000000
68061  7.581  -10.786  50.845 0.0000000000
76583  5.907  -3.599  52.901 0.0000000000
69411  7.819  -10.144  42.448 0.0000000000
70664  9.930  -8.372  37.450 0.0000000000
73048  6.911  -6.600  31.865 0.0000000000
80311  6.792  -1.277  36.821 0.0000000000
70467  12.103  -9.346  54.996 0.0000000000
72766  10.651  -7.474  54.144 0.0000000000
69300  14.786  -8.883  52.639 0.0000000000
68051  14.198  -11.131  52.114 0.0000000000
69287  13.438  -10.235  54.606 0.0000000000
65599  12.461  -11.371  55.044 0.0000000000
81346  6.416  1.165  48.455 0.0000000000
61816  5.993  -14.806  51.723 0.0000000000
64443  5.395  -13.270  50.720 0.0000000000
65616  7.441  -12.488  52.067 0.0000000000
76578  7.726  -3.778  53.486 0.0000000000
74033  6.628  -5.748  53.061 0.0000000000
60511  9.264  -15.693  53.575 0.0000000000
58011  8.848  -16.830  51.807 0.0000000000
60525  7.658  -16.614  52.267 0.0000000000
59279  6.369  -17.488  50.125 0.0000000000
68104  7.487  -10.410  48.269 0.0000000000
68137  5.914  -10.913  44.772 0.0000000000
70562  9.289  -8.307  46.493 0.0000000000
74162  6.510  -3.867  42.451 0.0000000000
72968  8.906  -5.967  40.871 0.0000000000
72996  8.313  -5.271  38.410 0.0000000000
70698  9.420  -8.092  34.564 0.0000000000
73026  7.831  -4.861  36.345 0.0000000000
146350  9.328  -12.759  54.068 0.0000000000
68038  8.609  -10.714  53.562 0.0000000000
71610  9.436  -8.557  54.751 0.0000000000
75285  9.096  -5.767  54.068 0.0000000000
66879  15.758  -9.717  49.487 0.0000000000
65661  14.416  -10.585  48.070 0.0000000000
65630  13.683  -11.199  50.423 0.0000000000
64440  12.576  -12.919  50.978 0.0000000000
60515  11.218  -14.845  52.871 0.0000000000
61786  10.334  -13.944  53.921 0.0000000000
75333  5.491  -4.403  49.272 0.0000000000
72871  7.133  -5.180  46.906 0.0000000000
76627  5.807  -3.131  47.526 0.0000000000
79063  6.038  -1.179  46.046 0.0000000000
81392  5.997  0.193  43.371 0.0000000000
71645  13.597  -7.200  51.369 0.0000000000
68117  18.753  -8.838  46.779 0.0000000000
70523  19.575  -7.849  48.616 0.0000000000
70497  16.744  -8.406  50.639 0.0000000000
71631  16.027  -7.859  51.608 0.0000000000
59308  6.314  -16.959  47.346 0.0000000000
63229  6.599  -14.682  45.887 0.0000000000
64482  5.822  -13.321  48.233 0.0000000000
66896  6.546  -11.785  49.203 0.0000000000
70513  7.538  -8.363  50.869 0.0000000000
70478  7.578  -8.547  52.683 0.0000000000
71635  6.432  -7.167  52.099 0.0000000000
74054  6.050  -5.235  51.215 0.0000000000
77840  5.644  -2.352  51.848 0.0000000000
64558  5.656  -12.722  43.471 0.0000000000
66998  5.126  -11.400  41.654 0.0000000000
68202  5.169  -10.836  39.405 0.0000000000
72912  9.406  -6.821  44.512 0.0000000000
69427  9.410  -9.456  39.946 0.0000000000
69471  6.195  -10.207  37.265 0.0000000000
69515  6.146  -10.236  34.669 0.0000000000
69555  5.682  -10.086  31.176 0.0000000000
83785  8.548  2.882  44.059 0.0000000000
82634  7.146  0.804  42.141 0.0000000000
81461  9.587  0.305  39.839 0.0000000000
79119  6.027  -1.820  39.301 0.0000000000
76804  5.939  -3.214  35.373 0.0000000000
71622  12.024  -8.415  53.877 0.0000000000
72771  11.466  -7.826  53.839 0.0000000000
72778  12.142  -6.970  52.573 0.0000000000
70481  13.400  -8.203  53.174 0.0000000000
69291  13.826  -9.665  53.476 0.0000000000
70470  13.318  -9.680  54.158 0.0000000000
69288  13.061  -9.673  54.672 0.0000000000
65942  8.153  -12.832  34.415 0.0000000000
65924  6.410  -12.304  34.648 0.0000000000
61807  6.177  -14.951  53.535 0.0000000000
63159  6.337  -14.384  52.685 0.0000000000
63158  7.167  -14.085  52.957 0.0000000000
65675  16.250  -10.170  46.682 0.0000000000
61800  8.363  -14.458  53.345 0.0000000000
60518  8.357  -15.971  52.782 0.0000000000
60514  7.267  -15.509  52.932 0.0000000000
60520  7.110  -15.716  52.286 0.0000000000
70541  8.455  -8.594  48.853 0.0000000000
70553  8.726  -8.752  47.649 0.0000000000
71699  8.582  -7.202  47.930 0.0000000000
75409  6.029  -3.386  41.849 0.0000000000
74188  7.445  -4.475  40.484 0.0000000000
74204  6.885  -4.424  39.736 0.0000000000
73006  8.160  -5.432  37.524 0.0000000000
74218  6.525  -3.963  38.842 0.0000000000
66840  10.060  -11.523  55.063 0.0000000000
69278  9.819  -10.222  54.631 0.0000000000
70461  10.280  -9.329  55.087 0.0000000000
74022  9.992  -6.432  53.976 0.0000000000
75296  8.681  -4.372  53.104 0.0000000000
68058  15.698  -9.619  50.279 0.0000000000
65637  14.879  -10.129  49.638 0.0000000000
66872  14.757  -10.447  50.761 0.0000000000
66857  13.464  -11.911  52.449 0.0000000000
65620  13.453  -11.776  51.721 0.0000000000
65622  12.916  -12.540  52.023 0.0000000000
63154  12.169  -13.265  53.079 0.0000000000
66837  11.652  -11.118  55.255 0.0000000000
64413  11.646  -11.975  54.443 0.0000000000
64407  10.514  -12.464  54.337 0.0000000000
63137  9.986  -13.260  54.476 0.0000000000
77846  5.753  -2.214  49.818 0.0000000000
76614  5.611  -3.065  48.816 0.0000000000
77856  5.713  -1.983  48.912 0.0000000000
82558  6.107  2.029  46.798 0.0000000000
81367  6.164  0.385  46.683 0.0000000000
81375  6.063  1.150  45.554 0.0000000000
80230  6.024  -0.409  44.086 0.0000000000
82575  6.284  1.712  45.019 0.0000000000
70510  17.443  -8.257  49.547 0.0000000000
60544  6.407  -16.233  48.349 0.0000000000
61830  6.236  -14.853  47.953 0.0000000000
63177  6.121  -14.158  49.374 0.0000000000
66874  6.524  -12.557  50.501 0.0000000000
66885  6.110  -12.776  50.141 0.0000000000
68073  7.223  -11.177  50.104 0.0000000000
68072  7.505  -10.487  49.725 0.0000000000
69312  7.663  -9.992  50.963 0.0000000000
71617  8.468  -8.441  53.659 0.0000000000
68044  8.225  -10.500  52.863 0.0000000000
71621  8.042  -8.147  53.301 0.0000000000
75292  6.148  -4.820  52.918 0.0000000000
72777  6.469  -6.522  52.710 0.0000000000
74039  5.270  -5.904  52.772 0.0000000000
72800  5.829  -6.039  52.351 0.0000000000
74044  5.856  -4.921  51.926 0.0000000000
76592  5.638  -3.341  51.224 0.0000000000
76588  5.772  -3.443  52.191 0.0000000000
65662  13.627  -10.947  48.293 0.0000000000
65696  13.351  -11.078  47.200 0.0000000000
57999  10.610  -16.060  52.055 0.0000000000
56730  9.935  -17.378  50.194 0.0000000000
56699  9.803  -16.854  51.469 0.0000000000
58020  7.895  -17.886  51.327 0.0000000000
55357  8.085  -18.771  50.472 0.0000000000
60539  6.436  -16.531  49.877 0.0000000000
59289  6.274  -17.487  48.974 0.0000000000
64505  5.599  -13.214  46.358 0.0000000000
63243  5.954  -13.517  44.706 0.0000000000
66946  4.576  -11.870  45.501 0.0000000000
69392  7.566  -10.280  44.380 0.0000000000
68165  5.072  -11.105  43.078 0.0000000000
68174  5.460  -10.686  41.897 0.0000000000
67019  4.592  -11.128  40.262 0.0000000000
68182  6.400  -10.362  40.797 0.0000000000
72881  7.175  -4.848  45.565 0.0000000000
72879  8.335  -6.080  46.096 0.0000000000
72914  8.171  -5.594  43.789 0.0000000000
71798  10.229  -7.103  39.572 0.0000000000
70621  10.138  -8.399  40.545 0.0000000000
69436  9.350  -9.432  38.839 0.0000000000
68199  7.553  -10.277  38.721 0.0000000000
69470  7.340  -10.020  37.088 0.0000000000
69488  6.584  -10.115  36.280 0.0000000000
69486  8.792  -9.430  35.782 0.0000000000
71867  8.358  -7.739  33.005 0.0000000000
69527  8.137  -9.025  32.816 0.0000000000
70734  6.981  -8.588  31.506 0.0000000000
83796  9.327  2.462  43.490 0.0000000000
83808  7.863  1.757  42.912 0.0000000000
82611  9.349  1.725  42.150 0.0000000000
80308  9.559  -0.837  37.592 0.0000000000
80294  7.842  -0.790  38.349 0.0000000000
80278  7.199  -0.574  39.413 0.0000000000
79126  6.229  -1.580  37.550 0.0000000000
76767  6.225  -3.297  36.652 0.0000000000
77991  5.557  -2.256  35.751 0.0000000000
70459  11.417  -9.384  55.323 0.0000000000
71608  10.447  -8.661  54.854 0.0000000000
72765  11.114  -8.107  54.117 0.0000000000
69299  15.330  -9.477  52.231 0.0000000000
66873  14.840  -10.488  51.444 0.0000000000
69294  14.186  -10.022  53.014 0.0000000000
68047  13.724  -10.858  53.365 0.0000000000
66850  13.121  -11.836  53.883 0.0000000000
64421  12.726  -12.180  53.914 0.0000000000
68034  13.650  -10.868  55.142 0.0000000000
69273  12.439  -9.938  55.539 0.0000000000
81337  6.430  0.663  50.571 0.0000000000
81341  6.341  0.328  49.204 0.0000000000
83763  6.711  2.678  49.153 0.0000000000
84887  6.836  3.451  48.476 0.0000000000
85994  7.124  4.254  47.308 0.0000000000
61821  6.028  -14.936  50.833 0.0000000000
63170  6.070  -14.128  50.346 0.0000000000
63166  5.781  -14.035  51.094 0.0000000000
65624  6.539  -13.084  50.954 0.0000000000
66864  7.529  -11.601  51.432 0.0000000000
75287  8.041  -5.240  53.806 0.0000000000
74032  7.482  -5.960  53.624 0.0000000000
76576  7.047  -4.276  53.694 0.0000000000
76580  6.467  -3.748  53.486 0.0000000000
77834  6.182  -2.611  53.015 0.0000000000
79016  5.822  -1.534  52.911 0.0000000000
59252  10.015  -16.088  53.712 0.0000000000
58002  9.433  -16.540  52.171 0.0000000000
59258  9.393  -16.259  52.967 0.0000000000
59263  8.399  -16.786  52.157 0.0000000000
59272  7.262  -17.557  51.562 0.0000000000
58022  6.820  -18.247  50.951 0.0000000000
59273  6.754  -17.227  51.091 0.0000000000
60531  6.672  -16.188  51.138 0.0000000000
68120  6.191  -11.220  47.229 0.0000000000
68138  5.295  -11.246  45.422 0.0000000000
68127  6.985  -10.371  46.478 0.0000000000
69381  7.921  -10.293  45.507 0.0000000000
69391  8.707  -9.916  44.735 0.0000000000
74136  6.500  -4.104  43.919 0.0000000000
72931  8.129  -5.599  42.633 0.0000000000
72932  7.659  -5.069  42.155 0.0000000000
72984  9.055  -5.742  39.794 0.0000000000
73004  9.584  -6.429  37.874 0.0000000000
70673  9.416  -8.771  35.731 0.0000000000
73014  9.255  -6.371  36.631 0.0000000000
73024  8.691  -5.828  35.838 0.0000000000
74291  7.713  -5.367  33.945 0.0000000000
80327  7.412  -1.053  35.998 0.0000000000
79152  6.039  -1.288  34.941 0.0000000000
81543  6.346  -0.199  34.493 0.0000000000
63156  8.565  -13.389  53.479 0.0000000000
146347  8.404  -12.245  53.473 0.0000000000
146352  8.866  -12.129  54.033 0.0000000000
69279  9.734  -9.897  54.051 0.0000000000
74014  9.029  -7.793  54.061 0.0000000000
72759  10.045  -7.687  54.488 0.0000000000
74017  9.538  -6.627  53.858 0.0000000000
75284  8.583  -5.735  54.021 0.0000000000
76573  8.324  -4.726  53.507 0.0000000000
66894  16.221  -9.756  48.569 0.0000000000
65660  15.540  -10.236  47.801 0.0000000000
65647  15.377  -10.103  48.821 0.0000000000
65619  13.717  -11.305  51.201 0.0000000000
64448  13.290  -11.668  50.475 0.0000000000
64459  12.682  -12.374  49.669 0.0000000000
59262  11.036  -15.694  51.934 0.0000000000
60516  10.820  -15.397  52.919 0.0000000000
61790  11.882  -12.865  53.799 0.0000000000
61792  11.186  -13.753  53.919 0.0000000000
60510  10.260  -15.362  53.604 0.0000000000
60500  9.975  -14.781  54.177 0.0000000000
61795  9.429  -14.081  53.679 0.0000000000
72835  6.231  -5.592  49.500 0.0000000000
72860  7.572  -6.188  47.994 0.0000000000
74101  6.158  -5.070  48.319 0.0000000000
74121  6.491  -4.719  47.347 0.0000000000
75373  6.370  -3.871  45.999 0.0000000000
80190  6.218  -0.338  47.867 0.0000000000
77878  6.063  -2.169  46.820 0.0000000000
76642  6.027  -3.031  45.161 0.0000000000
76650  6.047  -2.937  43.981 0.0000000000
77900  5.620  -2.215  43.497 0.0000000000
79097  5.298  -1.288  42.108 0.0000000000
71626  13.330  -7.874  52.896 0.0000000000
68118  17.325  -8.990  47.361 0.0000000000
69344  20.950  -8.707  47.872 0.0000000000
70522  20.484  -8.017  48.768 0.0000000000
70549  20.161  -8.718  47.318 0.0000000000
70551  18.893  -8.558  47.624 0.0000000000
70539  17.874  -8.360  47.894 0.0000000000
68103  16.710  -9.259  48.252 0.0000000000
69307  16.477  -9.058  49.815 0.0000000000
70498  16.489  -8.610  51.256 0.0000000000
71630  16.595  -7.808  51.208 0.0000000000
70486  16.264  -8.641  51.774 0.0000000000
70487  15.407  -8.519  52.198 0.0000000000
70488  14.531  -8.366  52.473 0.0000000000
61839  6.170  -14.307  47.409 0.0000000000
65683  5.576  -12.684  48.012 0.0000000000
64462  5.856  -13.311  49.720 0.0000000000
66909  6.019  -12.549  49.067 0.0000000000
66908  6.120  -12.010  48.654 0.0000000000
68087  7.107  -10.840  48.885 0.0000000000
69333  8.021  -9.477  49.601 0.0000000000
71663  7.641  -7.671  50.339 0.0000000000
65604  7.854  -11.757  52.982 0.0000000000
66853  7.954  -11.275  52.606 0.0000000000
69297  7.486  -9.208  51.871 0.0000000000
72776  7.194  -6.673  52.917 0.0000000000
70479  7.317  -8.215  52.270 0.0000000000
70483  7.362  -8.478  51.834 0.0000000000
70500  7.111  -7.742  51.624 0.0000000000
71665  6.562  -6.370  50.832 0.0000000000
71666  6.221  -5.886  50.308 0.0000000000
74070  5.924  -5.180  49.953 0.0000000000
76601  5.466  -3.288  50.095 0.0000000000
80173  5.635  -0.529  51.267 0.0000000000
79019  5.472  -1.430  52.383 0.0000000000
80167  5.320  -0.503  52.114 0.0000000000
81333  6.225  0.551  51.253 0.0000000000
56731  9.680  -17.893  49.705 0.0000000000
55355  9.018  -18.074  50.716 0.0000000000
68153  5.105  -11.562  44.039 0.0000000000
65771  5.469  -12.377  42.407 0.0000000000
67038  6.044  -11.539  37.818 0.0000000000
72869  8.411  -6.679  47.195 0.0000000000
71730  9.547  -7.624  44.878 0.0000000000
70604  9.616  -8.517  43.222 0.0000000000
72948  9.429  -6.670  42.342 0.0000000000
70611  9.680  -8.466  41.972 0.0000000000
69419  8.291  -10.114  41.462 0.0000000000
68190  6.576  -10.346  39.851 0.0000000000
68213  5.569  -10.846  38.316 0.0000000000
65893  5.786  -11.872  36.337 0.0000000000
67054  5.119  -11.589  35.709 0.0000000000
69513  7.715  -9.837  34.106 0.0000000000
68295  6.226  -10.342  33.225 0.0000000000
86022  7.587  4.051  45.978 0.0000000000
84899  9.366  3.677  45.304 0.0000000000
84911  6.908  3.067  44.871 0.0000000000
83799  6.619  1.530  43.622 0.0000000000
81400  6.090  0.279  42.566 0.0000000000
80252  5.678  -0.714  41.450 0.0000000000
81410  8.334  0.773  41.358 0.0000000000
81465  6.345  -0.488  40.606 0.0000000000
77954  5.853  -2.367  39.792 0.0000000000
75486  6.373  -3.475  38.154 0.0000000000
74262  6.931  -4.331  36.037 0.0000000000
74292  6.862  -4.953  33.547 0.0000000000
75550  5.457  -3.932  33.400 0.0000000000
71623  12.056  -8.027  53.573 0.0000000000
70475  13.572  -9.053  53.720 0.0000000000
70476  12.605  -8.462  53.685 0.0000000000
70472  12.220  -8.682  53.990 0.0000000000
65906  8.101  -12.928  36.317 0.0000000000
65923  7.369  -12.460  34.973 0.0000000000
65908  6.450  -12.280  35.671 0.0000000000
61802  6.572  -14.828  53.682 0.0000000000
63153  6.523  -14.590  53.411 0.0000000000
66917  16.727  -9.591  47.083 0.0000000000
60513  8.106  -15.262  52.913 0.0000000000
61801  7.075  -15.051  53.521 0.0000000000
61806  6.472  -15.442  53.067 0.0000000000
72832  7.798  -6.981  49.414 0.0000000000
71690  8.408  -7.704  48.772 0.0000000000
72847  8.053  -6.875  48.886 0.0000000000
76686  6.032  -3.121  41.414 0.0000000000
74190  6.563  -4.008  40.449 0.0000000000
75436  6.228  -3.622  40.177 0.0000000000
74217  6.868  -4.433  38.919 0.0000000000
74205  6.496  -4.035  39.601 0.0000000000
68032  10.292  -10.796  55.344 0.0000000000
69277  10.097  -10.108  55.107 0.0000000000
69276  10.540  -10.029  55.400 0.0000000000
68068  15.530  -9.760  50.709 0.0000000000
68059  15.273  -9.982  50.514 0.0000000000
68069  15.281  -10.105  50.956 0.0000000000
65613  13.241  -12.266  52.883 0.0000000000
65614  12.967  -12.521  52.463 0.0000000000
64435  12.687  -12.827  52.385 0.0000000000
63161  12.526  -12.986  52.638 0.0000000000
63149  12.483  -12.814  53.328 0.0000000000
66838  11.130  -11.239  55.214 0.0000000000
65594  10.811  -11.706  54.693 0.0000000000
66839  10.583  -11.362  55.142 0.0000000000
65595  10.304  -11.911  54.676 0.0000000000
79026  5.589  -1.312  50.550 0.0000000000
79030  5.826  -1.263  49.485 0.0000000000
81366  5.973  1.141  46.532 0.0000000000
82565  5.987  1.922  45.906 0.0000000000
83776  6.290  2.439  45.376 0.0000000000
61827  6.339  -15.154  48.891 0.0000000000
68053  7.450  -11.414  51.041 0.0000000000
68062  7.126  -11.752  50.540 0.0000000000
69321  7.598  -10.441  50.625 0.0000000000
72769  8.493  -7.594  53.536 0.0000000000
75293  5.323  -5.280  53.016 0.0000000000
75297  5.798  -4.634  52.496 0.0000000000
75298  5.373  -5.471  52.641 0.0000000000
58000  10.323  -16.312  52.192 0.0000000000
58009  10.219  -16.459  51.919 0.0000000000
58010  9.871  -16.652  51.763 0.0000000000
56710  7.609  -18.482  50.875 0.0000000000
56702  7.893  -18.610  50.694 0.0000000000
59288  6.415  -17.198  49.551 0.0000000000
60540  6.352  -16.350  49.244 0.0000000000
65719  4.658  -12.181  46.472 0.0000000000
65718  5.002  -12.533  46.053 0.0000000000
68140  4.416  -11.752  46.212 0.0000000000
69402  7.043  -10.344  43.229 0.0000000000
69403  6.119  -10.645  43.261 0.0000000000
69412  6.911  -10.420  42.302 0.0000000000
68173  6.250  -10.473  41.690 0.0000000000
72897  7.626  -5.168  44.631 0.0000000000
71806  10.244  -7.448  38.418 0.0000000000
70651  10.332  -8.322  39.168 0.0000000000
70652  10.114  -8.602  38.533 0.0000000000
69451  9.363  -9.330  37.743 0.0000000000
69469  8.521  -9.790  36.908 0.0000000000
69468  9.388  -9.113  36.715 0.0000000000
71860  8.075  -6.529  33.063 0.0000000000
70723  7.615  -8.275  32.116 0.0000000000
71875  7.127  -7.528  31.719 0.0000000000
84922  10.592  3.070  43.969 0.0000000000
83795  10.511  2.770  43.566 0.0000000000
83807  8.858  2.018  42.838 0.0000000000
83806  10.147  2.123  42.773 0.0000000000
80309  8.543  -0.850  37.392 0.0000000000
80293  8.835  -0.592  38.389 0.0000000000
80295  6.866  -1.128  38.288 0.0000000000
79135  5.758  -1.901  37.027 0.0000000000
79134  6.198  -1.519  36.344 0.0000000000
70468  11.769  -9.314  55.201 0.0000000000
71606  11.301  -9.100  55.050 0.0000000000
71615  11.448  -8.930  54.800 0.0000000000
72779  11.496  -6.549  52.909 0.0000000000
69290  13.537  -10.070  53.781 0.0000000000
68043  13.457  -10.866  54.196 0.0000000000
66855  13.285  -11.357  53.855 0.0000000000
68042  13.769  -11.079  54.254 0.0000000000
65605  13.575  -11.277  54.821 0.0000000000
68040  13.733  -10.919  54.821 0.0000000000
71613  12.137  -9.212  54.695 0.0000000000
69282  13.014  -9.933  55.217 0.0000000000
69274  11.761  -9.994  55.724 0.0000000000
82549  6.470  1.731  49.937 0.0000000000
84886  7.137  3.953  48.767 0.0000000000
84891  6.594  3.652  47.452 0.0000000000
84890  7.053  3.975  48.058 0.0000000000
64431  7.168  -13.402  52.325 0.0000000000
64436  6.358  -13.804  51.458 0.0000000000
65623  6.980  -13.131  51.606 0.0000000000
65617  7.155  -12.647  51.410 0.0000000000
66859  7.393  -12.099  51.608 0.0000000000
76574  8.050  -4.580  53.588 0.0000000000
75288  7.455  -5.016  53.675 0.0000000000
76575  7.565  -4.375  53.620 0.0000000000
76579  7.147  -3.585  53.565 0.0000000000
77833  6.741  -2.754  53.117 0.0000000000
59253  9.771  -15.730  53.839 0.0000000000
60524  8.061  -16.496  52.450 0.0000000000
60523  8.431  -16.353  52.600 0.0000000000
59271  7.789  -17.481  51.669 0.0000000000
59264  7.725  -17.054  52.125 0.0000000000
59265  7.277  -16.913  51.926 0.0000000000
61809  6.418  -15.364  52.166 0.0000000000
60526  6.817  -15.761  51.696 0.0000000000
61815  6.353  -15.487  51.357 0.0000000000
61820  6.341  -15.782  50.617 0.0000000000
68119  6.984  -10.487  47.208 0.0000000000
69362  7.958  -9.919  47.657 0.0000000000
70563  9.112  -8.526  46.831 0.0000000000
69370  8.560  -9.403  47.157 0.0000000000
69380  8.979  -9.456  46.048 0.0000000000
69379  9.383  -8.924  45.634 0.0000000000
74149  6.431  -3.824  43.151 0.0000000000
74147  7.132  -4.580  42.606 0.0000000000
74161  6.867  -4.257  42.057 0.0000000000
72985  8.451  -5.171  39.434 0.0000000000
72969  8.408  -5.308  40.497 0.0000000000
72994  9.686  -6.428  39.072 0.0000000000
72995  8.987  -5.720  38.663 0.0000000000
73005  8.621  -5.767  37.542 0.0000000000
73016  8.095  -5.203  36.990 0.0000000000
73015  8.469  -5.658  36.827 0.0000000000
73025  8.213  -5.238  36.232 0.0000000000
74275  8.362  -5.675  34.450 0.0000000000
73034  7.898  -4.982  35.809 0.0000000000
80325  9.299  -0.782  36.544 0.0000000000
80340  7.947  -0.418  35.402 0.0000000000
80341  7.091  -0.466  35.252 0.0000000000
81542  6.798  0.114  34.748 0.0000000000
65615  9.158  -13.096  53.866 0.0000000000
66844  9.214  -12.303  54.256 0.0000000000
70463  9.455  -9.268  54.595 0.0000000000
71611  9.048  -8.551  54.459 0.0000000000
72761  9.197  -8.038  54.346 0.0000000000
72758  10.575  -8.126  54.462 0.0000000000
72767  10.340  -7.562  54.242 0.0000000000
74023  9.386  -6.117  54.114 0.0000000000
74024  8.973  -6.119  54.203 0.0000000000
75283  8.920  -5.821  54.167 0.0000000000
75286  8.554  -5.314  53.741 0.0000000000
66893  16.031  -9.864  49.000 0.0000000000
65638  14.284  -10.618  49.638 0.0000000000
66861  14.256  -10.947  51.468 0.0000000000
64433  13.153  -12.021  51.504 0.0000000000
64438  13.305  -11.647  51.012 0.0000000000
64439  12.950  -12.144  51.007 0.0000000000
64449  12.956  -12.030  50.146 0.0000000000
64450  12.393  -13.104  50.271 0.0000000000
63168  11.970  -14.163  50.484 0.0000000000
60521  11.514  -14.996  52.269 0.0000000000
59254  11.183  -15.400  52.342 0.0000000000
64417  12.813  -11.661  54.607 0.0000000000
63147  12.181  -12.479  54.042 0.0000000000
64412  12.296  -11.832  54.536 0.0000000000
63140  10.763  -13.183  54.024 0.0000000000
61784  11.283  -13.205  53.824 0.0000000000
61793  10.982  -14.074  53.995 0.0000000000
60502  10.964  -14.283  53.810 0.0000000000
60503  10.105  -14.790  53.788 0.0000000000
60504  9.877  -14.874  53.905 0.0000000000
61787  10.171  -14.023  54.277 0.0000000000
64416  9.737  -13.081  54.152 0.0000000000
63143  10.042  -13.677  54.086 0.0000000000
146346  9.295  -12.840  53.960 0.0000000000
63150  8.996  -13.595  53.723 0.0000000000
74085  5.690  -5.016  49.318 0.0000000000
74086  5.901  -5.270  49.106 0.0000000000
75334  5.583  -4.957  49.028 0.0000000000
75350  5.501  -4.084  48.095 0.0000000000
75363  6.019  -3.914  47.129 0.0000000000
75374  6.343  -4.420  46.966 0.0000000000
80183  6.200  -0.440  48.909 0.0000000000
81347  6.365  0.400  48.179 0.0000000000
80210  6.229  -0.246  46.414 0.0000000000
80199  6.218  -0.147  47.116 0.0000000000
77884  5.907  -2.190  45.607 0.0000000000
77892  6.018  -2.179  44.457 0.0000000000
79078  5.882  -1.350  43.802 0.0000000000
80239  5.650  -0.553  43.164 0.0000000000
77914  5.352  -2.242  42.560 0.0000000000
80245  5.310  -0.779  42.601 0.0000000000
71646  12.823  -6.923  51.440 0.0000000000
71662  13.761  -6.956  50.714 0.0000000000
68126  18.903  -9.135  46.249 0.0000000000
66927  18.398  -9.274  45.874 0.0000000000
66916  17.859  -9.108  46.546 0.0000000000
71673  20.158  -7.369  49.067 0.0000000000
70536  20.281  -8.494  47.735 0.0000000000
70537  19.384  -8.230  48.166 0.0000000000
70550  19.705  -8.595  47.428 0.0000000000
70525  17.510  -8.505  48.169 0.0000000000
69346  17.293  -8.650  47.929 0.0000000000
69345  16.908  -8.906  48.431 0.0000000000
70511  17.038  -8.250  50.059 0.0000000000
70496  16.772  -8.619  49.959 0.0000000000
69308  16.342  -9.164  50.389 0.0000000000
71642  16.746  -7.002  51.000 0.0000000000
71644  14.642  -7.404  51.233 0.0000000000
71633  13.808  -7.788  52.354 0.0000000000
59320  6.304  -17.198  46.492 0.0000000000
60551  6.491  -16.281  46.789 0.0000000000
63199  6.100  -13.882  47.894 0.0000000000
64483  5.695  -13.210  47.563 0.0000000000
64453  5.384  -13.417  50.624 0.0000000000
65641  5.555  -13.337  50.473 0.0000000000
68089  6.224  -12.412  49.661 0.0000000000
66897  6.021  -12.687  49.792 0.0000000000
68107  6.173  -12.364  49.222 0.0000000000
66922  5.694  -12.272  48.221 0.0000000000
66895  6.597  -11.466  48.683 0.0000000000
66883  6.961  -11.242  49.370 0.0000000000
69320  7.730  -9.592  50.639 0.0000000000
69319  7.849  -9.707  50.063 0.0000000000
70512  7.817  -8.567  50.285 0.0000000000
146349  8.336  -11.772  53.474 0.0000000000
64424  8.109  -12.179  53.210 0.0000000000
65603  8.078  -11.610  53.175 0.0000000000
69292  8.007  -9.699  52.734 0.0000000000
68045  8.072  -10.443  52.528 0.0000000000
68049  7.900  -10.449  52.124 0.0000000000
69293  7.694  -9.444  52.369 0.0000000000
72780  5.866  -6.300  52.446 0.0000000000
71628  6.666  -7.206  52.322 0.0000000000
70484  7.089  -7.922  51.987 0.0000000000
70490  7.352  -8.298  51.609 0.0000000000
70491  7.007  -7.733  51.848 0.0000000000
72799  6.149  -6.145  51.562 0.0000000000
72819  6.109  -5.804  50.616 0.0000000000
72820  6.129  -5.641  49.994 0.0000000000
77843  5.666  -2.293  50.877 0.0000000000
79022  5.473  -1.364  51.558 0.0000000000
65676  15.159  -10.488  47.102 0.0000000000
65677  14.182  -10.592  47.410 0.0000000000
56719  9.540  -17.912  50.142 0.0000000000
56692  9.094  -17.049  51.497 0.0000000000
56701  8.590  -17.873  51.131 0.0000000000
59298  6.405  -16.816  47.791 0.0000000000
63261  6.199  -13.111  44.111 0.0000000000
63260  6.361  -13.901  43.949 0.0000000000
64556  6.370  -13.444  43.212 0.0000000000
63275  6.362  -13.423  42.819 0.0000000000
66945  4.922  -11.578  44.969 0.0000000000
68152  5.224  -11.354  44.201 0.0000000000
68176  5.079  -11.291  42.349 0.0000000000
66984  5.169  -11.831  42.610 0.0000000000
66983  5.378  -11.796  42.036 0.0000000000
64576  5.927  -12.898  42.079 0.0000000000
65809  5.630  -12.360  40.821 0.0000000000
68203  4.638  -10.994  40.021 0.0000000000
67018  5.091  -11.227  39.690 0.0000000000
65854  5.730  -11.619  39.075 0.0000000000
67026  6.109  -11.677  38.385 0.0000000000
67027  5.581  -11.239  38.579 0.0000000000
72861  6.939  -5.714  47.853 0.0000000000
72870  7.668  -5.843  47.008 0.0000000000
72895  8.872  -6.387  45.227 0.0000000000
72894  9.396  -6.954  45.437 0.0000000000
70597  9.642  -8.490  44.357 0.0000000000
71745  9.729  -7.580  43.872 0.0000000000
72930  8.870  -6.035  43.053 0.0000000000
72949  8.765  -6.141  41.940 0.0000000000
71773  9.941  -7.397  41.595 0.0000000000
69418  9.240  -9.406  41.146 0.0000000000
68181  7.445  -10.334  40.614 0.0000000000
69428  8.493  -10.079  40.351 0.0000000000
69453  7.044  -10.061  37.820 0.0000000000
68211  6.874  -10.216  38.287 0.0000000000
68223  5.931  -10.407  37.567 0.0000000000
67039  5.681  -11.316  37.412 0.0000000000
68224  5.629  -10.697  37.303 0.0000000000
67053  5.428  -11.367  36.376 0.0000000000
68237  5.465  -10.831  36.371 0.0000000000
69501  6.805  -10.093  35.362 0.0000000000
68282  4.906  -10.813  33.663 0.0000000000
70685  9.628  -8.154  35.411 0.0000000000
70686  9.208  -8.832  35.029 0.0000000000
70699  8.967  -8.704  34.152 0.0000000000
69541  7.437  -9.266  32.116 0.0000000000
69542  6.881  -10.091  32.611 0.0000000000
68311  6.147  -10.347  32.409 0.0000000000
68313  4.710  -10.734  31.555 0.0000000000
84909  8.966  3.253  44.701 0.0000000000
84900  8.216  3.696  45.392 0.0000000000
84910  7.810  3.351  44.713 0.0000000000
83787  6.597  2.240  44.398 0.0000000000
83786  7.468  2.727  44.096 0.0000000000
82613  7.552  1.226  42.490 0.0000000000
83809  7.222  1.412  42.928 0.0000000000
82635  6.716  0.692  42.332 0.0000000000
81413  5.899  -0.283  41.665 0.0000000000
81412  6.508  0.410  41.901 0.0000000000
81433  10.200  0.666  40.290 0.0000000000
82656  10.055  1.079  40.976 0.0000000000
82657  9.429  1.136  41.220 0.0000000000
81434  9.080  0.726  40.832 0.0000000000
80296  6.257  -1.513  38.667 0.0000000000
81464  6.722  -0.283  40.367 0.0000000000
80279  6.335  -0.934  39.891 0.0000000000
79111  5.983  -1.560  40.354 0.0000000000
77966  5.702  -2.455  38.846 0.0000000000
76728  5.855  -3.264  39.069 0.0000000000
77967  5.741  -2.926  38.605 0.0000000000
76787  6.014  -2.909  36.256 0.0000000000
75503  6.439  -3.580  36.653 0.0000000000
75519  6.506  -3.836  35.713 0.0000000000
75534  6.711  -4.344  34.902 0.0000000000
75535  6.288  -3.953  34.833 0.0000000000
79153  5.639  -1.686  34.776 0.0000000000
71614  11.924  -9.055  54.618 0.0000000000
72764  11.553  -8.488  54.279 0.0000000000
72770  11.579  -8.329  54.088 0.0000000000
72774  11.837  -7.331  53.284 0.0000000000
70480  14.154  -8.657  53.048 0.0000000000
69295  14.340  -9.314  53.058 0.0000000000
70474  13.563  -9.665  53.794 0.0000000000
70471  12.617  -9.142  54.202 0.0000000000
71618  12.159  -9.118  54.495 0.0000000000
65925  5.496  -12.132  34.410 0.0000000000
61810  5.853  -14.953  52.690 0.0000000000
63162  5.695  -14.260  51.907 0.0000000000
60506  9.090  -14.938  53.511 0.0000000000
60512  8.761  -15.536  53.243 0.0000000000
60507  8.715  -14.981  53.320 0.0000000000
60519  7.728  -15.990  52.471 0.0000000000
59260  7.410  -16.090  52.147 0.0000000000
69348  8.261  -9.436  48.664 0.0000000000
70540  8.572  -8.605  48.340 0.0000000000
71698  8.912  -7.912  47.853 0.0000000000
71708  8.736  -7.246  47.463 0.0000000000
75410  6.267  -3.622  42.097 0.0000000000
74176  7.200  -4.303  41.165 0.0000000000
74177  6.665  -3.974  41.435 0.0000000000
74203  7.430  -4.553  39.828 0.0000000000
72986  7.981  -4.714  39.154 0.0000000000
72997  7.967  -4.862  38.273 0.0000000000
74234  7.489  -4.582  38.191 0.0000000000
74248  7.371  -4.553  37.357 0.0000000000
65597  9.622  -12.360  54.444 0.0000000000
68036  9.388  -11.279  54.585 0.0000000000
68033  9.767  -10.967  55.116 0.0000000000
70462  9.812  -9.315  54.912 0.0000000000
74015  10.304  -6.963  53.994 0.0000000000
74037  9.788  -5.535  53.563 0.0000000000
75290  9.154  -5.370  53.634 0.0000000000
75291  8.667  -4.816  53.366 0.0000000000
75295  9.378  -4.811  52.869 0.0000000000
65636  15.308  -9.897  49.397 0.0000000000
66871  15.157  -9.897  50.016 0.0000000000
65628  14.693  -10.318  50.191 0.0000000000
65629  14.206  -10.717  50.462 0.0000000000
66862  13.813  -11.532  52.095 0.0000000000
66863  13.471  -11.851  52.086 0.0000000000
65621  13.229  -12.139  51.981 0.0000000000
64434  12.735  -12.734  51.765 0.0000000000
61803  11.807  -14.102  52.677 0.0000000000
61798  11.848  -13.526  53.262 0.0000000000
65592  11.861  -11.431  54.892 0.0000000000
64405  11.493  -11.717  54.625 0.0000000000
64406  11.121  -11.941  54.450 0.0000000000
63141  10.237  -13.283  54.191 0.0000000000
64408  10.082  -12.525  54.513 0.0000000000
65596  9.902  -11.987  54.690 0.0000000000
77868  5.998  -2.146  47.997 0.0000000000
82553  6.321  2.032  47.751 0.0000000000
81356  6.249  0.468  47.292 0.0000000000
80209  6.084  0.533  46.010 0.0000000000
79071  6.093  -1.252  44.851 0.0000000000
81376  6.258  0.704  45.090 0.0000000000
81385  6.160  0.532  44.296 0.0000000000
82586  6.196  0.672  43.684 0.0000000000
71687  19.050  -7.862  48.643 0.0000000000
71660  17.302  -7.873  50.186 0.0000000000
71643  15.753  -7.281  51.147 0.0000000000
60543  6.438  -16.669  47.991 0.0000000000
60547  6.471  -16.172  47.628 0.0000000000
60548  6.402  -15.653  47.901 0.0000000000
63188  6.118  -14.074  48.538 0.0000000000
65631  5.958  -13.191  50.546 0.0000000000
65642  5.594  -13.030  50.464 0.0000000000
68074  6.550  -12.111  50.091 0.0000000000
68088  6.565  -11.904  49.656 0.0000000000
69286  8.927  -9.958  53.196 0.0000000000
68041  8.443  -10.485  53.165 0.0000000000
69289  8.341  -9.822  52.950 0.0000000000
70473  7.838  -8.892  53.072 0.0000000000
74038  5.939  -6.003  53.189 0.0000000000
72781  5.237  -6.146  52.821 0.0000000000
72785  6.010  -6.506  52.182 0.0000000000
72786  5.403  -6.152  52.704 0.0000000000
74055  5.948  -5.701  51.729 0.0000000000
75304  5.815  -4.345  51.662 0.0000000000
65678  13.475  -10.983  47.618 0.0000000000
58008  10.583  -16.091  51.659 0.0000000000
58018  10.174  -16.709  51.178 0.0000000000
56718  9.912  -17.226  50.633 0.0000000000
56708  9.466  -17.595  50.673 0.0000000000
60535  6.542  -16.562  50.471 0.0000000000
63231  5.742  -13.545  46.205 0.0000000000
63242  6.287  -14.297  45.052 0.0000000000
64504  5.576  -13.143  45.858 0.0000000000
65737  5.528  -12.783  45.030 0.0000000000
64540  5.845  -12.748  44.058 0.0000000000
69393  6.490  -10.582  44.082 0.0000000000
68151  5.623  -10.888  43.689 0.0000000000
68164  5.457  -10.765  42.771 0.0000000000
68185  4.821  -11.127  41.416 0.0000000000
67009  4.736  -11.219  40.824 0.0000000000
68184  4.901  -10.867  41.219 0.0000000000
68183  5.510  -10.556  41.001 0.0000000000
68191  5.618  -10.425  40.059 0.0000000000
72880  7.760  -5.379  45.880 0.0000000000
72896  8.235  -5.766  44.951 0.0000000000
72913  8.877  -6.126  44.166 0.0000000000
72983  9.666  -6.420  40.191 0.0000000000
72967  9.521  -6.575  41.251 0.0000000000
71784  10.362  -7.798  39.978 0.0000000000
70620  10.334  -8.149  40.102 0.0000000000
69437  8.463  -9.981  39.261 0.0000000000
69452  8.130  -9.885  38.085 0.0000000000
69489  5.816  -10.437  36.305 0.0000000000
69487  7.606  -9.848  36.095 0.0000000000
71858  9.112  -7.474  33.821 0.0000000000
70713  8.631  -8.336  33.338 0.0000000000
70722  8.118  -8.241  32.677 0.0000000000
69554  6.431  -9.623  31.454 0.0000000000
83783  10.279  2.975  44.041 0.0000000000
83784  9.664  2.877  44.096 0.0000000000
83797  8.179  2.339  43.452 0.0000000000
82633  7.957  0.950  41.957 0.0000000000
80276  9.163  -0.144  39.186 0.0000000000
81462  8.571  0.147  40.033 0.0000000000
80277  8.170  -0.343  39.273 0.0000000000
77979  5.793  -2.545  37.778 0.0000000000
77990  5.702  -2.463  36.512 0.0000000000
78003  5.776  -2.656  35.813 0.0000000000
69275  10.964  -9.983  55.593 0.0000000000
70460  10.801  -9.366  55.246 0.0000000000
71607  10.996  -8.875  54.912 0.0000000000
71616  10.926  -8.344  54.430 0.0000000000
74028  11.004  -6.255  53.638 0.0000000000
69310  15.484  -9.777  51.542 0.0000000000
68070  15.186  -10.198  51.349 0.0000000000
68060  15.090  -10.115  51.788 0.0000000000
68050  14.453  -10.548  52.258 0.0000000000
68048  13.951  -11.159  52.583 0.0000000000
66856  13.548  -11.630  53.096 0.0000000000
66851  13.249  -11.750  53.692 0.0000000000
65607  13.060  -12.067  53.768 0.0000000000
64422  12.814  -12.448  53.520 0.0000000000
65606  13.012  -11.932  54.097 0.0000000000
65602  13.267  -11.693  55.056 0.0000000000
66843  12.823  -11.101  55.357 0.0000000000
69272  12.805  -10.369  55.416 0.0000000000
66835  12.547  -11.020  55.345 0.0000000000
68029  11.888  -10.556  55.606 0.0000000000
68030  11.415  -10.639  55.554 0.0000000000
80178  6.264  0.088  50.513 0.0000000000
81338  6.360  0.300  50.021 0.0000000000
81340  6.499  1.006  49.501 0.0000000000
82551  6.478  1.922  48.795 0.0000000000
84883  6.987  3.467  49.438 0.0000000000
83765  6.469  2.809  48.104 0.0000000000
83768  6.255  2.864  47.097 0.0000000000
84894  6.506  3.634  46.397 0.0000000000
63169  5.124  -14.080  50.762 0.0000000000
64442  5.548  -13.769  50.920 0.0000000000
64437  5.786  -13.469  50.850 0.0000000000
66865  7.140  -12.204  51.013 0.0000000000
74025  8.367  -6.113  54.042 0.0000000000
74031  7.826  -5.563  53.834 0.0000000000
75289  6.795  -4.892  53.559 0.0000000000
77837  5.826  -2.452  52.574 0.0000000000
59257  9.971  -16.368  52.970 0.0000000000
58001  9.836  -16.555  52.109 0.0000000000
60517  8.796  -16.136  52.956 0.0000000000
58019  8.344  -17.501  51.526 0.0000000000
59270  8.007  -17.459  51.664 0.0000000000
58021  7.382  -18.133  51.190 0.0000000000
59266  7.138  -16.301  51.740 0.0000000000
61824  6.371  -16.079  50.179 0.0000000000
68121  5.755  -11.451  47.237 0.0000000000
68129  5.411  -11.366  46.614 0.0000000000
68128  6.301  -10.794  46.107 0.0000000000
69372  7.126  -10.366  45.976 0.0000000000
69371  7.754  -10.027  46.586 0.0000000000
69382  6.846  -10.476  45.144 0.0000000000
69401  8.250  -9.902  43.541 0.0000000000
72916  6.905  -4.499  43.428 0.0000000000
72950  8.228  -5.542  41.537 0.0000000000
72951  7.903  -4.922  41.149 0.0000000000
70672  9.836  -8.324  36.318 0.0000000000
71813  10.046  -7.280  37.055 0.0000000000
71822  9.707  -7.321  35.952 0.0000000000
71835  9.490  -7.387  35.016 0.0000000000
74246  8.209  -5.891  37.185 0.0000000000
73023  9.270  -6.567  35.423 0.0000000000
73031  9.241  -6.801  34.642 0.0000000000
73032  8.681  -6.055  34.558 0.0000000000
73040  8.253  -5.992  33.582 0.0000000000
73041  7.339  -5.879  32.806 0.0000000000
80326  8.283  -0.848  36.289 0.0000000000
80328  6.699  -1.129  35.716 0.0000000000
81564  6.465  0.546  34.393 0.0000000000
65891  7.380  -12.627  36.895 0.0000000000
63157  7.961  -13.847  53.292 0.0000000000
64429  8.632  -12.628  53.654 0.0000000000
146348  8.443  -12.017  53.578 0.0000000000
68037  8.695  -11.515  53.927 0.0000000000
69284  9.352  -10.702  54.268 0.0000000000
69285  9.224  -10.414  53.723 0.0000000000
70465  8.741  -9.214  53.772 0.0000000000
71612  8.783  -8.536  54.021 0.0000000000
72768  8.780  -7.388  53.678 0.0000000000
71609  9.896  -8.524  54.904 0.0000000000
74016  10.004  -7.082  54.132 0.0000000000
74011  10.079  -6.832  53.815 0.0000000000
72760  9.555  -7.890  54.513 0.0000000000
74013  9.330  -7.473  53.920 0.0000000000
74019  8.905  -7.089  53.728 0.0000000000
66906  16.313  -9.672  47.986 0.0000000000
65646  15.450  -9.919  49.210 0.0000000000
65648  14.436  -10.565  48.835 0.0000000000
65649  13.744  -11.019  48.965 0.0000000000
65650  13.138  -11.619  49.179 0.0000000000
66881  15.044  -10.382  51.074 0.0000000000
66860  14.237  -10.769  50.919 0.0000000000
64432  13.381  -11.685  51.372 0.0000000000
65651  12.569  -12.257  48.998 0.0000000000
63167  12.312  -13.712  50.920 0.0000000000
60528  11.355  -15.357  51.430 0.0000000000
59255  10.778  -15.733  52.496 0.0000000000
59250  10.638  -15.728  52.857 0.0000000000
63148  12.299  -12.752  53.606 0.0000000000
61797  12.036  -12.896  53.661 0.0000000000
63138  11.873  -12.203  54.294 0.0000000000
61791  11.574  -13.324  53.623 0.0000000000
60508  11.280  -14.219  53.551 0.0000000000
60509  10.638  -15.075  53.341 0.0000000000
59251  10.301  -15.854  53.369 0.0000000000
59247  10.105  -15.592  53.764 0.0000000000
59249  9.979  -15.234  53.916 0.0000000000
60505  9.809  -14.988  53.790 0.0000000000
61788  10.149  -14.249  54.158 0.0000000000
61794  9.914  -14.547  53.803 0.0000000000
61796  8.965  -14.630  53.487 0.0000000000
61799  8.787  -13.955  53.571 0.0000000000
72834  6.519  -5.896  49.495 0.0000000000
72849  6.930  -6.026  48.761 0.0000000000
72850  6.421  -5.522  48.711 0.0000000000
72862  6.609  -5.219  47.865 0.0000000000
75351  5.679  -4.814  48.556 0.0000000000
74114  6.421  -4.919  47.798 0.0000000000
72872  6.710  -4.926  47.352 0.0000000000
74120  6.719  -4.637  46.494 0.0000000000
74127  6.645  -4.319  45.156 0.0000000000
79038  6.064  -1.231  48.433 0.0000000000
79051  6.103  -1.070  47.257 0.0000000000
76637  5.937  -3.101  46.355 0.0000000000
75379  6.275  -3.640  44.665 0.0000000000
75387  6.257  -3.500  43.855 0.0000000000
76651  6.109  -3.289  43.636 0.0000000000
76658  5.561  -2.929  43.034 0.0000000000
76669  5.553  -3.025  42.157 0.0000000000
77927  5.627  -2.311  41.581 0.0000000000
71627  12.735  -7.729  53.005 0.0000000000
71634  12.861  -7.269  52.087 0.0000000000
69359  19.268  -8.725  47.128 0.0000000000
70538  18.464  -8.321  48.042 0.0000000000
69360  18.216  -8.570  47.402 0.0000000000
69315  16.712  -8.853  49.439 0.0000000000
68067  16.356  -9.322  49.528 0.0000000000
68057  16.074  -9.424  49.867 0.0000000000
69316  15.888  -9.502  50.766 0.0000000000
71640  17.729  -6.930  50.643 0.0000000000
71641  17.172  -7.460  50.764 0.0000000000
71629  16.804  -7.793  51.008 0.0000000000
69309  16.154  -9.229  51.367 0.0000000000
69298  16.095  -9.212  51.913 0.0000000000
71632  15.047  -7.912  51.833 0.0000000000
70489  13.987  -8.251  52.790 0.0000000000
61829  6.368  -15.355  47.573 0.0000000000
61838  6.254  -14.729  47.240 0.0000000000
63214  6.327  -14.564  46.578 0.0000000000
63215  5.928  -13.916  46.747 0.0000000000
65699  5.207  -12.501  46.941 0.0000000000
66932  5.110  -12.013  47.067 0.0000000000
64472  5.829  -13.270  48.868 0.0000000000
65654  5.833  -12.922  49.689 0.0000000000
64463  5.795  -12.998  49.370 0.0000000000
65666  5.702  -12.820  48.617 0.0000000000
66921  5.600  -11.702  47.558 0.0000000000
66907  6.168  -11.511  47.960 0.0000000000
68105  6.793  -11.094  48.018 0.0000000000
68086  7.691  -10.182  49.157 0.0000000000
70526  8.221  -8.592  49.402 0.0000000000
71676  7.893  -7.753  49.769 0.0000000000
72817  7.560  -7.089  50.156 0.0000000000
64430  7.871  -13.111  52.941 0.0000000000
64425  7.652  -12.507  52.713 0.0000000000
65609  7.635  -11.940  52.644 0.0000000000
66852  8.082  -10.991  52.859 0.0000000000
66858  7.717  -11.535  52.024 0.0000000000
68052  7.792  -10.694  51.493 0.0000000000
72773  7.853  -7.097  53.231 0.0000000000
71624  7.529  -7.790  53.029 0.0000000000
71625  7.133  -7.420  52.582 0.0000000000
69302  7.642  -9.805  51.356 0.0000000000
69311  7.577  -9.106  51.275 0.0000000000
70499  7.317  -7.854  51.195 0.0000000000
71648  6.750  -7.130  51.604 0.0000000000
71647  7.102  -7.458  51.381 0.0000000000
71664  7.293  -7.337  50.880 0.0000000000
71677  6.958  -6.479  50.481 0.0000000000
71679  6.281  -5.844  49.920 0.0000000000
74071  6.044  -5.449  49.645 0.0000000000
75317  5.680  -4.334  50.567 0.0000000000
80172  6.157  0.018  51.047 0.0000000000
65694  14.746  -10.562  46.520 0.0000000000
56691  9.302  -16.799  51.660 0.0000000000
56700  9.330  -17.345  51.157 0.0000000000
55367  9.050  -18.238  50.349 0.0000000000
55383  9.124  -18.366  49.909 0.0000000000
68139  4.673  -11.459  45.880 0.0000000000
66960  5.103  -11.814  44.271 0.0000000000
65756  5.351  -12.373  43.799 0.0000000000
68166  5.028  -11.551  43.396 0.0000000000
66971  5.072  -12.013  43.385 0.0000000000
65772  5.248  -12.472  43.054 0.0000000000
63300  6.335  -13.442  41.805 0.0000000000
65832  5.559  -12.043  39.899 0.0000000000
65892  6.596  -12.177  36.612 0.0000000000
72859  8.160  -6.752  48.296 0.0000000000
71707  9.000  -7.392  46.948 0.0000000000
72878  9.117  -6.789  46.274 0.0000000000
71717  9.481  -7.551  45.860 0.0000000000
70586  9.523  -8.390  45.306 0.0000000000
69400  9.243  -9.365  43.891 0.0000000000
72929  9.403  -6.729  43.448 0.0000000000
71760  9.786  -7.505  42.752 0.0000000000
69410  8.930  -9.452  42.526 0.0000000000
69420  7.207  -10.351  41.561 0.0000000000
68189  7.581  -10.381  39.616 0.0000000000
68200  6.762  -10.440  38.932 0.0000000000
68201  5.879  -10.521  39.093 0.0000000000
65909  5.622  -12.116  35.371 0.0000000000
65910  5.037  -11.814  35.117 0.0000000000
69500  7.734  -9.825  35.086 0.0000000000
69514  6.925  -10.135  34.509 0.0000000000
69512  8.387  -9.299  33.655 0.0000000000
69529  6.875  -10.195  33.641 0.0000000000
68280  6.252  -10.257  33.750 0.0000000000
68296  5.508  -10.573  32.957 0.0000000000
86007  6.631  3.979  46.503 0.0000000000
84893  6.768  3.903  46.111 0.0000000000
86021  8.562  4.091  45.975 0.0000000000
84901  7.099  3.707  45.686 0.0000000000
84902  6.473  3.103  45.583 0.0000000000
84912  6.515  2.747  45.059 0.0000000000
82600  6.227  0.646  43.262 0.0000000000
83798  7.179  1.932  43.468 0.0000000000
82599  6.436  0.962  43.238 0.0000000000
81401  5.631  -0.140  42.265 0.0000000000
79105  5.388  -0.986  41.720 0.0000000000
77941  5.958  -2.191  40.710 0.0000000000
82632  8.851  1.207  41.550 0.0000000000
81411  7.446  0.588  41.544 0.0000000000
81463  7.556  -0.060  40.166 0.0000000000
81436  7.060  0.118  41.025 0.0000000000
81437  6.403  -0.204  41.122 0.0000000000
81438  6.128  -0.546  40.888 0.0000000000
77942  5.786  -2.846  40.194 0.0000000000
75448  6.195  -3.591  39.386 0.0000000000
74236  6.550  -3.774  38.252 0.0000000000
74249  6.944  -4.315  36.977 0.0000000000
75484  6.310  -3.452  36.990 0.0000000000
75504  6.690  -4.014  36.515 0.0000000000
74261  7.397  -4.607  36.501 0.0000000000
74277  7.399  -4.721  35.153 0.0000000000
73042  6.601  -5.312  32.697 0.0000000000
79144  5.762  -1.764  35.750 0.0000000000
78004  5.527  -2.446  35.220 0.0000000000
75549  5.864  -4.111  33.909 0.0000000000
75564  6.218  -4.517  33.468 0.0000000000
73049  5.975  -5.759  32.029 0.0000000000
56707  9.852  -17.065  51.145 0.0000000000
59248  9.971  -15.482  53.965 0.0000000000
59259  7.444  -16.400  52.147 0.0000000000
59261  11.283  -15.425  52.126 0.0000000000
60498  10.130  -14.340  54.206 0.0000000000
60499  10.086  -14.584  54.273 0.0000000000
60501  11.288  -13.964  53.830 0.0000000000
61785  11.001  -13.516  54.024 0.0000000000
61789  9.983  -13.837  53.830 0.0000000000
61804  8.591  -13.705  53.488 0.0000000000
61805  8.347  -13.925  53.397 0.0000000000
61831  6.179  -14.215  47.666 0.0000000000
63135  10.159  -12.856  54.400 0.0000000000
63136  10.034  -13.077  54.451 0.0000000000
63139  11.386  -12.678  53.990 0.0000000000
63142  10.065  -13.651  54.262 0.0000000000
63144  9.577  -13.679  53.752 0.0000000000
63145  11.960  -12.485  54.052 0.0000000000
63146  11.538  -12.864  53.803 0.0000000000
63152  7.021  -14.576  53.314 0.0000000000
63155  12.445  -13.013  52.928 0.0000000000
63165  4.915  -14.107  51.012 0.0000000000
63200  5.961  -13.794  47.371 0.0000000000
63230  5.911  -13.901  45.792 0.0000000000
63244  6.039  -12.987  44.275 0.0000000000
63262  6.007  -12.892  43.956 0.0000000000
63299  6.840  -13.783  41.330 0.0000000000
64409  9.830  -12.726  54.397 0.0000000000
64410  9.479  -12.684  54.227 0.0000000000
64411  12.732  -11.536  54.808 0.0000000000
64414  11.041  -12.527  54.160 0.0000000000
64415  10.827  -12.960  54.050 0.0000000000
64418  12.543  -12.056  54.226 0.0000000000
64419  7.742  -12.086  52.942 0.0000000000
64420  12.957  -11.769  54.278 0.0000000000
64423  12.782  -12.672  53.100 0.0000000000
64427  12.813  -12.685  52.807 0.0000000000
64428  8.957  -13.214  53.768 0.0000000000
64441  4.926  -13.852  51.273 0.0000000000
64452  4.898  -13.812  50.904 0.0000000000
64454  5.222  -13.084  50.620 0.0000000000
64473  5.789  -13.094  49.128 0.0000000000
64494  5.575  -13.169  46.845 0.0000000000
64517  5.657  -13.174  45.238 0.0000000000
64518  5.712  -12.933  44.662 0.0000000000
64538  6.289  -13.259  43.414 0.0000000000
64539  6.163  -12.996  43.633 0.0000000000
64557  5.965  -12.958  42.945 0.0000000000
65591  12.205  -11.202  55.154 0.0000000000
65593  11.347  -11.526  54.811 0.0000000000
65598  13.001  -11.497  55.052 0.0000000000
65600  11.974  -11.630  54.759 0.0000000000
65601  13.678  -11.235  55.005 0.0000000000
65608  13.106  -12.268  53.419 0.0000000000
65610  13.397  -11.298  54.352 0.0000000000
65611  13.363  -11.111  54.043 0.0000000000
65612  13.246  -12.044  53.458 0.0000000000
65618  14.011  -10.908  51.024 0.0000000000
65653  5.770  -13.174  50.216 0.0000000000
65667  5.796  -12.754  48.899 0.0000000000
65682  5.678  -12.980  48.447 0.0000000000
65700  4.811  -12.107  46.699 0.0000000000
65717  5.419  -12.756  45.411 0.0000000000
65738  5.300  -12.420  44.830 0.0000000000
65791  5.229  -11.638  41.462 0.0000000000
65810  5.136  -11.725  40.936 0.0000000000
65833  4.892  -11.404  40.303 0.0000000000
65875  6.173  -11.737  37.134 0.0000000000
65894  5.260  -11.852  35.819 0.0000000000
66836  12.003  -10.939  55.378 0.0000000000
66841  9.674  -11.780  54.714 0.0000000000
66842  13.203  -11.211  55.277 0.0000000000
66845  13.876  -11.114  55.028 0.0000000000
66846  13.734  -11.111  55.072 0.0000000000
66847  8.209  -11.105  53.325 0.0000000000
66848  7.997  -11.376  53.017 0.0000000000
66849  13.941  -11.032  54.767 0.0000000000
66854  13.543  -11.094  54.194 0.0000000000
66870  15.657  -9.646  49.875 0.0000000000
66880  15.219  -9.889  49.614 0.0000000000
66882  15.023  -10.380  51.315 0.0000000000
66884  6.816  -11.568  49.598 0.0000000000
66920  5.905  -11.478  47.509 0.0000000000
66933  4.508  -11.962  46.494 0.0000000000
66947  4.353  -12.050  46.182 0.0000000000
66959  5.096  -11.559  44.375 0.0000000000
66997  5.300  -11.648  41.707 0.0000000000
67070  5.220  -11.230  35.848 0.0000000000
68027  12.791  -10.749  55.410 0.0000000000
68028  12.516  -10.653  55.454 0.0000000000
68035  13.248  -10.693  55.290 0.0000000000
68039  14.131  -11.015  54.963 0.0000000000
68046  13.386  -11.052  54.004 0.0000000000
68071  7.783  -10.035  49.672 0.0000000000
68106  6.323  -12.136  49.251 0.0000000000
68130  4.842  -11.632  46.514 0.0000000000
68131  4.665  -11.809  46.551 0.0000000000
68163  6.169  -10.562  42.533 0.0000000000
68175  5.035  -10.994  42.108 0.0000000000
68192  4.912  -10.792  40.353 0.0000000000
68193  4.545  -11.021  40.628 0.0000000000
68210  7.382  -10.087  38.232 0.0000000000
68212  6.119  -10.449  38.080 0.0000000000
68281  5.741  -10.334  33.884 0.0000000000
68312  5.527  -10.512  31.852 0.0000000000
69280  9.330  -9.745  53.676 0.0000000000
69281  13.558  -10.541  55.063 0.0000000000
69283  12.457  -9.667  55.270 0.0000000000
69296  7.425  -8.947  51.887 0.0000000000
69301  7.475  -8.981  51.661 0.0000000000
69318  15.413  -9.963  51.248 0.0000000000
69332  17.246  -8.653  48.389 0.0000000000
69347  8.414  -9.092  48.344 0.0000000000
69361  8.406  -9.213  47.981 0.0000000000
69390  9.467  -9.237  45.006 0.0000000000
69454  6.538  -10.219  37.865 0.0000000000
69472  5.704  -10.493  36.831 0.0000000000
69485  9.397  -8.947  36.136 0.0000000000
69499  8.534  -9.417  34.623 0.0000000000
69528  7.680  -9.771  33.107 0.0000000000
69530  6.331  -10.195  34.110 0.0000000000
69540  7.851  -8.736  32.424 0.0000000000
69553  6.976  -9.195  31.665 0.0000000000
70458  12.045  -9.579  55.447 0.0000000000
70464  9.086  -9.227  54.216 0.0000000000
70466  12.429  -9.424  54.801 0.0000000000
70469  8.290  -9.125  53.397 0.0000000000
70482  12.804  -8.089  53.379 0.0000000000
70485  16.689  -8.122  51.125 0.0000000000
70573  9.366  -8.501  46.143 0.0000000000
70574  9.197  -8.850  46.361 0.0000000000
70635  10.338  -8.233  39.760 0.0000000000
70636  10.085  -8.830  39.469 0.0000000000
70712  9.203  -7.886  33.824 0.0000000000
71619  11.933  -8.669  54.201 0.0000000000
71620  11.725  -8.247  53.893 0.0000000000
71674  19.332  -7.421  48.930 0.0000000000
71678  6.505  -6.130  50.149 0.0000000000
71689  8.714  -8.071  48.386 0.0000000000
71706  9.341  -7.927  46.488 0.0000000000
71718  9.272  -7.380  46.410 0.0000000000
71785  10.146  -7.196  40.550 0.0000000000
71797  10.397  -7.806  39.279 0.0000000000
71805  10.380  -8.047  38.828 0.0000000000
71846  9.268  -7.364  34.190 0.0000000000
71847  9.049  -6.796  34.179 0.0000000000
71859  8.670  -7.136  33.576 0.0000000000
71868  7.859  -7.210  32.518 0.0000000000
72762  8.959  -7.857  53.897 0.0000000000
72763  8.707  -8.089  53.755 0.0000000000
72818  7.338  -6.791  50.408 0.0000000000
72848  7.549  -6.485  48.846 0.0000000000
72868  8.859  -6.921  46.857 0.0000000000
72877  9.377  -7.053  45.875 0.0000000000
72915  7.461  -5.034  43.357 0.0000000000
72970  7.978  -4.676  40.179 0.0000000000
73007  7.879  -4.927  37.518 0.0000000000
73017  7.774  -4.827  36.972 0.0000000000
73033  8.173  -5.324  35.376 0.0000000000
74012  9.616  -7.271  53.911 0.0000000000
74018  9.151  -6.693  53.848 0.0000000000
74020  8.644  -7.164  53.605 0.0000000000
74045  5.409  -5.746  52.581 0.0000000000
74137  6.351  -3.707  43.590 0.0000000000
74148  6.706  -4.146  42.945 0.0000000000
74160  7.379  -4.611  41.672 0.0000000000
74175  7.595  -4.580  40.909 0.0000000000
74189  7.022  -4.283  40.500 0.0000000000
74216  7.413  -4.649  39.032 0.0000000000
74232  8.190  -5.722  37.338 0.0000000000
74233  7.954  -5.752  37.340 0.0000000000
74235  6.976  -4.174  38.009 0.0000000000
74247  8.267  -5.681  37.240 0.0000000000
74276  8.108  -5.417  34.608 0.0000000000
74278  6.737  -4.253  35.324 0.0000000000
74290  8.257  -5.642  34.196 0.0000000000
75282  9.123  -5.910  54.258 0.0000000000
75364  6.072  -4.620  47.767 0.0000000000
75388  6.208  -3.505  43.400 0.0000000000
75397  6.194  -3.571  42.852 0.0000000000
75424  6.173  -3.383  41.513 0.0000000000
75425  6.339  -3.516  41.203 0.0000000000
75465  6.267  -3.527  38.714 0.0000000000
75485  6.529  -3.701  37.412 0.0000000000
75518  6.484  -3.639  36.164 0.0000000000
75548  6.532  -4.427  34.301 0.0000000000
75565  5.695  -4.369  32.986 0.0000000000
76659  5.942  -3.243  43.236 0.0000000000
76670  5.889  -3.350  42.567 0.0000000000
76707  5.824  -3.284  39.811 0.0000000000
76749  6.105  -3.215  38.429 0.0000000000
76768  6.048  -3.134  37.192 0.0000000000
76769  6.261  -3.280  37.856 0.0000000000
76786  6.300  -3.326  36.147 0.0000000000
76803  6.343  -3.484  35.834 0.0000000000
76818  5.684  -3.590  34.381 0.0000000000
77928  6.121  -2.734  40.897 0.0000000000
77955  5.536  -2.931  39.394 0.0000000000
77980  6.079  -2.954  38.004 0.0000000000
79087  5.348  -1.389  42.996 0.0000000000
79098  5.275  -0.853  41.914 0.0000000000
79104  5.605  -1.281  41.335 0.0000000000
79127  5.834  -1.926  38.195 0.0000000000
79143  6.251  -1.266  35.374 0.0000000000
79145  5.518  -1.991  35.386 0.0000000000
80219  6.170  0.618  45.506 0.0000000000
80220  6.159  -0.072  45.282 0.0000000000
80240  5.446  -0.327  42.590 0.0000000000
80246  5.323  -0.545  42.166 0.0000000000
80253  5.493  -0.640  41.731 0.0000000000
80261  5.830  -0.814  40.925 0.0000000000
80310  7.564  -0.946  37.176 0.0000000000
81355  6.274  1.233  47.465 0.0000000000
81384  6.323  1.101  44.796 0.0000000000
81393  5.741  0.023  42.838 0.0000000000
81399  6.307  0.427  42.367 0.0000000000
81409  8.749  0.910  41.256 0.0000000000
81414  5.531  -0.340  41.936 0.0000000000
81435  7.988  0.354  40.859 0.0000000000
81460  10.473  0.348  39.612 0.0000000000
81544  6.185  -0.437  34.306 0.0000000000
82585  6.313  1.218  44.001 0.0000000000
82598  6.774  1.231  43.083 0.0000000000
82612  8.377  1.516  42.306 0.0000000000
82614  6.935  0.983  42.610 0.0000000000
82615  6.471  0.669  42.629 0.0000000000
82616  6.278  0.613  42.915 0.0000000000
84908  10.237  3.349  44.465 0.0000000000
84921  11.206  3.314  43.761 0.0000000000
85995  6.647  4.028  46.783 0.0000000000
86005  7.794  4.295  46.645 0.0000000000
86006  6.944  4.096  46.344 0.0000000000
86023  7.156  4.034  45.976 0.0000000000
146344  9.391  -13.430  53.781 0.0000000000
146345  9.125  -13.749  53.654 0.0000000000
146351  8.325  -11.511  53.483 0.0000000000
