#!ascii label  , from subject sub001 vox2ras=TkReg
862
55404  25.779  -20.631  49.233 0.0000000000
73028  43.607  -6.278  33.853 0.0000000000
146407  49.807  -4.517  32.678 0.0000000000
65740  42.846  -12.232  42.947 0.0000000000
51238  31.368  -24.468  43.508 0.0000000000
49937  28.844  -24.443  47.455 0.0000000000
76832  46.539  -3.907  33.303 0.0000000000
76712  47.247  -3.743  39.246 0.0000000000
60552  40.065  -16.539  44.116 0.0000000000
48849  37.314  -25.631  43.868 0.0000000000
76983  59.904  -3.197  23.720 0.0000000000
78054  53.183  -2.972  29.747 0.0000000000
68179  40.042  -10.638  40.843 0.0000000000
72937  42.495  -6.552  41.752 0.0000000000
52637  28.695  -22.644  46.410 0.0000000000
53967  27.776  -22.348  48.998 0.0000000000
75538  44.406  -4.899  33.295 0.0000000000
76773  47.099  -3.333  36.554 0.0000000000
75489  45.248  -4.459  37.017 0.0000000000
55523  42.620  -20.643  40.182 0.0000000000
48795  32.518  -26.501  47.064 0.0000000000
48852  34.296  -25.859  43.651 0.0000000000
45781  35.217  -27.902  44.354 0.0000000000
78113  58.918  -2.031  25.205 0.0000000000
75699  57.642  -3.793  24.992 0.0000000000
76907  57.209  -3.189  27.500 0.0000000000
75591  48.902  -4.188  30.314 0.0000000000
78087  50.673  -3.005  27.799 0.0000000000
75588  51.110  -4.204  30.289 0.0000000000
74354  52.473  -4.635  29.226 0.0000000000
74336  49.407  -5.372  30.343 0.0000000000
63248  41.515  -14.980  43.430 0.0000000000
64543  40.267  -14.029  43.304 0.0000000000
66952  41.026  -11.471  43.853 0.0000000000
70608  40.627  -8.820  41.727 0.0000000000
71709  42.011  -8.316  44.230 0.0000000000
72900  44.219  -6.655  43.268 0.0000000000
69405  43.222  -9.269  42.389 0.0000000000
51200  30.375  -24.318  46.427 0.0000000000
75592  47.426  -4.925  30.290 0.0000000000
76829  48.453  -3.888  32.691 0.0000000000
77992  48.549  -3.380  36.118 0.0000000000
77956  50.423  -3.194  38.688 0.0000000000
54053  38.328  -21.312  43.169 0.0000000000
58124  39.551  -18.893  42.189 0.0000000000
59380  42.009  -17.131  41.756 0.0000000000
61881  44.618  -16.105  43.014 0.0000000000
64560  43.681  -13.157  40.835 0.0000000000
51255  36.912  -22.926  42.965 0.0000000000
50004  38.619  -24.318  43.121 0.0000000000
78195  58.353  -2.621  21.375 0.0000000000
78100  54.641  -2.613  26.719 0.0000000000
75633  55.434  -4.126  29.180 0.0000000000
74370  51.510  -4.762  27.327 0.0000000000
73000  43.279  -6.350  37.552 0.0000000000
75414  45.173  -4.302  41.263 0.0000000000
74165  46.521  -5.146  41.311 0.0000000000
55387  25.998  -21.225  49.780 0.0000000000
53984  26.983  -21.855  48.745 0.0000000000
52594  27.221  -22.643  49.182 0.0000000000
74281  44.073  -5.382  33.354 0.0000000000
75508  45.074  -4.405  35.779 0.0000000000
74266  44.084  -5.624  34.496 0.0000000000
45758  34.128  -28.114  46.086 0.0000000000
78115  56.906  -2.432  25.508 0.0000000000
78096  58.175  -2.666  25.904 0.0000000000
78098  56.684  -2.504  26.516 0.0000000000
146412  49.513  -4.355  31.086 0.0000000000
76853  50.284  -3.812  30.009 0.0000000000
74318  49.594  -4.564  31.271 0.0000000000
74317  51.611  -4.221  30.073 0.0000000000
64521  42.582  -13.351  42.857 0.0000000000
65742  41.281  -12.613  43.558 0.0000000000
65721  41.920  -11.889  43.831 0.0000000000
68133  41.566  -10.503  43.781 0.0000000000
68142  42.545  -10.336  43.562 0.0000000000
69384  42.840  -9.498  43.336 0.0000000000
66961  43.172  -11.299  42.797 0.0000000000
52636  29.381  -23.278  46.349 0.0000000000
49936  29.597  -24.450  47.465 0.0000000000
48798  30.505  -25.244  46.868 0.0000000000
75569  45.489  -4.893  31.665 0.0000000000
74321  46.111  -5.397  30.024 0.0000000000
75568  46.762  -4.494  31.620 0.0000000000
75567  48.187  -4.401  31.627 0.0000000000
76822  47.621  -3.528  33.691 0.0000000000
76808  48.330  -3.432  34.381 0.0000000000
76809  47.397  -3.534  34.610 0.0000000000
76755  46.976  -3.278  37.532 0.0000000000
76732  48.430  -3.596  38.135 0.0000000000
76711  48.098  -3.669  39.022 0.0000000000
74192  49.353  -5.191  38.677 0.0000000000
75427  47.756  -4.477  39.574 0.0000000000
54072  38.640  -21.562  42.369 0.0000000000
55472  38.395  -20.229  43.155 0.0000000000
55505  39.413  -20.766  41.149 0.0000000000
58140  42.305  -18.645  41.194 0.0000000000
59359  42.821  -16.304  42.144 0.0000000000
48836  35.528  -26.387  44.108 0.0000000000
50007  36.079  -25.138  42.505 0.0000000000
50005  37.393  -24.464  43.440 0.0000000000
51253  38.099  -23.710  43.405 0.0000000000
49972  38.650  -25.594  44.346 0.0000000000
79256  59.875  -1.675  24.010 0.0000000000
78177  59.215  -2.667  22.468 0.0000000000
75701  55.613  -4.586  25.630 0.0000000000
78068  52.196  -3.037  28.869 0.0000000000
78104  50.427  -2.829  26.763 0.0000000000
78085  52.341  -2.488  27.825 0.0000000000
78101  53.547  -2.451  26.780 0.0000000000
78066  54.362  -2.444  28.729 0.0000000000
78051  55.973  -2.721  29.162 0.0000000000
76871  54.640  -3.106  30.007 0.0000000000
74356  50.767  -5.041  28.815 0.0000000000
75657  51.996  -4.603  28.092 0.0000000000
59323  38.977  -17.690  45.109 0.0000000000
60573  38.929  -16.421  43.706 0.0000000000
65775  40.401  -12.689  41.786 0.0000000000
64561  40.298  -13.902  41.256 0.0000000000
71766  41.515  -7.736  41.539 0.0000000000
70645  40.904  -8.553  39.433 0.0000000000
71779  41.988  -7.248  40.022 0.0000000000
72989  42.658  -6.907  38.266 0.0000000000
72974  43.282  -5.956  39.905 0.0000000000
74208  44.340  -5.046  39.478 0.0000000000
74182  43.762  -5.439  40.695 0.0000000000
71748  44.246  -7.311  42.325 0.0000000000
74151  45.406  -5.192  42.354 0.0000000000
71762  45.326  -6.491  40.977 0.0000000000
72955  46.396  -6.348  40.395 0.0000000000
52623  27.936  -22.454  47.986 0.0000000000
51189  28.569  -23.455  48.282 0.0000000000
49924  28.284  -23.953  47.711 0.0000000000
51179  27.159  -23.156  49.063 0.0000000000
75536  45.778  -4.109  34.204 0.0000000000
76810  46.494  -3.800  34.911 0.0000000000
75522  45.701  -4.086  35.307 0.0000000000
75488  45.818  -3.908  37.178 0.0000000000
76735  46.099  -3.837  38.702 0.0000000000
49958  32.140  -25.311  45.303 0.0000000000
48854  32.681  -25.295  43.987 0.0000000000
48820  33.621  -26.025  45.498 0.0000000000
47740  34.726  -26.756  44.655 0.0000000000
47738  36.872  -26.817  44.149 0.0000000000
46664  38.535  -27.102  44.267 0.0000000000
46696  36.717  -27.170  43.127 0.0000000000
78112  59.738  -2.444  25.052 0.0000000000
76950  58.474  -3.544  24.484 0.0000000000
76937  58.896  -2.866  25.253 0.0000000000
75676  57.563  -3.738  26.240 0.0000000000
75677  56.486  -4.284  26.678 0.0000000000
75616  48.458  -4.519  29.216 0.0000000000
76893  49.877  -3.703  28.640 0.0000000000
76891  51.401  -3.399  29.142 0.0000000000
78039  52.635  -3.481  30.172 0.0000000000
75586  53.828  -4.282  30.797 0.0000000000
75587  52.644  -4.086  30.459 0.0000000000
74335  51.007  -4.774  29.900 0.0000000000
61854  40.755  -15.820  43.972 0.0000000000
63233  39.750  -15.000  44.541 0.0000000000
64507  40.397  -14.621  44.530 0.0000000000
66963  40.839  -12.372  43.243 0.0000000000
68170  40.246  -10.656  42.088 0.0000000000
69415  39.906  -9.996  41.358 0.0000000000
68156  40.833  -10.142  42.821 0.0000000000
70590  41.240  -8.313  43.422 0.0000000000
72903  42.215  -6.893  43.398 0.0000000000
74153  43.052  -5.818  42.951 0.0000000000
72884  43.054  -6.912  43.987 0.0000000000
70587  43.850  -7.922  43.221 0.0000000000
69413  43.273  -8.974  41.657 0.0000000000
52650  28.903  -22.847  45.323 0.0000000000
52649  29.605  -23.315  45.306 0.0000000000
49960  30.916  -24.397  45.440 0.0000000000
49934  31.439  -25.580  46.643 0.0000000000
47717  31.374  -26.298  46.413 0.0000000000
146413  48.845  -4.206  32.180 0.0000000000
146411  49.271  -4.455  33.013 0.0000000000
76806  49.275  -4.269  34.396 0.0000000000
75505  49.358  -4.360  35.450 0.0000000000
75468  49.467  -4.740  37.039 0.0000000000
76772  47.817  -3.199  36.169 0.0000000000
76752  49.319  -4.216  37.499 0.0000000000
54037  37.118  -20.336  43.908 0.0000000000
55456  37.863  -19.786  43.791 0.0000000000
56806  38.803  -18.501  43.758 0.0000000000
58082  39.445  -17.584  43.958 0.0000000000
58160  40.662  -19.606  40.717 0.0000000000
59382  40.710  -18.004  42.222 0.0000000000
59341  40.419  -17.109  43.553 0.0000000000
60560  41.659  -16.141  43.088 0.0000000000
61851  42.610  -15.783  42.493 0.0000000000
63246  43.327  -14.118  42.476 0.0000000000
64541  43.521  -13.140  41.884 0.0000000000
63276  44.088  -14.714  41.436 0.0000000000
52675  37.625  -22.354  43.427 0.0000000000
52674  38.123  -22.384  43.247 0.0000000000
51290  39.269  -23.543  41.649 0.0000000000
47761  39.258  -26.467  43.533 0.0000000000
48877  39.696  -24.990  41.492 0.0000000000
78209  59.132  -2.512  20.699 0.0000000000
78117  54.799  -2.856  25.658 0.0000000000
78081  56.440  -2.599  27.433 0.0000000000
75632  56.289  -3.806  28.403 0.0000000000
75654  54.868  -4.427  28.089 0.0000000000
75634  54.273  -4.511  29.208 0.0000000000
75655  53.740  -4.581  28.146 0.0000000000
74382  52.505  -4.706  26.304 0.0000000000
63278  39.803  -14.657  42.339 0.0000000000
73021  42.788  -7.105  35.443 0.0000000000
73020  43.445  -6.395  35.008 0.0000000000
74239  44.552  -5.116  37.488 0.0000000000
75452  44.799  -4.542  39.114 0.0000000000
76691  46.395  -3.708  40.581 0.0000000000
75400  44.444  -4.587  42.505 0.0000000000
76661  45.575  -3.593  42.243 0.0000000000
76672  47.084  -3.520  41.203 0.0000000000
74180  47.225  -5.400  40.248 0.0000000000
66985  43.317  -11.614  41.857 0.0000000000
68178  43.268  -10.504  41.596 0.0000000000
55373  25.534  -21.138  50.166 0.0000000000
55388  25.510  -20.612  50.084 0.0000000000
55403  26.246  -21.344  48.886 0.0000000000
73037  43.724  -6.200  32.784 0.0000000000
78116  55.900  -2.798  25.600 0.0000000000
146415  49.315  -4.445  32.213 0.0000000000
65741  42.114  -12.588  43.390 0.0000000000
65720  42.473  -11.856  43.502 0.0000000000
66949  42.410  -11.191  43.769 0.0000000000
66962  42.838  -11.461  43.284 0.0000000000
66948  42.971  -10.805  43.289 0.0000000000
49922  29.142  -23.998  48.306 0.0000000000
51201  29.806  -23.943  47.123 0.0000000000
49949  29.418  -24.775  46.912 0.0000000000
75553  46.060  -4.078  32.882 0.0000000000
75593  46.261  -4.938  30.874 0.0000000000
75552  47.303  -4.065  32.445 0.0000000000
76831  46.992  -3.849  33.185 0.0000000000
76734  46.801  -3.538  38.513 0.0000000000
76733  47.577  -3.443  38.268 0.0000000000
76688  48.312  -3.954  39.354 0.0000000000
76689  47.314  -4.091  39.625 0.0000000000
54091  38.940  -21.786  41.738 0.0000000000
54071  38.892  -21.105  41.790 0.0000000000
54110  39.672  -21.334  40.847 0.0000000000
48850  36.513  -25.719  43.614 0.0000000000
48863  36.060  -25.517  43.086 0.0000000000
50006  36.769  -24.785  43.042 0.0000000000
49990  37.240  -25.072  43.671 0.0000000000
49989  37.797  -24.835  43.944 0.0000000000
48834  37.748  -25.989  44.223 0.0000000000
78151  60.383  -2.673  23.955 0.0000000000
79274  60.147  -1.849  23.220 0.0000000000
78175  60.212  -2.331  23.285 0.0000000000
78176  59.956  -2.663  23.213 0.0000000000
76984  59.205  -3.139  23.244 0.0000000000
78067  53.300  -2.636  28.802 0.0000000000
78084  53.432  -2.405  27.811 0.0000000000
78053  54.102  -2.786  29.585 0.0000000000
78052  55.095  -2.691  29.402 0.0000000000
74357  49.555  -5.600  28.811 0.0000000000
74372  50.053  -5.674  27.749 0.0000000000
59322  39.428  -17.252  44.211 0.0000000000
60562  38.936  -16.991  44.289 0.0000000000
60553  39.416  -16.734  44.200 0.0000000000
66987  40.323  -11.651  41.368 0.0000000000
67000  40.337  -11.520  40.079 0.0000000000
71765  42.090  -7.284  41.079 0.0000000000
72958  42.594  -6.596  40.538 0.0000000000
72975  42.602  -6.696  39.390 0.0000000000
72957  43.195  -5.975  41.135 0.0000000000
71763  44.526  -7.151  41.509 0.0000000000
71747  44.845  -6.618  41.781 0.0000000000
71777  45.565  -6.708  40.278 0.0000000000
53997  27.246  -21.787  48.277 0.0000000000
53996  27.525  -21.815  47.605 0.0000000000
52609  27.832  -22.354  48.274 0.0000000000
52608  28.283  -22.750  48.486 0.0000000000
51178  27.802  -22.997  48.817 0.0000000000
51190  27.817  -23.394  48.225 0.0000000000
75555  44.263  -5.076  32.897 0.0000000000
74294  44.589  -5.230  32.094 0.0000000000
75554  44.792  -4.905  32.619 0.0000000000
75537  45.015  -4.550  33.630 0.0000000000
75523  45.000  -4.416  34.681 0.0000000000
76756  46.269  -3.679  37.770 0.0000000000
75469  45.583  -4.009  37.935 0.0000000000
48807  32.729  -25.969  46.381 0.0000000000
48821  32.851  -25.648  45.443 0.0000000000
48806  33.405  -26.319  46.175 0.0000000000
45757  34.865  -28.229  45.992 0.0000000000
46656  34.967  -27.640  46.062 0.0000000000
47725  35.306  -27.595  45.460 0.0000000000
47739  35.547  -27.136  44.487 0.0000000000
46666  35.659  -27.409  44.637 0.0000000000
46681  36.863  -27.015  44.015 0.0000000000
78133  58.183  -1.789  24.389 0.0000000000
79244  59.391  -1.647  24.638 0.0000000000
78079  57.701  -2.890  26.760 0.0000000000
76923  57.985  -3.118  26.320 0.0000000000
75651  57.574  -3.401  26.850 0.0000000000
75652  56.940  -3.787  27.529 0.0000000000
76876  49.358  -3.989  29.339 0.0000000000
76894  49.104  -4.065  28.389 0.0000000000
76852  50.977  -3.854  30.050 0.0000000000
76874  50.829  -3.651  29.549 0.0000000000
76873  51.533  -3.650  29.734 0.0000000000
76890  52.016  -3.433  29.511 0.0000000000
76850  52.475  -3.766  30.301 0.0000000000
63232  41.054  -15.133  44.314 0.0000000000
64495  40.707  -14.864  44.682 0.0000000000
64506  41.003  -14.472  44.215 0.0000000000
65723  41.073  -11.638  44.001 0.0000000000
65743  40.975  -12.411  43.576 0.0000000000
66964  40.870  -11.922  43.398 0.0000000000
66974  40.725  -12.008  42.627 0.0000000000
68157  40.848  -11.289  43.120 0.0000000000
68169  40.383  -9.982  42.237 0.0000000000
68145  41.099  -10.973  43.598 0.0000000000
69374  41.834  -9.575  44.021 0.0000000000
69387  41.193  -8.793  43.582 0.0000000000
71711  41.189  -8.142  44.226 0.0000000000
71733  41.685  -7.784  43.179 0.0000000000
71722  41.862  -7.751  43.840 0.0000000000
72885  42.462  -7.021  43.819 0.0000000000
71721  42.538  -7.680  43.955 0.0000000000
69404  43.180  -9.864  42.692 0.0000000000
70576  43.376  -8.331  43.417 0.0000000000
70588  43.511  -8.440  42.833 0.0000000000
70599  43.600  -8.088  42.291 0.0000000000
54022  27.632  -21.528  45.451 0.0000000000
54021  28.185  -22.242  45.335 0.0000000000
51214  30.007  -23.766  46.064 0.0000000000
51226  30.234  -23.663  45.122 0.0000000000
49948  30.953  -24.594  46.050 0.0000000000
49947  31.589  -25.167  46.206 0.0000000000
75617  47.500  -4.986  28.898 0.0000000000
75551  48.055  -3.998  32.395 0.0000000000
146418  48.422  -4.103  32.240 0.0000000000
76820  48.855  -3.963  32.964 0.0000000000
76807  49.024  -3.948  34.024 0.0000000000
76789  48.934  -3.439  35.374 0.0000000000
76788  49.632  -3.879  34.942 0.0000000000
76770  49.330  -4.056  36.117 0.0000000000
76792  46.420  -3.756  35.949 0.0000000000
76791  47.222  -3.523  35.603 0.0000000000
76731  49.236  -3.855  38.133 0.0000000000
76753  48.569  -3.554  37.199 0.0000000000
77969  49.961  -3.733  38.095 0.0000000000
76751  50.665  -3.903  37.840 0.0000000000
54036  37.560  -20.518  43.889 0.0000000000
55457  37.356  -19.802  43.902 0.0000000000
54035  38.080  -20.544  43.652 0.0000000000
56819  38.783  -19.655  42.483 0.0000000000
56807  38.508  -19.185  43.268 0.0000000000
58109  38.863  -18.697  43.287 0.0000000000
58095  39.223  -18.083  44.038 0.0000000000
58108  39.369  -18.445  43.229 0.0000000000
56834  40.355  -19.980  40.802 0.0000000000
56852  41.078  -20.009  40.534 0.0000000000
59399  42.178  -17.877  41.436 0.0000000000
58122  40.957  -18.171  41.792 0.0000000000
59381  41.338  -17.751  41.884 0.0000000000
59362  40.624  -17.595  42.757 0.0000000000
59361  41.349  -17.104  42.658 0.0000000000
59340  41.461  -16.660  43.070 0.0000000000
59360  41.972  -16.610  42.191 0.0000000000
59377  44.050  -16.504  43.084 0.0000000000
59337  43.296  -16.066  42.605 0.0000000000
61866  43.872  -15.738  42.919 0.0000000000
61867  43.184  -15.354  42.598 0.0000000000
63264  43.655  -15.014  42.266 0.0000000000
63263  43.983  -14.172  42.152 0.0000000000
61894  44.010  -15.624  41.611 0.0000000000
48853  33.255  -25.563  43.591 0.0000000000
49991  33.036  -25.347  43.086 0.0000000000
48866  33.433  -25.391  42.772 0.0000000000
51276  36.797  -23.629  42.566 0.0000000000
52692  36.586  -22.450  42.610 0.0000000000
54073  36.531  -21.422  42.892 0.0000000000
54055  37.030  -21.076  43.666 0.0000000000
52676  37.027  -22.247  43.156 0.0000000000
51274  38.505  -23.361  42.655 0.0000000000
51273  38.956  -24.206  42.426 0.0000000000
47750  39.054  -27.094  43.700 0.0000000000
50020  39.787  -24.718  41.117 0.0000000000
78194  59.217  -2.468  21.636 0.0000000000
78196  57.548  -2.674  20.859 0.0000000000
76910  49.683  -3.572  27.803 0.0000000000
76926  49.653  -3.329  26.848 0.0000000000
76925  50.171  -3.188  27.461 0.0000000000
78119  52.574  -2.625  25.815 0.0000000000
78099  55.703  -2.700  26.637 0.0000000000
78082  55.534  -2.499  27.640 0.0000000000
76889  55.928  -3.631  28.984 0.0000000000
76888  56.398  -3.212  28.568 0.0000000000
75653  56.043  -4.299  27.897 0.0000000000
75615  53.588  -4.646  30.051 0.0000000000
75656  52.770  -4.520  28.125 0.0000000000
75681  52.279  -4.640  27.237 0.0000000000
75680  53.123  -4.642  27.119 0.0000000000
74383  51.735  -4.725  26.392 0.0000000000
64524  40.025  -14.460  44.329 0.0000000000
63265  39.579  -14.899  43.191 0.0000000000
69414  40.166  -9.402  41.319 0.0000000000
71801  41.174  -8.209  38.481 0.0000000000
73001  42.669  -7.051  37.179 0.0000000000
73011  43.238  -6.500  36.294 0.0000000000
74240  43.875  -5.698  36.886 0.0000000000
74223  43.870  -5.659  38.030 0.0000000000
75441  44.731  -4.653  39.987 0.0000000000
75440  45.319  -4.322  39.785 0.0000000000
76714  45.960  -3.995  39.681 0.0000000000
76692  45.795  -4.055  40.702 0.0000000000
74140  43.371  -5.759  43.088 0.0000000000
75401  43.851  -5.056  42.572 0.0000000000
75389  44.393  -5.046  42.849 0.0000000000
74150  46.015  -5.374  41.871 0.0000000000
75398  45.981  -4.343  42.329 0.0000000000
75413  46.516  -4.664  41.877 0.0000000000
77916  46.513  -3.063  41.757 0.0000000000
75412  46.886  -4.469  41.269 0.0000000000
75411  47.132  -4.497  40.329 0.0000000000
74164  46.898  -5.279  40.664 0.0000000000
71775  46.962  -6.792  39.903 0.0000000000
64559  43.865  -13.491  41.334 0.0000000000
65757  43.348  -12.297  42.030 0.0000000000
65773  43.439  -12.498  41.598 0.0000000000
55419  26.698  -21.256  47.928 0.0000000000
53969  26.400  -22.000  49.219 0.0000000000
74295  44.157  -5.468  32.277 0.0000000000
74280  44.444  -4.893  34.070 0.0000000000
74265  44.552  -4.988  35.138 0.0000000000
74253  44.596  -5.086  36.313 0.0000000000
46650  32.449  -27.950  46.921 0.0000000000
47701  33.387  -27.367  46.888 0.0000000000
45759  33.489  -28.073  46.280 0.0000000000
45769  34.394  -28.193  45.528 0.0000000000
78114  57.868  -2.329  25.331 0.0000000000
78097  57.514  -2.497  26.302 0.0000000000
78080  57.189  -2.645  27.178 0.0000000000
75590  49.758  -3.984  30.403 0.0000000000
75589  50.346  -4.036  30.407 0.0000000000
64522  41.538  -13.724  43.397 0.0000000000
65701  41.218  -11.492  44.188 0.0000000000
68134  41.232  -10.744  43.947 0.0000000000
66934  41.656  -10.915  44.190 0.0000000000
68132  41.910  -10.224  43.930 0.0000000000
69385  42.221  -9.710  43.888 0.0000000000
70577  42.616  -8.602  43.967 0.0000000000
68141  42.919  -10.135  43.112 0.0000000000
68154  43.163  -10.413  42.864 0.0000000000
68167  43.249  -10.489  42.359 0.0000000000
52621  29.132  -23.144  47.402 0.0000000000
49935  30.721  -24.906  46.840 0.0000000000
74306  45.173  -5.237  31.091 0.0000000000
75594  45.606  -5.189  30.820 0.0000000000
76830  47.829  -3.716  32.938 0.0000000000
76821  48.428  -3.649  33.423 0.0000000000
76790  48.050  -3.313  35.328 0.0000000000
76754  47.878  -3.129  37.151 0.0000000000
76710  49.323  -3.621  38.944 0.0000000000
76709  50.430  -3.556  38.918 0.0000000000
75439  49.822  -4.209  39.167 0.0000000000
75426  48.667  -4.475  39.221 0.0000000000
74178  48.230  -5.487  38.877 0.0000000000
55488  38.634  -20.705  42.522 0.0000000000
55487  39.004  -20.271  41.810 0.0000000000
56818  39.280  -19.592  41.856 0.0000000000
56851  41.939  -19.677  40.736 0.0000000000
59379  42.835  -16.736  41.818 0.0000000000
59397  43.681  -16.807  41.637 0.0000000000
48851  35.366  -25.906  43.653 0.0000000000
48865  34.105  -25.585  42.823 0.0000000000
50023  35.564  -24.800  41.731 0.0000000000
50022  36.372  -24.492  42.303 0.0000000000
51254  37.470  -23.512  43.174 0.0000000000
49988  38.646  -25.160  43.869 0.0000000000
78192  60.190  -2.080  22.602 0.0000000000
78178  58.728  -2.616  22.006 0.0000000000
75700  56.713  -4.223  25.390 0.0000000000
78069  51.149  -3.103  28.420 0.0000000000
78086  51.344  -2.711  27.753 0.0000000000
78103  51.405  -2.476  26.796 0.0000000000
78102  52.446  -2.396  26.821 0.0000000000
78083  54.517  -2.376  27.757 0.0000000000
78065  55.383  -2.423  28.604 0.0000000000
76870  55.495  -3.387  29.667 0.0000000000
75613  55.257  -4.092  30.268 0.0000000000
74355  51.836  -4.654  29.209 0.0000000000
75636  52.340  -4.618  28.793 0.0000000000
75637  51.684  -4.687  28.662 0.0000000000
75658  51.380  -4.830  28.122 0.0000000000
59324  38.362  -17.862  45.215 0.0000000000
65759  40.599  -13.026  42.700 0.0000000000
64562  40.144  -13.670  42.068 0.0000000000
64580  40.321  -13.288  41.247 0.0000000000
65794  40.371  -12.628  40.596 0.0000000000
70614  41.040  -8.367  41.176 0.0000000000
70630  40.975  -8.478  40.267 0.0000000000
71780  41.491  -7.835  40.623 0.0000000000
71794  41.437  -7.973  39.632 0.0000000000
71793  41.955  -7.403  38.935 0.0000000000
71800  41.936  -7.482  37.825 0.0000000000
72988  43.344  -6.281  38.707 0.0000000000
74209  43.937  -5.639  39.090 0.0000000000
74194  43.932  -5.445  39.894 0.0000000000
74181  44.172  -5.013  41.162 0.0000000000
71731  44.607  -6.775  42.530 0.0000000000
74138  44.684  -5.631  42.701 0.0000000000
72899  44.663  -6.302  42.609 0.0000000000
72918  45.136  -6.011  42.033 0.0000000000
72917  45.739  -5.947  41.540 0.0000000000
72934  46.201  -5.829  40.921 0.0000000000
72935  45.871  -6.215  40.731 0.0000000000
54008  28.040  -22.029  46.362 0.0000000000
53995  27.904  -21.899  46.978 0.0000000000
52622  28.327  -22.475  47.452 0.0000000000
52607  28.886  -22.947  48.028 0.0000000000
51188  29.246  -23.514  48.137 0.0000000000
49923  28.746  -24.130  48.177 0.0000000000
75570  44.857  -5.123  31.972 0.0000000000
76823  46.659  -3.755  33.809 0.0000000000
75507  45.761  -4.039  36.348 0.0000000000
76774  46.356  -3.585  36.888 0.0000000000
54109  40.206  -21.511  40.572 0.0000000000
49975  31.787  -24.725  43.961 0.0000000000
49974  32.233  -25.060  44.396 0.0000000000
48839  32.765  -25.447  44.561 0.0000000000
48838  33.511  -25.823  44.569 0.0000000000
47714  33.564  -27.017  46.232 0.0000000000
48819  34.040  -26.637  45.039 0.0000000000
48837  34.384  -26.248  44.438 0.0000000000
48835  36.674  -26.365  43.964 0.0000000000
47737  38.020  -26.768  44.400 0.0000000000
47751  37.422  -26.952  44.214 0.0000000000
46695  37.654  -27.102  43.485 0.0000000000
46710  37.532  -27.024  42.617 0.0000000000
79243  59.942  -2.180  24.695 0.0000000000
76963  60.450  -3.004  24.692 0.0000000000
76965  59.301  -3.430  24.030 0.0000000000
76949  59.271  -3.242  24.781 0.0000000000
76938  58.368  -3.386  25.349 0.0000000000
76924  58.137  -3.279  25.976 0.0000000000
75678  55.323  -4.551  26.884 0.0000000000
76909  50.276  -3.291  28.134 0.0000000000
76875  50.118  -3.754  29.393 0.0000000000
76892  50.629  -3.445  28.786 0.0000000000
78055  52.587  -3.305  29.830 0.0000000000
78037  53.818  -3.162  30.364 0.0000000000
76849  53.394  -3.663  30.752 0.0000000000
74316  52.899  -4.417  30.333 0.0000000000
74334  52.434  -4.600  29.716 0.0000000000
61841  40.427  -15.807  44.324 0.0000000000
61842  39.915  -15.888  44.408 0.0000000000
63217  40.183  -15.355  44.818 0.0000000000
64523  40.708  -13.699  43.920 0.0000000000
64542  40.815  -13.341  43.513 0.0000000000
65758  40.785  -12.987  43.228 0.0000000000
66973  40.766  -12.594  43.035 0.0000000000
69407  40.196  -9.861  41.861 0.0000000000
69406  40.499  -9.389  42.258 0.0000000000
68144  41.306  -9.998  43.339 0.0000000000
69397  40.955  -9.116  43.070 0.0000000000
70601  40.961  -8.685  42.591 0.0000000000
70607  41.188  -8.262  42.050 0.0000000000
71750  41.602  -7.660  42.350 0.0000000000
72921  42.039  -6.965  42.591 0.0000000000
72936  43.129  -5.936  42.130 0.0000000000
72920  42.754  -6.152  42.801 0.0000000000
72902  42.797  -6.269  43.565 0.0000000000
72883  43.769  -7.000  43.892 0.0000000000
71720  43.248  -7.630  43.888 0.0000000000
70575  43.759  -7.926  43.447 0.0000000000
72882  44.051  -7.047  43.748 0.0000000000
71732  44.270  -7.399  43.027 0.0000000000
71749  43.912  -7.537  42.121 0.0000000000
51239  30.911  -24.075  43.846 0.0000000000
52661  29.859  -23.370  44.496 0.0000000000
51240  30.375  -23.680  44.179 0.0000000000
51224  31.241  -24.426  44.247 0.0000000000
49959  31.437  -24.729  45.078 0.0000000000
49946  32.197  -25.619  45.989 0.0000000000
48808  31.914  -25.740  46.445 0.0000000000
48797  31.219  -25.725  46.706 0.0000000000
47704  31.620  -26.214  46.730 0.0000000000
47692  32.075  -26.946  47.317 0.0000000000
146410  49.573  -4.520  32.950 0.0000000000
75520  49.458  -4.260  34.608 0.0000000000
77993  48.330  -3.271  35.879 0.0000000000
77970  48.372  -3.379  36.868 0.0000000000
76771  48.856  -3.650  36.450 0.0000000000
55473  36.778  -19.866  43.689 0.0000000000
56775  38.104  -18.618  44.496 0.0000000000
55455  38.185  -19.745  43.549 0.0000000000
56790  38.264  -18.828  43.979 0.0000000000
56774  38.641  -18.486  45.111 0.0000000000
56773  39.139  -18.466  45.567 0.0000000000
58083  39.264  -18.005  44.906 0.0000000000
55526  39.958  -20.932  40.709 0.0000000000
56835  39.668  -19.916  41.279 0.0000000000
58143  39.654  -19.362  41.605 0.0000000000
58141  41.350  -18.646  41.211 0.0000000000
58123  40.461  -18.436  41.849 0.0000000000
58107  40.111  -18.184  42.652 0.0000000000
58094  39.851  -17.803  43.391 0.0000000000
60561  40.863  -16.298  43.734 0.0000000000
61853  41.198  -15.693  43.731 0.0000000000
61869  41.685  -15.694  43.130 0.0000000000
59339  42.089  -16.273  42.464 0.0000000000
60559  42.294  -16.041  42.517 0.0000000000
61868  42.164  -15.520  42.638 0.0000000000
63247  42.332  -14.503  42.724 0.0000000000
64520  43.139  -13.016  42.413 0.0000000000
64519  43.315  -12.813  42.113 0.0000000000
63245  43.518  -13.451  42.195 0.0000000000
64577  44.145  -14.081  40.901 0.0000000000
61903  44.204  -15.522  40.848 0.0000000000
63289  44.055  -14.657  40.316 0.0000000000
49993  31.906  -24.746  43.098 0.0000000000
48880  33.877  -25.274  42.238 0.0000000000
55489  36.414  -20.371  43.055 0.0000000000
54054  37.863  -21.396  43.746 0.0000000000
52691  38.472  -22.273  42.643 0.0000000000
51291  38.735  -22.803  42.002 0.0000000000
51289  39.697  -23.121  41.208 0.0000000000
48833  38.663  -26.063  44.490 0.0000000000
48847  39.363  -25.939  44.125 0.0000000000
48862  39.154  -25.738  43.204 0.0000000000
48878  39.329  -25.405  41.981 0.0000000000
50003  39.062  -25.003  42.892 0.0000000000
50021  39.461  -24.570  41.721 0.0000000000
56735  25.236  -19.979  49.498 0.0000000000
78224  58.989  -2.570  19.683 0.0000000000
76908  56.736  -2.866  27.831 0.0000000000
78064  56.201  -2.610  28.313 0.0000000000
76887  56.813  -3.483  27.934 0.0000000000
76848  54.510  -3.611  30.662 0.0000000000
75614  54.633  -4.442  30.203 0.0000000000
75635  53.119  -4.630  29.100 0.0000000000
75679  54.151  -4.805  27.006 0.0000000000
74398  52.586  -4.738  25.775 0.0000000000
73038  43.097  -6.842  33.210 0.0000000000
61855  39.536  -15.837  44.115 0.0000000000
61870  39.319  -15.598  43.447 0.0000000000
71808  41.961  -7.484  36.797 0.0000000000
74254  44.025  -5.757  35.684 0.0000000000
74222  44.389  -5.037  38.544 0.0000000000
75470  44.962  -4.492  38.153 0.0000000000
75451  45.428  -4.161  38.870 0.0000000000
76713  46.641  -3.908  39.542 0.0000000000
74167  43.791  -5.262  41.773 0.0000000000
75416  44.116  -4.849  42.192 0.0000000000
75415  44.409  -4.668  41.705 0.0000000000
75399  45.068  -4.563  42.583 0.0000000000
76662  44.995  -4.075  42.436 0.0000000000
76674  45.633  -3.588  41.558 0.0000000000
77931  45.980  -3.203  41.139 0.0000000000
77930  46.436  -2.987  41.151 0.0000000000
76690  46.807  -3.656  40.519 0.0000000000
74179  47.600  -5.194  39.717 0.0000000000
72953  47.934  -6.121  39.318 0.0000000000
72954  47.164  -6.012  40.264 0.0000000000
71774  47.603  -6.743  39.463 0.0000000000
65739  43.197  -12.182  42.391 0.0000000000
66972  43.247  -11.505  42.271 0.0000000000
68177  43.222  -11.059  42.076 0.0000000000
66986  43.296  -11.684  41.205 0.0000000000
45748  33.300  -28.035  46.871 0.0000000000
45749  32.899  -28.037  47.003 0.0000000000
45760  32.987  -28.115  46.601 0.0000000000
45768  35.174  -28.214  45.301 0.0000000000
45770  33.726  -28.085  45.729 0.0000000000
45771  33.179  -28.077  45.851 0.0000000000
45783  33.900  -27.758  45.203 0.0000000000
46635  32.575  -27.207  47.204 0.0000000000
46636  32.339  -27.144  47.236 0.0000000000
46640  33.366  -27.729  46.926 0.0000000000
46641  32.836  -27.508  47.165 0.0000000000
46642  32.223  -27.332  47.097 0.0000000000
46647  35.032  -28.061  46.151 0.0000000000
46648  34.672  -27.967  46.183 0.0000000000
46649  33.643  -27.710  46.326 0.0000000000
46655  35.298  -27.968  45.900 0.0000000000
46662  39.081  -27.137  44.217 0.0000000000
46663  38.859  -27.106  44.272 0.0000000000
46665  36.394  -27.002  44.264 0.0000000000
46678  39.098  -27.225  44.140 0.0000000000
46679  38.855  -27.317  44.103 0.0000000000
46680  38.021  -27.243  44.147 0.0000000000
47691  32.534  -26.965  47.247 0.0000000000
47702  33.107  -26.910  47.093 0.0000000000
47703  31.910  -26.712  46.896 0.0000000000
47713  34.199  -27.526  46.015 0.0000000000
47715  33.129  -26.463  46.721 0.0000000000
47726  34.401  -27.230  45.351 0.0000000000
47727  33.749  -26.608  45.649 0.0000000000
47735  39.035  -26.929  44.290 0.0000000000
47736  38.716  -26.768  44.371 0.0000000000
47749  39.276  -26.883  44.093 0.0000000000
47752  37.127  -26.882  44.150 0.0000000000
48788  32.241  -26.717  47.258 0.0000000000
48789  32.034  -26.593  47.164 0.0000000000
48796  31.882  -26.159  46.808 0.0000000000
48832  39.069  -26.538  44.359 0.0000000000
48848  38.916  -25.644  44.352 0.0000000000
49973  38.313  -25.498  44.336 0.0000000000
49987  39.124  -25.472  43.601 0.0000000000
49992  32.543  -25.098  43.408 0.0000000000
50035  39.758  -24.277  40.985 0.0000000000
51213  30.529  -24.150  45.687 0.0000000000
51225  30.816  -24.119  44.819 0.0000000000
51275  37.229  -24.125  42.999 0.0000000000
52593  27.817  -22.602  49.010 0.0000000000
52707  39.410  -22.490  41.380 0.0000000000
52708  38.753  -22.186  42.008 0.0000000000
52725  39.724  -21.883  40.872 0.0000000000
53968  27.400  -22.295  49.072 0.0000000000
53982  27.943  -22.413  48.904 0.0000000000
53983  27.705  -22.214  48.688 0.0000000000
54090  39.317  -21.570  41.282 0.0000000000
55504  39.992  -20.426  40.849 0.0000000000
55525  40.617  -20.744  40.506 0.0000000000
56758  39.150  -18.434  46.032 0.0000000000
56759  38.851  -18.578  45.880 0.0000000000
56789  38.958  -18.441  44.682 0.0000000000
56791  37.725  -19.087  44.018 0.0000000000
56833  42.046  -19.100  41.125 0.0000000000
58070  39.278  -18.072  45.840 0.0000000000
58071  38.920  -18.167  46.050 0.0000000000
58084  38.548  -18.258  45.676 0.0000000000
58096  37.585  -18.464  44.360 0.0000000000
58125  38.923  -18.892  42.849 0.0000000000
58142  40.257  -19.154  41.146 0.0000000000
58159  41.080  -19.337  40.718 0.0000000000
59310  39.037  -17.763  46.029 0.0000000000
59311  38.690  -17.860  45.857 0.0000000000
59338  42.863  -16.101  42.329 0.0000000000
59357  44.212  -16.445  43.216 0.0000000000
59358  43.656  -16.272  42.736 0.0000000000
59378  43.500  -16.282  42.317 0.0000000000
59400  41.801  -18.202  41.427 0.0000000000
60557  43.563  -16.142  42.905 0.0000000000
60558  42.962  -15.974  42.518 0.0000000000
60568  44.426  -16.317  43.211 0.0000000000
60569  44.049  -16.164  43.140 0.0000000000
60570  43.588  -15.904  42.874 0.0000000000
60571  42.151  -15.850  42.564 0.0000000000
60572  41.917  -15.865  42.748 0.0000000000
60582  44.008  -16.144  43.022 0.0000000000
61840  40.809  -15.536  44.254 0.0000000000
61852  42.370  -15.810  42.491 0.0000000000
61865  44.355  -15.979  43.099 0.0000000000
61882  43.966  -15.536  42.415 0.0000000000
61883  43.700  -15.497  42.528 0.0000000000
63216  40.611  -15.258  44.672 0.0000000000
63218  39.879  -15.287  44.779 0.0000000000
63249  39.617  -14.894  43.926 0.0000000000
64496  40.320  -14.962  44.953 0.0000000000
64497  40.056  -15.086  45.054 0.0000000000
64508  39.987  -14.824  44.911 0.0000000000
65702  41.026  -11.364  44.163 0.0000000000
65722  41.308  -12.143  44.148 0.0000000000
65724  40.999  -11.725  43.824 0.0000000000
65744  40.964  -11.867  43.689 0.0000000000
65774  43.487  -12.630  41.003 0.0000000000
66935  41.320  -11.180  44.137 0.0000000000
66936  41.066  -11.349  44.046 0.0000000000
66950  41.986  -11.334  44.164 0.0000000000
66951  41.424  -11.377  44.253 0.0000000000
66953  40.971  -11.663  43.592 0.0000000000
68143  42.082  -10.637  44.031 0.0000000000
68146  41.005  -11.423  43.556 0.0000000000
68155  41.034  -9.601  43.126 0.0000000000
68168  43.290  -9.836  41.963 0.0000000000
69373  42.010  -9.654  44.132 0.0000000000
69383  42.931  -9.827  43.029 0.0000000000
69386  41.425  -9.170  43.806 0.0000000000
69394  43.119  -9.836  42.919 0.0000000000
69395  43.138  -9.206  42.893 0.0000000000
69396  41.185  -9.288  43.403 0.0000000000
70564  42.089  -9.119  44.398 0.0000000000
70565  41.600  -8.703  44.251 0.0000000000
70566  41.310  -8.311  44.203 0.0000000000
70578  41.398  -8.558  44.132 0.0000000000
70579  41.283  -8.375  44.008 0.0000000000
70589  41.365  -8.096  43.189 0.0000000000
70598  43.904  -7.810  42.778 0.0000000000
70600  41.345  -8.161  42.834 0.0000000000
71710  41.443  -8.150  44.167 0.0000000000
71719  43.898  -7.491  43.600 0.0000000000
71723  41.308  -8.134  44.001 0.0000000000
71734  41.460  -8.016  43.695 0.0000000000
71746  45.506  -6.231  41.391 0.0000000000
71761  45.705  -6.192  41.018 0.0000000000
71764  44.133  -7.350  41.959 0.0000000000
72901  43.530  -6.348  43.541 0.0000000000
72919  43.044  -5.885  42.544 0.0000000000
72933  46.748  -5.732  40.607 0.0000000000
72938  41.899  -7.195  41.884 0.0000000000
72956  45.868  -6.416  40.436 0.0000000000
73012  42.580  -7.177  36.316 0.0000000000
74139  43.992  -5.721  43.080 0.0000000000
74141  42.968  -5.946  43.152 0.0000000000
74152  43.342  -5.654  42.618 0.0000000000
74163  47.216  -5.101  40.257 0.0000000000
74166  44.119  -4.956  41.561 0.0000000000
74193  44.281  -5.066  40.334 0.0000000000
75390  43.899  -5.076  43.025 0.0000000000
75391  43.642  -5.350  42.874 0.0000000000
75428  45.151  -4.434  40.502 0.0000000000
75429  44.660  -4.706  40.829 0.0000000000
75466  51.034  -4.605  37.677 0.0000000000
75487  49.270  -4.613  36.269 0.0000000000
75584  55.125  -4.073  30.581 0.0000000000
75585  54.820  -4.126  30.686 0.0000000000
75631  56.662  -3.606  28.113 0.0000000000
75675  57.806  -3.362  26.386 0.0000000000
75703  53.173  -4.768  25.871 0.0000000000
75704  52.568  -4.763  25.477 0.0000000000
76660  46.203  -3.381  42.228 0.0000000000
76671  46.822  -3.929  40.404 0.0000000000
76673  46.622  -3.855  41.902 0.0000000000
76675  45.003  -4.025  42.028 0.0000000000
76730  50.810  -3.557  38.369 0.0000000000
76750  51.204  -4.213  37.856 0.0000000000
76847  55.129  -3.848  30.500 0.0000000000
76851  51.702  -3.873  30.068 0.0000000000
76854  49.677  -3.877  29.932 0.0000000000
76869  56.084  -3.057  29.257 0.0000000000
76872  52.212  -3.614  29.948 0.0000000000
76906  57.628  -3.182  26.864 0.0000000000
76935  60.300  -2.851  25.215 0.0000000000
76936  60.068  -2.860  25.257 0.0000000000
76947  60.387  -2.940  25.045 0.0000000000
76948  60.029  -3.125  25.040 0.0000000000
76964  60.107  -3.212  24.328 0.0000000000
77901  46.297  -3.058  42.128 0.0000000000
77902  46.059  -3.002  42.159 0.0000000000
77915  46.832  -3.128  41.480 0.0000000000
77917  45.955  -2.975  41.704 0.0000000000
77929  46.883  -3.013  41.245 0.0000000000
77943  50.424  -3.180  38.978 0.0000000000
77944  50.188  -3.218  38.886 0.0000000000
77957  49.928  -3.195  38.511 0.0000000000
77968  50.419  -3.353  38.233 0.0000000000
77971  48.188  -3.217  36.821 0.0000000000
77981  48.430  -3.398  36.622 0.0000000000
77982  48.197  -3.219  36.447 0.0000000000
78038  53.019  -3.313  30.360 0.0000000000
78070  50.679  -3.184  28.269 0.0000000000
78111  60.236  -2.697  25.068 0.0000000000
78130  60.309  -2.618  24.679 0.0000000000
78131  60.126  -2.485  24.920 0.0000000000
78132  58.896  -1.577  24.763 0.0000000000
78152  60.297  -3.049  23.786 0.0000000000
79228  59.771  -2.213  24.934 0.0000000000
79229  59.579  -2.056  24.954 0.0000000000
79242  60.191  -2.365  24.550 0.0000000000
79245  58.887  -1.509  24.316 0.0000000000
79255  60.173  -2.243  24.211 0.0000000000
146408  49.635  -4.533  32.484 0.0000000000
