#!ascii label  , from subject sub001 vox2ras=TkReg
1319
65846  19.878  -10.700  38.605 0.0000000000
65669  30.539  -11.793  47.190 0.0000000000
84044  38.891  2.641  20.630 0.0000000000
73067  27.591  -6.516  30.280 0.0000000000
69426  31.782  -8.903  40.433 0.0000000000
89596  51.583  8.015  11.239 0.0000000000
79262  39.960  -0.604  24.182 0.0000000000
75757  33.934  -2.746  22.797 0.0000000000
65828  14.701  -11.634  39.233 0.0000000000
64567  25.064  -11.253  42.268 0.0000000000
63305  28.459  -12.749  39.844 0.0000000000
67064  23.339  -10.546  35.502 0.0000000000
85222  45.775  3.829  16.110 0.0000000000
64513  21.832  -10.811  44.308 0.0000000000
65750  18.352  -9.990  43.028 0.0000000000
82885  44.818  4.057  20.066 0.0000000000
66969  13.451  -11.106  43.853 0.0000000000
60564  10.616  -15.918  44.191 0.0000000000
75644  31.629  -2.535  28.571 0.0000000000
71833  28.991  -7.696  35.110 0.0000000000
65934  32.189  -12.241  34.474 0.0000000000
60694  30.495  -13.932  36.834 0.0000000000
76930  39.891  -0.537  26.874 0.0000000000
74434  36.413  -2.831  23.577 0.0000000000
75688  36.578  -2.053  26.033 0.0000000000
81668  43.143  1.021  26.982 0.0000000000
65886  18.484  -11.525  36.209 0.0000000000
65888  16.042  -12.810  35.973 0.0000000000
65848  17.827  -10.737  38.171 0.0000000000
65821  22.060  -10.692  39.870 0.0000000000
65842  24.289  -10.341  38.514 0.0000000000
65865  21.429  -10.454  38.007 0.0000000000
67067  20.254  -11.299  34.900 0.0000000000
84077  39.164  2.863  18.449 0.0000000000
85138  41.289  3.965  22.622 0.0000000000
85168  42.167  4.264  20.485 0.0000000000
84074  42.732  3.664  18.614 0.0000000000
65710  17.276  -9.748  44.859 0.0000000000
65769  15.073  -10.366  43.068 0.0000000000
65712  15.181  -10.493  45.597 0.0000000000
63186  11.703  -14.171  48.789 0.0000000000
64493  11.301  -13.746  46.186 0.0000000000
60549  10.745  -15.842  46.575 0.0000000000
59319  9.556  -17.679  46.495 0.0000000000
58058  9.469  -18.127  48.271 0.0000000000
74210  28.672  -5.436  38.271 0.0000000000
70650  30.222  -8.226  38.355 0.0000000000
69510  31.151  -9.781  35.041 0.0000000000
68222  32.074  -10.613  37.343 0.0000000000
63339  27.395  -12.451  36.494 0.0000000000
60673  29.291  -13.560  37.939 0.0000000000
62007  28.196  -13.337  34.348 0.0000000000
62037  29.199  -13.893  33.296 0.0000000000
75646  29.281  -3.620  28.648 0.0000000000
75716  29.577  -3.230  25.908 0.0000000000
73117  27.514  -6.232  27.137 0.0000000000
91895  54.852  9.858  9.410 0.0000000000
89607  51.818  7.808  9.114 0.0000000000
81700  39.018  0.750  22.789 0.0000000000
79283  36.907  -1.348  21.847 0.0000000000
84005  42.006  2.524  25.701 0.0000000000
61861  27.250  -11.940  44.056 0.0000000000
61845  29.167  -12.560  43.780 0.0000000000
64565  27.061  -11.925  41.005 0.0000000000
65861  26.077  -11.217  37.516 0.0000000000
65936  24.982  -11.383  33.866 0.0000000000
85212  47.858  3.801  17.595 0.0000000000
86337  48.022  4.428  15.886 0.0000000000
87412  48.937  5.335  13.356 0.0000000000
87431  49.249  5.322  11.094 0.0000000000
64571  20.833  -10.904  41.756 0.0000000000
64589  18.979  -10.517  41.373 0.0000000000
64533  20.312  -10.035  43.369 0.0000000000
64549  23.221  -11.380  43.065 0.0000000000
82931  45.409  3.200  18.694 0.0000000000
65805  16.431  -10.519  40.703 0.0000000000
67008  14.007  -11.301  40.830 0.0000000000
64575  12.103  -13.262  41.157 0.0000000000
66944  12.524  -11.543  46.195 0.0000000000
64537  11.376  -13.498  43.655 0.0000000000
53949  7.543  -19.786  49.795 0.0000000000
76899  35.872  -1.344  28.360 0.0000000000
75563  28.594  -4.397  32.018 0.0000000000
74274  28.609  -5.063  34.894 0.0000000000
73047  28.133  -6.695  32.501 0.0000000000
69525  30.331  -9.928  32.869 0.0000000000
65956  31.932  -11.934  32.644 0.0000000000
63408  32.236  -14.237  31.210 0.0000000000
61856  30.468  -13.309  42.502 0.0000000000
63266  32.330  -12.597  41.144 0.0000000000
65816  32.485  -12.006  39.110 0.0000000000
63351  32.160  -13.450  36.083 0.0000000000
63392  31.109  -14.131  32.423 0.0000000000
75713  32.705  -2.243  25.060 0.0000000000
75780  30.546  -4.238  23.026 0.0000000000
76897  39.345  -0.349  27.412 0.0000000000
75686  38.154  -2.036  26.152 0.0000000000
76916  37.740  -1.030  27.238 0.0000000000
78056  41.620  0.155  28.166 0.0000000000
65867  19.516  -10.748  37.615 0.0000000000
65869  17.540  -11.510  37.165 0.0000000000
65847  18.941  -10.588  38.428 0.0000000000
65822  21.079  -10.831  39.499 0.0000000000
65844  21.666  -10.508  38.880 0.0000000000
65845  20.745  -10.625  38.722 0.0000000000
65884  19.983  -10.739  36.955 0.0000000000
84056  38.978  2.915  19.452 0.0000000000
85157  39.730  3.197  22.363 0.0000000000
85155  41.673  4.305  21.407 0.0000000000
85170  39.964  3.461  21.067 0.0000000000
85200  40.518  3.658  19.064 0.0000000000
61823  11.224  -15.357  48.886 0.0000000000
61828  11.041  -15.210  47.036 0.0000000000
60545  10.865  -15.891  47.543 0.0000000000
59333  10.080  -17.164  45.839 0.0000000000
59306  10.178  -17.064  47.715 0.0000000000
59307  9.691  -17.626  47.458 0.0000000000
71796  29.742  -7.214  39.611 0.0000000000
70634  30.809  -8.347  39.805 0.0000000000
69467  31.741  -9.647  37.998 0.0000000000
69450  31.835  -9.472  39.008 0.0000000000
65668  31.183  -11.366  46.714 0.0000000000
63370  26.433  -12.314  34.593 0.0000000000
61986  27.671  -13.102  34.859 0.0000000000
62008  27.553  -13.122  33.820 0.0000000000
63383  27.404  -13.523  32.679 0.0000000000
75624  28.264  -4.735  29.558 0.0000000000
74363  28.160  -4.884  28.237 0.0000000000
89590  51.673  7.563  12.155 0.0000000000
90745  52.441  8.736  12.281 0.0000000000
90751  52.295  8.780  11.297 0.0000000000
90758  52.442  8.983  10.199 0.0000000000
89603  51.366  8.070  10.190 0.0000000000
80446  39.875  -0.000  23.804 0.0000000000
80455  37.953  -0.228  21.952 0.0000000000
78185  38.402  -1.624  22.914 0.0000000000
74436  35.308  -2.866  23.320 0.0000000000
75775  35.277  -2.896  22.361 0.0000000000
75776  34.211  -3.033  22.145 0.0000000000
80424  41.240  0.211  24.815 0.0000000000
81683  40.879  0.750  24.751 0.0000000000
82867  40.345  1.424  24.355 0.0000000000
65850  15.366  -11.857  37.942 0.0000000000
65852  13.502  -12.935  38.384 0.0000000000
63269  26.719  -11.473  42.856 0.0000000000
63268  27.499  -11.757  42.352 0.0000000000
64566  26.162  -11.506  41.678 0.0000000000
67034  23.710  -10.413  37.259 0.0000000000
65841  25.523  -10.658  38.443 0.0000000000
67033  24.585  -10.681  37.015 0.0000000000
64656  25.547  -11.275  35.744 0.0000000000
67084  24.339  -10.879  35.016 0.0000000000
67085  23.235  -10.936  34.610 0.0000000000
67147  29.826  -11.176  30.641 0.0000000000
85213  46.980  3.577  17.202 0.0000000000
85219  48.465  4.210  17.191 0.0000000000
85228  47.265  4.487  15.967 0.0000000000
86354  47.478  4.677  13.902 0.0000000000
86363  48.141  4.869  13.192 0.0000000000
87421  48.756  5.254  12.558 0.0000000000
64551  21.007  -10.584  42.650 0.0000000000
64552  20.250  -10.321  42.628 0.0000000000
64532  21.052  -10.426  43.477 0.0000000000
64530  22.849  -11.234  43.716 0.0000000000
64550  21.960  -11.149  42.602 0.0000000000
82911  46.360  2.694  19.283 0.0000000000
81734  45.028  3.472  19.169 0.0000000000
84089  42.787  3.265  17.342 0.0000000000
65766  18.180  -10.477  42.144 0.0000000000
65785  17.293  -10.447  41.424 0.0000000000
65767  17.186  -10.455  42.398 0.0000000000
66968  14.103  -10.590  43.479 0.0000000000
66980  14.349  -10.671  42.420 0.0000000000
66981  13.515  -11.197  42.834 0.0000000000
65789  12.585  -12.261  41.574 0.0000000000
65770  12.282  -12.400  42.633 0.0000000000
65679  12.788  -11.501  47.560 0.0000000000
63228  11.013  -14.399  45.590 0.0000000000
64503  11.269  -13.634  45.281 0.0000000000
63241  11.007  -14.221  44.458 0.0000000000
63272  11.290  -14.767  42.416 0.0000000000
75578  30.363  -3.475  31.539 0.0000000000
71812  28.670  -6.525  37.003 0.0000000000
74245  28.816  -4.803  36.758 0.0000000000
71834  28.574  -6.889  35.361 0.0000000000
73039  28.277  -6.284  33.606 0.0000000000
71857  28.635  -7.423  33.470 0.0000000000
71865  29.097  -8.648  32.886 0.0000000000
71843  29.603  -8.479  34.249 0.0000000000
68247  31.790  -11.194  35.296 0.0000000000
68277  31.694  -11.265  33.879 0.0000000000
67102  31.921  -11.804  33.816 0.0000000000
64705  32.351  -13.506  31.689 0.0000000000
64693  32.012  -13.538  32.669 0.0000000000
61889  28.850  -12.616  41.294 0.0000000000
61857  29.865  -13.305  42.687 0.0000000000
60612  29.080  -13.230  40.296 0.0000000000
60672  29.756  -13.897  37.755 0.0000000000
60597  30.750  -13.621  39.791 0.0000000000
61920  31.277  -13.662  39.022 0.0000000000
65776  32.492  -11.908  40.585 0.0000000000
61932  32.374  -13.433  38.512 0.0000000000
64625  33.106  -13.060  37.846 0.0000000000
60715  31.293  -13.527  36.063 0.0000000000
63412  28.641  -14.266  31.382 0.0000000000
63393  30.052  -14.104  32.732 0.0000000000
76901  33.740  -1.716  28.738 0.0000000000
75666  34.068  -1.591  27.030 0.0000000000
75668  32.054  -2.209  27.387 0.0000000000
74426  28.741  -4.733  24.731 0.0000000000
75761  29.874  -3.792  23.706 0.0000000000
90767  55.316  8.912  8.049 0.0000000000
76976  39.905  -1.392  25.150 0.0000000000
76979  38.423  -2.320  24.196 0.0000000000
75731  38.586  -2.173  25.017 0.0000000000
74407  36.448  -2.529  24.749 0.0000000000
74425  34.623  -2.570  24.274 0.0000000000
80405  43.148  0.251  27.953 0.0000000000
79224  41.888  0.009  26.888 0.0000000000
65887  17.301  -12.159  36.097 0.0000000000
65870  16.243  -11.989  36.950 0.0000000000
65827  15.978  -11.298  38.899 0.0000000000
66990  23.519  -10.806  41.392 0.0000000000
65780  25.202  -10.977  41.334 0.0000000000
65820  23.503  -10.442  39.687 0.0000000000
67025  22.973  -10.312  37.950 0.0000000000
67048  22.377  -10.478  36.239 0.0000000000
67065  22.285  -10.779  35.271 0.0000000000
67049  21.354  -10.779  36.071 0.0000000000
67051  19.419  -11.310  35.650 0.0000000000
85231  44.792  3.289  14.869 0.0000000000
64501  21.762  -10.767  44.981 0.0000000000
86287  42.903  4.607  22.458 0.0000000000
86301  43.022  4.555  21.557 0.0000000000
84034  43.466  4.136  20.368 0.0000000000
82916  43.409  3.759  19.227 0.0000000000
85198  42.399  3.946  19.406 0.0000000000
84075  41.243  3.561  18.267 0.0000000000
65730  17.842  -9.855  43.986 0.0000000000
65751  17.025  -10.375  43.373 0.0000000000
65731  16.610  -10.151  44.293 0.0000000000
65732  15.509  -10.282  44.642 0.0000000000
65733  14.482  -10.548  45.020 0.0000000000
65680  11.914  -12.443  47.572 0.0000000000
64480  11.635  -13.616  47.650 0.0000000000
63212  11.138  -14.484  46.573 0.0000000000
60554  10.585  -15.817  45.520 0.0000000000
60555  10.293  -16.536  45.146 0.0000000000
73002  29.103  -6.793  38.211 0.0000000000
70671  29.663  -8.229  36.538 0.0000000000
70683  30.304  -8.871  35.673 0.0000000000
69484  30.822  -9.341  36.350 0.0000000000
68235  31.809  -10.561  36.455 0.0000000000
68233  31.982  -11.403  35.884 0.0000000000
63328  27.631  -12.565  37.726 0.0000000000
60651  28.815  -13.335  39.081 0.0000000000
61947  27.978  -13.061  37.092 0.0000000000
60720  28.841  -13.809  36.392 0.0000000000
61984  29.071  -13.688  35.579 0.0000000000
62005  29.571  -13.463  35.004 0.0000000000
62024  28.667  -13.564  33.812 0.0000000000
63395  28.204  -14.054  32.110 0.0000000000
75645  30.269  -3.006  28.436 0.0000000000
75669  30.909  -2.623  27.508 0.0000000000
75671  29.433  -3.486  27.765 0.0000000000
74394  28.463  -4.704  26.507 0.0000000000
93005  54.417  10.162  10.374 0.0000000000
90762  53.465  8.781  8.878 0.0000000000
82879  38.940  1.692  22.465 0.0000000000
82901  37.488  1.099  20.100 0.0000000000
80469  37.702  0.200  21.503 0.0000000000
76995  37.238  -2.356  22.911 0.0000000000
77011  35.439  -2.775  21.554 0.0000000000
84000  43.901  2.425  26.956 0.0000000000
85105  43.716  2.956  26.585 0.0000000000
85110  43.407  3.593  25.990 0.0000000000
85119  41.514  3.156  24.724 0.0000000000
84026  39.798  2.774  23.311 0.0000000000
63189  29.420  -12.489  46.655 0.0000000000
64487  30.377  -12.577  45.836 0.0000000000
61860  28.097  -12.059  43.435 0.0000000000
61890  28.260  -12.080  41.801 0.0000000000
63295  27.793  -11.943  40.680 0.0000000000
65798  25.484  -10.735  40.333 0.0000000000
65817  26.681  -11.259  39.236 0.0000000000
64626  27.373  -12.141  38.048 0.0000000000
64640  26.589  -11.727  36.449 0.0000000000
64655  26.106  -11.613  35.286 0.0000000000
64668  25.758  -11.878  34.159 0.0000000000
86342  49.727  4.786  15.640 0.0000000000
86344  47.614  4.638  15.046 0.0000000000
86353  48.577  5.089  14.226 0.0000000000
87410  50.635  5.688  14.275 0.0000000000
87419  50.627  6.101  13.421 0.0000000000
87424  50.233  6.194  12.536 0.0000000000
88458  50.538  6.790  11.174 0.0000000000
88465  50.544  6.683  10.201 0.0000000000
64602  20.097  -11.072  40.288 0.0000000000
65802  19.310  -10.649  40.464 0.0000000000
64588  19.436  -10.739  41.131 0.0000000000
64574  18.917  -10.431  41.983 0.0000000000
64535  19.079  -9.864  42.919 0.0000000000
65727  20.885  -10.113  44.326 0.0000000000
65729  19.112  -9.684  43.913 0.0000000000
66941  18.843  -9.464  45.342 0.0000000000
65656  29.838  -11.239  47.747 0.0000000000
63191  27.782  -12.682  46.338 0.0000000000
63223  26.595  -11.972  44.877 0.0000000000
63255  25.263  -11.465  43.739 0.0000000000
63239  24.730  -11.531  44.433 0.0000000000
64568  24.310  -11.426  42.605 0.0000000000
66992  22.784  -11.222  41.949 0.0000000000
64585  21.355  -11.016  40.524 0.0000000000
85180  47.278  3.457  18.715 0.0000000000
84070  46.428  3.267  18.132 0.0000000000
85197  45.613  3.394  17.501 0.0000000000
82933  43.758  3.604  18.727 0.0000000000
84088  43.746  3.193  17.149 0.0000000000
84098  44.503  3.185  16.311 0.0000000000
65825  18.277  -10.408  39.335 0.0000000000
67005  16.441  -10.643  39.852 0.0000000000
67017  15.205  -11.120  39.794 0.0000000000
65786  16.079  -10.472  41.659 0.0000000000
66993  15.516  -10.621  40.809 0.0000000000
65806  14.398  -11.484  39.824 0.0000000000
65808  12.787  -12.581  40.338 0.0000000000
64590  12.286  -13.500  40.199 0.0000000000
65714  13.887  -10.564  46.012 0.0000000000
66958  12.515  -11.348  45.254 0.0000000000
65715  11.909  -12.142  45.602 0.0000000000
65754  11.948  -12.444  43.627 0.0000000000
64536  11.805  -13.113  42.932 0.0000000000
55399  8.518  -19.265  49.161 0.0000000000
79208  37.211  -0.963  28.288 0.0000000000
75620  32.012  -2.604  29.856 0.0000000000
75600  30.034  -3.328  30.383 0.0000000000
75601  29.231  -3.773  30.355 0.0000000000
74325  27.844  -5.303  30.520 0.0000000000
75547  28.671  -4.296  33.092 0.0000000000
74313  28.031  -5.424  31.698 0.0000000000
73056  27.739  -6.530  31.346 0.0000000000
70733  28.443  -8.739  31.632 0.0000000000
69551  29.069  -9.884  31.444 0.0000000000
68309  30.049  -10.769  31.623 0.0000000000
69524  30.875  -9.974  33.994 0.0000000000
68293  31.044  -10.881  32.772 0.0000000000
65976  31.349  -11.846  31.442 0.0000000000
65974  32.486  -12.875  31.239 0.0000000000
63423  32.605  -14.338  30.514 0.0000000000
69417  32.340  -9.023  41.842 0.0000000000
64486  31.049  -12.448  45.638 0.0000000000
63219  31.565  -12.447  44.419 0.0000000000
65726  32.343  -11.813  43.875 0.0000000000
60599  29.780  -13.503  40.295 0.0000000000
61871  31.219  -13.057  41.652 0.0000000000
66965  32.479  -11.019  43.036 0.0000000000
66967  32.497  -10.817  42.014 0.0000000000
68180  32.713  -10.340  40.971 0.0000000000
69424  32.700  -9.939  40.405 0.0000000000
67023  32.393  -11.289  38.118 0.0000000000
65881  32.400  -11.864  36.800 0.0000000000
64666  32.334  -13.120  35.137 0.0000000000
62021  30.664  -13.644  34.531 0.0000000000
63367  31.606  -13.644  34.500 0.0000000000
64680  32.036  -13.431  33.793 0.0000000000
63409  31.566  -14.375  31.252 0.0000000000
75665  35.207  -1.762  26.939 0.0000000000
75690  34.558  -2.117  26.013 0.0000000000
75735  32.935  -2.512  23.933 0.0000000000
75715  30.453  -2.683  25.589 0.0000000000
75736  31.853  -2.693  24.218 0.0000000000
75759  32.116  -3.201  23.224 0.0000000000
88468  50.930  6.669  9.262 0.0000000000
79205  39.196  0.136  28.010 0.0000000000
76915  38.696  -0.829  27.066 0.0000000000
78092  38.259  -0.542  27.684 0.0000000000
79203  40.424  0.532  28.388 0.0000000000
65823  20.299  -10.911  39.470 0.0000000000
84057  38.337  2.336  19.892 0.0000000000
82917  37.816  1.877  19.348 0.0000000000
84036  39.150  2.586  21.863 0.0000000000
85184  39.776  3.389  19.869 0.0000000000
60541  10.866  -15.923  48.509 0.0000000000
60546  10.576  -16.507  47.147 0.0000000000
60542  10.497  -16.474  48.070 0.0000000000
71781  31.072  -7.990  40.785 0.0000000000
70633  31.409  -8.682  40.144 0.0000000000
70648  31.299  -8.914  39.380 0.0000000000
69435  31.833  -9.190  39.916 0.0000000000
66901  31.354  -10.153  47.860 0.0000000000
66911  30.863  -10.891  47.261 0.0000000000
63385  26.121  -12.649  33.530 0.0000000000
63369  26.967  -12.806  34.191 0.0000000000
63384  26.834  -13.134  33.047 0.0000000000
74345  27.705  -5.577  29.521 0.0000000000
74364  27.730  -5.674  28.638 0.0000000000
89589  52.381  7.943  12.583 0.0000000000
89595  52.135  8.145  11.922 0.0000000000
90752  51.869  8.525  10.557 0.0000000000
79280  38.876  -0.649  23.103 0.0000000000
79263  39.307  -0.779  23.675 0.0000000000
74448  34.587  -2.822  22.874 0.0000000000
74447  34.858  -2.925  22.679 0.0000000000
75792  33.508  -4.108  21.523 0.0000000000
75777  33.277  -3.358  22.134 0.0000000000
79260  40.611  -0.349  24.794 0.0000000000
81682  41.151  0.894  24.966 0.0000000000
80445  40.428  0.074  24.368 0.0000000000
81693  40.580  0.551  24.524 0.0000000000
65872  14.274  -12.918  37.251 0.0000000000
65851  14.019  -12.651  37.905 0.0000000000
63270  26.033  -11.408  43.168 0.0000000000
63283  26.350  -11.518  42.489 0.0000000000
67047  23.451  -10.393  36.380 0.0000000000
67046  24.422  -10.629  36.382 0.0000000000
65901  24.968  -11.028  35.609 0.0000000000
67063  24.180  -10.581  35.746 0.0000000000
65994  30.514  -11.661  30.386 0.0000000000
85214  46.076  3.601  16.971 0.0000000000
85221  46.694  4.030  16.426 0.0000000000
86370  48.032  4.386  12.172 0.0000000000
64531  21.858  -10.901  43.584 0.0000000000
84032  45.074  4.301  20.425 0.0000000000
82884  45.329  4.112  19.993 0.0000000000
81719  45.859  3.092  19.680 0.0000000000
82896  44.659  3.803  19.690 0.0000000000
68161  13.766  -10.679  44.018 0.0000000000
66996  12.808  -11.675  42.362 0.0000000000
66982  12.724  -11.704  43.239 0.0000000000
65663  13.010  -11.502  48.351 0.0000000000
61849  10.800  -15.094  44.964 0.0000000000
61862  10.711  -14.966  43.996 0.0000000000
61878  10.857  -15.269  43.215 0.0000000000
71820  28.902  -7.611  36.060 0.0000000000
71821  28.569  -6.723  36.353 0.0000000000
71845  28.609  -7.075  34.398 0.0000000000
71844  29.141  -7.866  34.255 0.0000000000
71832  29.621  -8.243  34.953 0.0000000000
68261  31.851  -11.650  34.780 0.0000000000
68262  31.781  -11.446  34.488 0.0000000000
67101  32.012  -11.947  34.310 0.0000000000
65954  32.208  -12.432  33.733 0.0000000000
64692  32.255  -12.996  33.321 0.0000000000
61899  28.919  -12.883  40.639 0.0000000000
61909  28.827  -13.079  40.166 0.0000000000
60671  30.336  -13.975  37.581 0.0000000000
60647  30.754  -13.801  38.150 0.0000000000
60646  31.184  -13.762  38.103 0.0000000000
61918  32.303  -13.345  39.186 0.0000000000
60645  31.708  -13.701  37.820 0.0000000000
61945  31.876  -13.667  37.267 0.0000000000
60693  30.803  -13.689  36.756 0.0000000000
76902  32.849  -2.045  28.493 0.0000000000
76921  32.679  -1.748  27.779 0.0000000000
75643  32.284  -2.127  28.172 0.0000000000
76957  39.977  -1.269  25.692 0.0000000000
75730  38.975  -1.759  24.984 0.0000000000
75707  38.866  -1.746  25.441 0.0000000000
75687  37.404  -2.057  26.120 0.0000000000
74391  36.911  -2.265  25.392 0.0000000000
74392  36.186  -2.306  25.317 0.0000000000
74408  35.756  -2.615  24.800 0.0000000000
75710  35.464  -2.506  25.181 0.0000000000
81660  43.521  0.583  28.223 0.0000000000
76912  40.599  -0.032  27.212 0.0000000000
78089  41.527  0.055  27.432 0.0000000000
78124  40.483  -0.572  26.440 0.0000000000
78125  40.599  -0.699  26.003 0.0000000000
65849  16.680  -11.413  38.070 0.0000000000
67003  22.932  -10.752  41.193 0.0000000000
65800  22.996  -10.577  40.586 0.0000000000
65864  22.237  -10.373  38.217 0.0000000000
67035  22.486  -10.382  37.310 0.0000000000
67036  21.414  -10.581  37.031 0.0000000000
65885  19.348  -10.980  36.640 0.0000000000
85126  42.058  4.250  23.290 0.0000000000
85137  42.234  4.517  21.994 0.0000000000
85154  42.771  4.381  20.860 0.0000000000
85153  43.602  4.340  20.981 0.0000000000
85167  42.816  4.193  20.263 0.0000000000
85181  42.620  4.065  19.895 0.0000000000
85182  41.826  4.092  19.939 0.0000000000
85201  39.667  3.312  18.988 0.0000000000
84076  40.079  3.303  18.178 0.0000000000
64461  12.053  -13.470  49.125 0.0000000000
64471  11.860  -13.448  48.319 0.0000000000
61836  10.804  -15.128  46.056 0.0000000000
59318  10.219  -17.153  46.810 0.0000000000
56754  8.889  -18.724  48.020 0.0000000000
71803  30.199  -8.063  38.780 0.0000000000
71804  29.683  -7.586  38.535 0.0000000000
71811  29.033  -7.317  37.271 0.0000000000
70663  29.945  -8.201  37.606 0.0000000000
70670  30.642  -8.870  36.920 0.0000000000
69466  31.961  -10.211  37.606 0.0000000000
69482  31.841  -10.361  37.055 0.0000000000
68234  31.884  -10.970  36.123 0.0000000000
68220  32.155  -11.306  36.614 0.0000000000
61961  28.387  -13.455  36.640 0.0000000000
61985  28.406  -13.454  35.502 0.0000000000
62006  28.860  -13.519  34.735 0.0000000000
62039  27.898  -13.784  32.629 0.0000000000
74379  27.828  -5.578  27.742 0.0000000000
74378  28.284  -4.746  27.403 0.0000000000
74395  27.914  -5.420  26.814 0.0000000000
90764  52.173  8.332  9.311 0.0000000000
91891  53.186  9.281  9.759 0.0000000000
90763  52.834  8.602  9.106 0.0000000000
90770  53.150  8.343  8.570 0.0000000000
89606  52.456  8.130  8.783 0.0000000000
81707  38.059  0.777  21.651 0.0000000000
81701  38.452  0.465  22.277 0.0000000000
79282  37.522  -1.124  22.111 0.0000000000
80456  37.442  -0.634  21.714 0.0000000000
79300  37.137  -0.924  21.612 0.0000000000
78203  36.427  -1.768  21.728 0.0000000000
76980  37.752  -2.466  23.596 0.0000000000
78168  37.861  -2.283  23.084 0.0000000000
75754  36.817  -2.636  23.405 0.0000000000
76997  35.917  -2.481  22.215 0.0000000000
75790  34.893  -3.373  21.129 0.0000000000
77025  35.348  -3.183  20.778 0.0000000000
81670  43.582  1.277  27.285 0.0000000000
82852  44.045  1.729  27.518 0.0000000000
82854  43.480  1.747  26.840 0.0000000000
84002  42.488  2.061  26.196 0.0000000000
84001  43.102  2.459  26.327 0.0000000000
84004  42.755  2.954  26.010 0.0000000000
85111  42.594  3.214  25.711 0.0000000000
85118  42.262  3.768  24.913 0.0000000000
84011  41.698  2.971  25.069 0.0000000000
82875  39.815  1.404  23.854 0.0000000000
84022  40.069  2.365  23.973 0.0000000000
82876  39.392  1.458  23.211 0.0000000000
84027  39.460  2.392  23.003 0.0000000000
63205  28.186  -12.529  45.640 0.0000000000
61833  28.380  -12.287  44.841 0.0000000000
61847  27.845  -12.003  44.393 0.0000000000
63282  27.069  -11.888  41.776 0.0000000000
63281  27.975  -11.870  41.233 0.0000000000
64583  27.530  -11.890  40.162 0.0000000000
65819  24.834  -10.508  39.523 0.0000000000
65862  25.150  -10.727  37.431 0.0000000000
65840  26.439  -11.203  38.470 0.0000000000
64616  27.161  -11.785  38.686 0.0000000000
64627  26.936  -11.747  37.699 0.0000000000
65915  25.294  -11.280  34.879 0.0000000000
67066  21.224  -10.996  35.043 0.0000000000
67086  22.187  -11.193  34.314 0.0000000000
67087  21.168  -11.610  34.042 0.0000000000
85211  48.943  3.962  17.863 0.0000000000
86336  48.806  4.387  16.352 0.0000000000
85239  46.126  4.116  14.262 0.0000000000
85229  46.496  4.326  15.383 0.0000000000
86352  49.654  5.238  14.751 0.0000000000
87411  49.697  5.516  13.829 0.0000000000
87425  49.447  5.612  12.066 0.0000000000
87430  50.022  6.163  11.627 0.0000000000
64587  20.063  -11.025  41.101 0.0000000000
64603  19.639  -10.862  40.539 0.0000000000
64573  19.525  -10.477  41.923 0.0000000000
64553  19.591  -10.132  42.528 0.0000000000
64554  18.951  -10.100  42.561 0.0000000000
64534  19.567  -9.858  42.957 0.0000000000
64502  21.240  -10.305  44.602 0.0000000000
65708  20.002  -9.649  44.745 0.0000000000
66940  19.491  -9.544  45.123 0.0000000000
65709  18.659  -9.573  44.722 0.0000000000
63179  29.022  -12.411  47.030 0.0000000000
63237  26.058  -11.577  44.369 0.0000000000
64511  23.533  -11.406  44.392 0.0000000000
64529  23.897  -11.432  43.851 0.0000000000
64528  24.631  -11.514  43.568 0.0000000000
64569  23.765  -11.472  42.795 0.0000000000
65764  23.330  -11.375  42.473 0.0000000000
65765  22.726  -11.287  42.395 0.0000000000
64570  21.478  -11.070  41.432 0.0000000000
64586  20.702  -11.105  40.865 0.0000000000
80486  36.814  0.114  20.065 0.0000000000
82912  45.995  2.855  18.754 0.0000000000
84053  46.504  3.127  18.581 0.0000000000
84071  45.845  3.266  18.190 0.0000000000
85196  46.331  3.367  17.675 0.0000000000
82934  43.467  3.682  18.929 0.0000000000
84100  42.998  2.786  16.382 0.0000000000
84087  44.387  3.218  16.905 0.0000000000
84099  43.917  2.839  16.339 0.0000000000
65803  18.780  -10.420  40.512 0.0000000000
65804  17.521  -10.413  40.316 0.0000000000
67006  15.657  -10.745  40.137 0.0000000000
65768  16.092  -10.453  42.728 0.0000000000
66995  13.533  -11.272  41.714 0.0000000000
66994  14.734  -10.695  41.374 0.0000000000
67007  14.735  -11.125  40.240 0.0000000000
65807  13.816  -11.726  40.013 0.0000000000
65788  13.342  -11.849  40.892 0.0000000000
63284  11.734  -14.074  40.858 0.0000000000
66929  13.107  -11.192  46.800 0.0000000000
66928  13.564  -10.767  46.493 0.0000000000
66943  13.332  -10.793  45.969 0.0000000000
65681  11.588  -13.236  47.262 0.0000000000
65698  11.571  -13.074  46.747 0.0000000000
64516  11.281  -13.436  44.525 0.0000000000
65736  11.448  -12.832  45.036 0.0000000000
65755  11.493  -12.855  44.270 0.0000000000
65735  11.867  -12.117  44.652 0.0000000000
56732  9.153  -18.579  49.208 0.0000000000
56720  9.242  -18.349  49.684 0.0000000000
55368  8.233  -18.994  50.146 0.0000000000
53962  8.130  -19.524  49.342 0.0000000000
76880  34.243  -2.001  30.034 0.0000000000
75599  31.155  -3.035  30.745 0.0000000000
75621  30.837  -2.945  29.582 0.0000000000
75579  29.391  -3.832  31.266 0.0000000000
75580  28.603  -4.514  30.996 0.0000000000
74260  28.826  -4.956  35.910 0.0000000000
75533  29.023  -4.426  34.111 0.0000000000
74301  28.157  -5.304  32.799 0.0000000000
71874  28.235  -7.664  31.874 0.0000000000
69526  29.613  -9.415  32.619 0.0000000000
70720  29.005  -8.960  32.416 0.0000000000
69539  29.528  -9.594  32.186 0.0000000000
69550  29.685  -10.319  31.605 0.0000000000
69538  29.948  -10.132  31.957 0.0000000000
70697  30.825  -9.480  35.454 0.0000000000
70708  30.399  -9.238  34.540 0.0000000000
67104  31.620  -11.333  33.343 0.0000000000
68278  31.289  -10.722  33.507 0.0000000000
67121  31.418  -11.312  32.791 0.0000000000
67134  31.283  -11.615  32.020 0.0000000000
67133  31.692  -11.747  32.456 0.0000000000
65975  31.823  -12.168  31.710 0.0000000000
63407  32.491  -14.030  31.156 0.0000000000
62049  32.223  -14.739  30.615 0.0000000000
63222  29.272  -12.562  44.502 0.0000000000
63203  30.410  -12.648  45.049 0.0000000000
63221  29.768  -12.737  44.388 0.0000000000
61843  30.367  -13.158  43.192 0.0000000000
63220  30.712  -12.792  44.032 0.0000000000
63235  30.978  -12.973  43.048 0.0000000000
64498  32.098  -12.184  44.123 0.0000000000
63234  31.533  -12.525  43.586 0.0000000000
60674  28.868  -13.372  38.215 0.0000000000
60628  29.042  -13.363  39.663 0.0000000000
60627  29.570  -13.513  39.344 0.0000000000
61898  31.217  -13.459  40.186 0.0000000000
60586  30.589  -13.512  40.315 0.0000000000
63267  31.875  -12.830  41.501 0.0000000000
64526  32.205  -12.259  42.575 0.0000000000
64525  32.478  -12.044  42.217 0.0000000000
66966  32.487  -10.925  42.436 0.0000000000
65760  32.554  -11.816  41.928 0.0000000000
65796  32.415  -11.908  40.051 0.0000000000
66988  32.602  -10.923  40.806 0.0000000000
67001  32.451  -11.296  39.869 0.0000000000
68188  32.623  -10.598  40.152 0.0000000000
68198  32.462  -10.822  39.232 0.0000000000
67014  32.439  -11.348  38.764 0.0000000000
63337  32.699  -13.042  37.092 0.0000000000
65880  32.690  -12.391  37.150 0.0000000000
64653  32.607  -12.939  36.422 0.0000000000
65913  32.417  -12.334  36.003 0.0000000000
63365  32.383  -13.174  35.689 0.0000000000
62023  29.336  -13.641  34.150 0.0000000000
62004  30.325  -13.485  35.085 0.0000000000
62022  30.080  -13.668  34.271 0.0000000000
63381  30.813  -13.864  33.741 0.0000000000
63380  31.592  -13.776  33.217 0.0000000000
76917  36.887  -1.206  27.747 0.0000000000
75641  35.288  -1.423  27.768 0.0000000000
75691  33.447  -1.948  26.033 0.0000000000
75712  33.994  -2.404  24.880 0.0000000000
75694  30.245  -2.773  26.649 0.0000000000
75693  31.274  -2.441  26.444 0.0000000000
75737  30.731  -2.953  24.492 0.0000000000
75760  31.132  -3.530  23.597 0.0000000000
75779  31.380  -4.120  22.702 0.0000000000
91911  56.185  9.158  7.740 0.0000000000
91910  57.184  9.346  7.258 0.0000000000
87447  50.894  5.969  8.923 0.0000000000
76914  39.579  -0.507  27.094 0.0000000000
76932  38.538  -1.378  26.430 0.0000000000
75662  37.922  -1.444  26.589 0.0000000000
75663  37.117  -1.546  26.720 0.0000000000
76895  40.198  0.090  27.506 0.0000000000
65868  18.609  -10.978  37.360 0.0000000000
64600  21.254  -10.934  39.980 0.0000000000
65866  20.460  -10.645  37.689 0.0000000000
85139  40.232  3.288  23.184 0.0000000000
85156  40.664  3.731  21.893 0.0000000000
85169  41.158  4.085  20.782 0.0000000000
85183  40.795  3.891  19.977 0.0000000000
65692  16.699  -9.801  45.728 0.0000000000
61826  11.203  -15.307  47.975 0.0000000000
60550  10.447  -16.494  46.175 0.0000000000
59297  9.826  -17.499  48.143 0.0000000000
58057  9.819  -17.650  48.553 0.0000000000
71782  30.491  -7.477  40.486 0.0000000000
71795  30.253  -7.882  39.352 0.0000000000
70649  30.646  -8.504  38.885 0.0000000000
70662  30.697  -8.661  37.963 0.0000000000
70661  31.291  -9.053  38.465 0.0000000000
68209  32.152  -10.494  37.905 0.0000000000
63352  27.083  -12.517  35.309 0.0000000000
62026  27.459  -13.289  33.217 0.0000000000
75647  28.599  -4.377  28.795 0.0000000000
75648  27.999  -4.991  28.923 0.0000000000
88452  51.343  7.252  12.768 0.0000000000
89585  51.991  7.468  12.873 0.0000000000
91886  53.075  9.394  10.770 0.0000000000
90759  51.977  8.496  9.723 0.0000000000
81695  39.630  0.702  23.503 0.0000000000
80454  38.653  -0.111  22.691 0.0000000000
79281  38.331  -1.010  22.643 0.0000000000
78186  37.865  -1.834  22.695 0.0000000000
74435  36.044  -3.001  23.590 0.0000000000
75755  36.090  -2.886  23.155 0.0000000000
75756  35.695  -2.909  23.130 0.0000000000
75791  34.305  -3.616  21.375 0.0000000000
80420  41.904  0.675  25.906 0.0000000000
81672  42.479  1.068  26.329 0.0000000000
82858  41.423  1.533  25.357 0.0000000000
82859  41.207  1.795  25.084 0.0000000000
81684  40.593  0.965  24.571 0.0000000000
81694  40.166  0.714  24.189 0.0000000000
64618  13.314  -13.516  38.224 0.0000000000
64604  12.984  -13.214  38.765 0.0000000000
63253  26.873  -11.661  43.536 0.0000000000
64584  26.739  -11.612  40.584 0.0000000000
65863  24.307  -10.437  37.655 0.0000000000
65883  25.205  -10.996  36.396 0.0000000000
65882  25.767  -11.215  36.731 0.0000000000
67083  24.853  -11.097  34.936 0.0000000000
67105  24.755  -11.166  34.568 0.0000000000
67106  24.089  -11.312  34.171 0.0000000000
67107  23.105  -11.478  33.753 0.0000000000
68329  29.277  -10.695  30.783 0.0000000000
85220  47.711  4.147  16.692 0.0000000000
86355  46.728  4.285  13.605 0.0000000000
86364  47.193  4.232  12.911 0.0000000000
87426  48.763  5.121  11.695 0.0000000000
87432  48.856  5.077  11.295 0.0000000000
64572  20.135  -10.664  41.872 0.0000000000
82893  46.469  3.175  19.479 0.0000000000
81746  45.810  1.669  18.940 0.0000000000
81747  45.530  2.944  18.794 0.0000000000
65784  18.291  -10.440  41.294 0.0000000000
64555  12.069  -13.219  42.160 0.0000000000
65696  13.351  -11.078  47.200 0.0000000000
66918  12.702  -11.519  47.163 0.0000000000
65716  11.548  -12.961  45.897 0.0000000000
63259  11.061  -14.436  43.360 0.0000000000
75562  29.469  -3.802  32.310 0.0000000000
73003  28.713  -6.184  37.653 0.0000000000
74228  28.694  -5.157  37.493 0.0000000000
73013  28.692  -5.739  36.678 0.0000000000
73022  28.518  -5.893  35.641 0.0000000000
74289  28.212  -5.088  33.893 0.0000000000
73030  28.373  -6.047  34.630 0.0000000000
71866  28.658  -8.049  32.673 0.0000000000
71856  29.195  -8.377  33.467 0.0000000000
70711  29.589  -9.117  33.078 0.0000000000
68248  31.709  -10.794  35.464 0.0000000000
68264  31.428  -10.451  34.687 0.0000000000
68263  31.564  -10.877  34.509 0.0000000000
68276  31.793  -11.538  33.925 0.0000000000
67119  31.942  -11.848  33.163 0.0000000000
65955  32.133  -12.381  32.808 0.0000000000
64706  32.110  -13.789  31.920 0.0000000000
61875  29.083  -12.834  41.919 0.0000000000
61858  29.312  -12.917  42.811 0.0000000000
60577  29.330  -13.058  41.570 0.0000000000
60576  29.616  -13.262  41.392 0.0000000000
60626  30.081  -13.609  39.088 0.0000000000
60648  30.214  -13.762  38.341 0.0000000000
61908  31.277  -13.608  39.442 0.0000000000
61896  32.256  -13.178  40.374 0.0000000000
64563  32.466  -12.243  40.689 0.0000000000
61906  32.296  -13.263  39.915 0.0000000000
63293  32.633  -13.042  39.560 0.0000000000
64597  32.600  -12.405  39.318 0.0000000000
65838  32.759  -12.437  38.268 0.0000000000
63316  32.853  -13.256  38.205 0.0000000000
61958  32.372  -13.495  37.498 0.0000000000
61980  31.707  -13.583  36.230 0.0000000000
63394  29.027  -14.023  32.295 0.0000000000
62036  29.756  -13.899  33.649 0.0000000000
62052  30.120  -14.626  30.957 0.0000000000
63410  30.623  -14.417  31.310 0.0000000000
76900  34.768  -1.462  28.556 0.0000000000
75642  34.711  -1.537  27.635 0.0000000000
76920  33.406  -1.574  27.836 0.0000000000
75667  32.939  -1.517  27.009 0.0000000000
75692  32.361  -2.107  26.198 0.0000000000
75739  28.979  -3.890  25.266 0.0000000000
75738  29.727  -3.314  24.854 0.0000000000
75762  29.120  -4.006  24.391 0.0000000000
91904  54.445  9.186  8.628 0.0000000000
91903  55.475  9.352  8.288 0.0000000000
78164  40.134  -1.070  24.676 0.0000000000
78165  39.478  -1.243  24.246 0.0000000000
76978  38.978  -1.725  24.404 0.0000000000
75753  38.456  -2.351  24.667 0.0000000000
74421  37.329  -2.584  24.428 0.0000000000
75709  37.684  -2.443  25.516 0.0000000000
74406  37.177  -2.486  24.804 0.0000000000
74422  36.703  -2.729  24.109 0.0000000000
74423  35.927  -2.950  24.170 0.0000000000
74424  35.238  -2.744  24.139 0.0000000000
74437  34.614  -2.677  23.505 0.0000000000
81666  43.878  1.064  27.813 0.0000000000
81667  43.347  0.749  27.447 0.0000000000
80395  42.784  0.107  28.154 0.0000000000
80412  42.929  0.199  27.826 0.0000000000
80414  42.334  0.519  26.586 0.0000000000
80422  41.383  0.349  26.134 0.0000000000
79247  40.700  -0.585  25.463 0.0000000000
65781  24.150  -11.139  41.849 0.0000000000
65799  24.136  -10.580  40.751 0.0000000000
65843  22.878  -10.404  38.767 0.0000000000
67024  23.638  -10.320  38.054 0.0000000000
67050  20.279  -10.932  36.012 0.0000000000
67037  20.640  -10.742  36.773 0.0000000000
85223  44.936  3.491  15.802 0.0000000000
85230  45.529  3.803  15.093 0.0000000000
86270  43.836  4.830  23.752 0.0000000000
86286  43.642  4.779  22.690 0.0000000000
84033  44.237  4.068  20.333 0.0000000000
84041  44.077  3.878  20.042 0.0000000000
84042  43.764  3.903  20.069 0.0000000000
84055  42.994  3.853  19.445 0.0000000000
85199  41.606  3.926  19.186 0.0000000000
84091  40.641  3.032  17.160 0.0000000000
65752  15.866  -10.362  43.688 0.0000000000
65711  16.131  -10.064  45.205 0.0000000000
65753  14.835  -10.389  44.029 0.0000000000
66956  14.001  -10.533  44.304 0.0000000000
68162  13.606  -10.800  44.293 0.0000000000
65665  12.192  -12.748  48.586 0.0000000000
64481  11.426  -13.800  46.997 0.0000000000
60565  10.299  -16.816  44.301 0.0000000000
72990  29.209  -6.737  39.040 0.0000000000
72991  28.755  -6.160  38.598 0.0000000000
70684  29.463  -8.161  35.665 0.0000000000
69498  30.976  -9.574  35.963 0.0000000000
70669  31.256  -9.160  37.605 0.0000000000
69483  31.452  -9.804  36.797 0.0000000000
68249  31.560  -10.332  35.622 0.0000000000
68246  31.879  -11.561  35.190 0.0000000000
67062  32.093  -11.777  35.654 0.0000000000
63317  27.853  -12.735  38.723 0.0000000000
61922  28.550  -13.089  39.470 0.0000000000
61935  28.090  -13.088  38.123 0.0000000000
61946  28.455  -13.330  37.647 0.0000000000
61962  27.825  -13.084  35.975 0.0000000000
60697  28.813  -13.656  37.321 0.0000000000
60696  29.239  -14.037  37.121 0.0000000000
60719  29.387  -13.971  36.284 0.0000000000
60718  30.026  -13.908  36.115 0.0000000000
61983  29.561  -13.708  35.672 0.0000000000
62025  27.958  -13.468  33.353 0.0000000000
62038  28.473  -13.844  32.947 0.0000000000
75670  30.051  -2.991  27.466 0.0000000000
75695  29.485  -3.347  26.873 0.0000000000
75672  28.725  -4.140  27.991 0.0000000000
75696  28.866  -4.026  27.133 0.0000000000
75717  28.958  -3.949  26.220 0.0000000000
74411  28.643  -4.730  25.611 0.0000000000
91889  54.608  9.998  9.933 0.0000000000
91896  53.751  9.183  9.128 0.0000000000
91905  53.981  9.031  8.671 0.0000000000
89610  53.526  8.054  8.126 0.0000000000
82886  38.487  1.730  21.435 0.0000000000
82900  37.931  1.597  20.471 0.0000000000
82887  38.075  1.287  21.186 0.0000000000
81721  37.803  0.995  21.058 0.0000000000
80470  37.116  -0.255  21.139 0.0000000000
78167  38.389  -2.055  23.302 0.0000000000
78187  36.920  -1.790  22.362 0.0000000000
75774  36.225  -2.663  22.793 0.0000000000
78204  35.943  -2.288  21.627 0.0000000000
78218  35.637  -2.592  21.048 0.0000000000
85117  43.178  4.185  25.229 0.0000000000
85127  41.092  3.436  24.025 0.0000000000
84012  41.104  2.408  24.758 0.0000000000
84021  40.634  2.816  24.198 0.0000000000
85140  39.745  2.936  22.970 0.0000000000
64474  30.122  -12.470  46.546 0.0000000000
63204  29.334  -12.609  45.431 0.0000000000
61832  28.891  -12.450  44.485 0.0000000000
61846  28.474  -12.275  43.969 0.0000000000
61877  27.828  -11.796  42.924 0.0000000000
61876  28.432  -12.368  42.373 0.0000000000
63294  28.275  -12.352  40.262 0.0000000000
63306  28.126  -12.500  39.682 0.0000000000
65779  26.048  -11.149  40.830 0.0000000000
65818  25.978  -10.766  39.341 0.0000000000
65797  26.438  -11.083  40.030 0.0000000000
64599  27.112  -11.609  39.670 0.0000000000
64598  27.580  -12.219  39.250 0.0000000000
64615  27.539  -12.359  38.491 0.0000000000
63340  27.238  -12.111  37.186 0.0000000000
64639  26.942  -12.195  35.921 0.0000000000
64641  25.852  -11.348  36.074 0.0000000000
64654  26.656  -12.040  35.577 0.0000000000
71890  27.515  -7.609  29.943 0.0000000000
86351  50.655  5.217  15.040 0.0000000000
86343  48.734  4.718  15.320 0.0000000000
87418  51.277  6.355  14.071 0.0000000000
87420  49.655  5.621  12.950 0.0000000000
88448  50.854  6.794  12.926 0.0000000000
88453  50.689  7.029  12.163 0.0000000000
89591  51.069  7.389  11.525 0.0000000000
89597  50.963  7.414  10.712 0.0000000000
65824  19.423  -10.631  39.696 0.0000000000
64514  21.107  -10.341  44.170 0.0000000000
64515  20.634  -10.080  43.971 0.0000000000
65707  21.135  -10.053  44.879 0.0000000000
65728  20.222  -9.827  43.961 0.0000000000
65748  19.916  -9.785  43.366 0.0000000000
65749  19.400  -9.768  43.319 0.0000000000
65691  17.835  -9.455  45.410 0.0000000000
66927  18.398  -9.274  45.874 0.0000000000
66889  30.936  -10.345  47.933 0.0000000000
65670  30.217  -11.510  47.461 0.0000000000
63178  29.456  -12.343  47.135 0.0000000000
63190  28.657  -12.597  46.362 0.0000000000
61834  27.703  -12.162  45.155 0.0000000000
61835  27.260  -12.148  45.338 0.0000000000
61848  27.210  -12.038  44.898 0.0000000000
63236  26.536  -11.811  44.368 0.0000000000
63254  26.083  -11.442  43.724 0.0000000000
64546  25.566  -11.427  42.838 0.0000000000
64527  25.097  -11.512  43.308 0.0000000000
64547  24.874  -11.515  42.920 0.0000000000
66991  23.079  -11.034  41.646 0.0000000000
65801  22.196  -10.898  40.986 0.0000000000
65783  22.241  -11.170  41.824 0.0000000000
64601  20.756  -11.075  40.086 0.0000000000
82918  37.513  1.285  19.566 0.0000000000
85193  49.233  3.637  18.852 0.0000000000
85194  48.048  3.622  18.415 0.0000000000
84052  46.919  3.407  19.114 0.0000000000
85195  47.072  3.362  18.035 0.0000000000
85215  45.140  3.399  16.791 0.0000000000
82914  44.546  3.670  19.239 0.0000000000
81749  44.300  3.590  18.856 0.0000000000
82932  44.434  3.477  18.539 0.0000000000
84073  43.689  3.436  18.067 0.0000000000
84072  44.759  3.382  17.772 0.0000000000
84108  44.302  2.943  15.555 0.0000000000
65826  17.003  -10.729  39.117 0.0000000000
67015  16.291  -10.882  39.349 0.0000000000
65787  15.260  -10.440  42.225 0.0000000000
65829  13.283  -12.686  39.034 0.0000000000
65830  12.637  -13.046  39.653 0.0000000000
65713  14.302  -10.556  46.010 0.0000000000
65734  13.917  -10.580  45.602 0.0000000000
66957  13.459  -10.756  44.795 0.0000000000
66970  12.627  -11.552  44.232 0.0000000000
66930  12.390  -11.721  46.941 0.0000000000
63258  11.614  -13.904  42.733 0.0000000000
63271  11.718  -14.021  41.819 0.0000000000
58048  9.396  -18.345  48.831 0.0000000000
56742  9.037  -18.713  48.621 0.0000000000
56733  8.709  -19.116  48.848 0.0000000000
55384  8.654  -18.842  49.643 0.0000000000
79218  37.947  -0.377  28.356 0.0000000000
76882  32.387  -2.434  28.973 0.0000000000
75622  29.827  -3.295  29.446 0.0000000000
76857  29.641  -3.461  30.144 0.0000000000
75623  29.051  -3.825  29.553 0.0000000000
75602  28.568  -4.407  30.183 0.0000000000
75546  29.628  -3.859  33.349 0.0000000000
71882  27.831  -7.619  31.002 0.0000000000
70745  27.940  -8.614  30.713 0.0000000000
70721  28.586  -8.358  32.143 0.0000000000
70732  28.985  -9.331  31.950 0.0000000000
68310  29.596  -10.513  31.334 0.0000000000
68328  29.806  -10.935  31.111 0.0000000000
67146  30.371  -11.382  31.001 0.0000000000
71831  30.030  -8.636  34.811 0.0000000000
71854  30.157  -9.179  34.108 0.0000000000
68279  30.831  -10.548  32.861 0.0000000000
68294  30.519  -10.695  32.345 0.0000000000
67135  30.646  -11.263  31.826 0.0000000000
65991  32.515  -13.198  30.509 0.0000000000
64714  32.592  -13.674  30.453 0.0000000000
70617  32.005  -8.677  41.507 0.0000000000
65687  30.872  -12.190  46.406 0.0000000000
65686  31.497  -11.832  46.034 0.0000000000
61844  29.826  -12.989  43.506 0.0000000000
63202  31.184  -12.512  44.910 0.0000000000
65685  32.114  -11.484  45.518 0.0000000000
66937  32.598  -11.122  44.260 0.0000000000
60629  28.801  -13.269  39.551 0.0000000000
60600  29.374  -13.269  40.521 0.0000000000
61887  30.292  -13.412  41.250 0.0000000000
60598  30.246  -13.612  40.061 0.0000000000
61886  30.769  -13.356  40.945 0.0000000000
63252  30.980  -13.072  42.304 0.0000000000
63251  31.648  -12.640  42.498 0.0000000000
65725  32.399  -11.549  43.327 0.0000000000
66954  32.598  -10.952  43.732 0.0000000000
68147  32.544  -10.593  43.516 0.0000000000
65778  32.561  -11.178  41.203 0.0000000000
66975  32.620  -10.628  41.287 0.0000000000
69416  32.567  -9.712  41.375 0.0000000000
69425  32.203  -9.222  40.766 0.0000000000
69434  32.373  -9.688  39.689 0.0000000000
69448  32.413  -10.530  38.870 0.0000000000
68208  32.306  -10.852  38.115 0.0000000000
65839  32.516  -11.774  38.211 0.0000000000
65860  32.435  -11.574  37.619 0.0000000000
67032  32.306  -11.275  37.374 0.0000000000
67045  32.201  -11.657  36.354 0.0000000000
65914  32.267  -12.225  35.404 0.0000000000
64678  32.334  -12.660  34.882 0.0000000000
60734  30.333  -13.622  35.674 0.0000000000
61981  31.243  -13.601  35.884 0.0000000000
62002  31.648  -13.586  35.522 0.0000000000
63382  30.177  -13.949  33.630 0.0000000000
63368  31.051  -13.675  34.463 0.0000000000
64667  32.130  -13.376  34.661 0.0000000000
64679  32.294  -13.069  34.335 0.0000000000
63391  31.763  -13.920  32.105 0.0000000000
63425  31.152  -14.669  30.661 0.0000000000
62050  31.998  -14.620  30.860 0.0000000000
78093  37.631  -0.846  27.843 0.0000000000
75664  36.218  -1.666  26.762 0.0000000000
75689  35.628  -2.199  25.843 0.0000000000
74410  34.694  -2.584  24.791 0.0000000000
75734  33.882  -2.530  23.673 0.0000000000
75714  31.556  -2.421  25.308 0.0000000000
75758  33.076  -2.936  22.928 0.0000000000
89604  51.007  7.382  9.777 0.0000000000
88467  51.304  7.155  9.043 0.0000000000
88472  51.174  6.339  8.779 0.0000000000
60575  30.024  -13.441  41.152 0.0000000000
60587  30.169  -13.487  40.672 0.0000000000
60588  29.683  -13.343  40.820 0.0000000000
60589  29.295  -13.018  41.107 0.0000000000
60590  29.125  -12.845  41.074 0.0000000000
60601  29.143  -12.989  40.809 0.0000000000
60608  30.911  -13.680  39.211 0.0000000000
60609  30.414  -13.628  39.484 0.0000000000
60610  29.915  -13.598  39.741 0.0000000000
60611  29.435  -13.457  39.983 0.0000000000
60623  31.582  -13.695  38.281 0.0000000000
60624  31.169  -13.722  38.625 0.0000000000
60625  30.602  -13.684  38.834 0.0000000000
60649  29.700  -13.592  38.563 0.0000000000
60650  29.214  -13.443  38.818 0.0000000000
60668  31.805  -13.681  37.517 0.0000000000
60669  31.511  -13.694  37.293 0.0000000000
60670  30.910  -13.814  37.448 0.0000000000
60692  31.490  -13.622  36.632 0.0000000000
60695  29.849  -14.117  36.943 0.0000000000
60716  31.002  -13.574  36.192 0.0000000000
60717  30.737  -13.706  36.172 0.0000000000
60735  29.928  -13.559  35.499 0.0000000000
61859  28.658  -12.607  43.029 0.0000000000
61872  30.605  -13.327  41.754 0.0000000000
61873  30.025  -13.473  41.842 0.0000000000
61874  29.486  -13.200  42.037 0.0000000000
61885  31.545  -13.233  40.919 0.0000000000
61888  29.073  -12.792  41.302 0.0000000000
61897  31.926  -13.354  40.329 0.0000000000
61900  28.602  -12.502  40.730 0.0000000000
61907  31.818  -13.482  39.642 0.0000000000
61910  28.626  -12.914  39.939 0.0000000000
61919  31.744  -13.607  38.837 0.0000000000
61921  28.776  -13.186  39.789 0.0000000000
61923  28.207  -13.036  38.950 0.0000000000
61933  31.973  -13.647  38.169 0.0000000000
61934  28.498  -13.243  38.590 0.0000000000
61943  32.393  -13.532  38.125 0.0000000000
61944  31.945  -13.702  37.700 0.0000000000
61959  32.179  -13.931  37.055 0.0000000000
61960  31.821  -13.632  36.830 0.0000000000
61978  32.305  -13.443  36.955 0.0000000000
61979  32.085  -13.537  36.499 0.0000000000
61982  30.739  -13.606  35.567 0.0000000000
62001  31.968  -13.552  35.958 0.0000000000
62003  31.051  -13.609  35.076 0.0000000000
63201  31.641  -12.347  44.904 0.0000000000
63206  27.433  -12.341  45.717 0.0000000000
63250  32.252  -12.443  41.928 0.0000000000
63256  24.478  -11.480  44.043 0.0000000000
63257  24.181  -11.469  44.056 0.0000000000
63279  32.463  -12.866  40.364 0.0000000000
63280  32.142  -13.083  40.815 0.0000000000
63304  32.705  -13.149  38.810 0.0000000000
63315  33.035  -13.270  37.912 0.0000000000
63326  32.989  -13.031  37.601 0.0000000000
63327  32.789  -13.322  37.806 0.0000000000
63329  27.342  -12.154  37.660 0.0000000000
63338  32.639  -13.240  37.257 0.0000000000
63349  32.622  -13.066  36.711 0.0000000000
63350  32.453  -13.227  36.393 0.0000000000
63353  26.567  -12.122  35.135 0.0000000000
63366  32.134  -13.438  35.490 0.0000000000
64464  29.902  -12.161  47.282 0.0000000000
64465  29.438  -12.134  47.401 0.0000000000
64485  31.647  -12.193  45.350 0.0000000000
64509  32.330  -11.912  42.796 0.0000000000
64510  32.117  -12.158  43.286 0.0000000000
64544  32.527  -12.071  41.462 0.0000000000
64545  32.559  -11.777  41.197 0.0000000000
64548  24.120  -11.504  43.193 0.0000000000
64564  32.541  -11.903  40.955 0.0000000000
64581  32.515  -12.439  39.889 0.0000000000
64582  32.502  -12.182  39.608 0.0000000000
64596  32.734  -12.780  39.134 0.0000000000
64613  33.151  -13.166  38.106 0.0000000000
64614  32.954  -12.918  38.466 0.0000000000
64638  32.891  -12.868  37.391 0.0000000000
64652  32.691  -12.738  36.793 0.0000000000
64664  32.540  -12.585  36.297 0.0000000000
64665  32.486  -12.777  35.763 0.0000000000
64691  32.282  -12.650  34.160 0.0000000000
65655  30.113  -11.731  47.424 0.0000000000
65703  32.518  -11.425  43.968 0.0000000000
65745  32.468  -11.495  42.415 0.0000000000
65746  32.497  -11.113  41.941 0.0000000000
65747  32.510  -10.907  41.759 0.0000000000
65761  32.549  -11.511  41.559 0.0000000000
65762  32.526  -11.046  41.549 0.0000000000
65763  23.606  -11.323  42.121 0.0000000000
65777  32.541  -11.542  40.793 0.0000000000
65782  23.839  -11.406  42.391 0.0000000000
65795  32.453  -12.093  40.327 0.0000000000
65815  32.712  -12.552  38.841 0.0000000000
65837  33.108  -12.898  38.086 0.0000000000
65858  32.907  -12.635  37.727 0.0000000000
65859  32.566  -11.946  37.581 0.0000000000
65898  32.503  -12.301  36.529 0.0000000000
65899  32.286  -11.984  36.083 0.0000000000
65900  25.523  -11.309  35.402 0.0000000000
65916  24.905  -11.077  35.171 0.0000000000
65935  32.104  -12.116  33.837 0.0000000000
66902  30.664  -10.759  47.657 0.0000000000
66912  30.410  -11.229  47.471 0.0000000000
66919  12.426  -11.740  47.326 0.0000000000
66942  13.824  -10.609  46.293 0.0000000000
66955  32.613  -10.780  44.217 0.0000000000
66976  32.556  -10.699  41.628 0.0000000000
66977  23.508  -11.151  41.804 0.0000000000
66978  23.207  -11.272  42.044 0.0000000000
66979  22.995  -11.303  42.240 0.0000000000
66989  32.571  -10.895  41.289 0.0000000000
67002  23.378  -10.605  40.984 0.0000000000
67004  22.615  -11.038  41.509 0.0000000000
67016  15.713  -11.023  39.542 0.0000000000
67031  32.351  -11.600  37.040 0.0000000000
67081  32.075  -11.976  34.961 0.0000000000
67082  31.886  -11.733  34.470 0.0000000000
67103  31.792  -11.592  33.523 0.0000000000
67120  31.778  -11.630  32.997 0.0000000000
67122  30.972  -11.175  32.373 0.0000000000
67145  30.970  -11.628  31.389 0.0000000000
68148  32.531  -10.204  44.033 0.0000000000
68149  13.798  -10.643  44.257 0.0000000000
68150  13.712  -10.692  44.477 0.0000000000
68158  32.530  -10.755  43.317 0.0000000000
68160  32.510  -10.684  42.352 0.0000000000
68171  32.610  -10.260  41.807 0.0000000000
68172  32.527  -10.577  42.115 0.0000000000
68221  32.151  -10.942  36.982 0.0000000000
68236  31.599  -10.190  36.188 0.0000000000
69433  32.579  -10.273  39.497 0.0000000000
69449  32.275  -10.136  38.570 0.0000000000
69497  31.387  -9.899  35.859 0.0000000000
69511  31.135  -9.695  35.575 0.0000000000
69563  28.830  -10.183  30.836 0.0000000000
70618  31.552  -8.471  40.904 0.0000000000
70619  31.057  -8.220  40.433 0.0000000000
70681  30.264  -8.892  34.874 0.0000000000
70682  30.314  -8.908  35.076 0.0000000000
70695  30.328  -9.064  34.744 0.0000000000
70696  30.567  -9.264  34.981 0.0000000000
70709  30.538  -9.463  34.348 0.0000000000
70710  30.220  -9.434  33.661 0.0000000000
71830  30.171  -8.870  34.664 0.0000000000
71841  30.218  -9.079  34.423 0.0000000000
71842  29.974  -8.845  34.314 0.0000000000
71853  30.327  -9.271  34.302 0.0000000000
71855  29.752  -8.928  33.793 0.0000000000
72977  28.886  -6.098  39.302 0.0000000000
74393  35.774  -2.395  25.266 0.0000000000
74409  35.138  -2.663  24.749 0.0000000000
75685  38.760  -1.664  25.998 0.0000000000
75708  38.372  -2.238  25.527 0.0000000000
75711  34.928  -2.530  25.273 0.0000000000
75732  38.005  -2.669  24.726 0.0000000000
75733  37.428  -2.612  24.090 0.0000000000
75751  38.994  -1.718  24.705 0.0000000000
75752  38.715  -1.997  24.668 0.0000000000
75773  36.714  -2.538  22.922 0.0000000000
76858  29.457  -3.536  29.923 0.0000000000
76883  29.734  -3.380  29.909 0.0000000000
76884  29.544  -3.472  29.688 0.0000000000
76896  39.893  -0.044  27.446 0.0000000000
76903  32.293  -2.321  28.552 0.0000000000
76913  40.305  -0.046  27.300 0.0000000000
76918  35.895  -1.449  27.487 0.0000000000
76919  34.155  -1.523  27.951 0.0000000000
76929  40.525  -0.206  27.034 0.0000000000
76931  39.272  -1.063  26.523 0.0000000000
76942  40.379  -0.478  26.677 0.0000000000
76943  40.027  -0.936  26.324 0.0000000000
76944  39.388  -1.403  25.889 0.0000000000
76958  39.416  -1.531  25.321 0.0000000000
76959  38.134  -2.563  24.397 0.0000000000
76960  37.959  -2.579  24.213 0.0000000000
76977  39.428  -1.515  24.771 0.0000000000
76996  36.542  -2.336  22.580 0.0000000000
78071  41.997  -0.072  27.934 0.0000000000
78072  41.470  0.174  27.852 0.0000000000
78073  40.918  0.298  27.859 0.0000000000
78074  40.379  0.275  27.838 0.0000000000
78075  39.575  0.068  27.757 0.0000000000
78076  38.956  -0.284  27.683 0.0000000000
78088  42.028  -0.019  27.469 0.0000000000
78090  40.901  0.090  27.359 0.0000000000
78091  40.658  0.189  27.577 0.0000000000
78094  37.373  -0.984  27.895 0.0000000000
78106  41.970  0.007  27.000 0.0000000000
78107  41.701  -0.010  27.123 0.0000000000
78108  40.989  -0.234  26.819 0.0000000000
78109  41.041  -0.369  26.159 0.0000000000
78143  40.528  -0.702  25.023 0.0000000000
78144  40.335  -1.032  25.331 0.0000000000
78163  40.386  -0.677  24.731 0.0000000000
78166  38.919  -1.612  23.832 0.0000000000
78188  36.316  -2.113  22.142 0.0000000000
79194  42.538  0.056  28.169 0.0000000000
79195  42.314  0.075  28.270 0.0000000000
79201  42.595  0.016  27.934 0.0000000000
79202  42.049  0.003  28.157 0.0000000000
79209  37.040  -1.106  28.093 0.0000000000
79212  42.462  0.042  27.761 0.0000000000
79213  42.498  0.190  27.370 0.0000000000
79214  42.374  0.274  26.945 0.0000000000
79215  42.071  0.229  26.647 0.0000000000
79219  37.450  -0.826  28.194 0.0000000000
79220  37.226  -1.042  28.006 0.0000000000
79222  42.204  0.040  27.348 0.0000000000
79223  42.080  0.196  26.857 0.0000000000
79225  41.561  0.011  26.361 0.0000000000
79226  41.509  0.034  26.055 0.0000000000
79230  41.179  -0.128  25.380 0.0000000000
79231  41.219  -0.211  25.743 0.0000000000
79232  41.450  -0.010  25.847 0.0000000000
79246  40.932  -0.245  25.204 0.0000000000
79261  40.341  -0.465  24.515 0.0000000000
79264  38.738  -1.316  23.234 0.0000000000
79301  36.664  -1.229  21.214 0.0000000000
80404  42.946  0.106  28.045 0.0000000000
80413  43.032  0.520  27.454 0.0000000000
80415  42.142  0.439  25.762 0.0000000000
80417  38.523  0.111  28.442 0.0000000000
80421  41.790  0.483  25.952 0.0000000000
80425  41.551  0.200  25.777 0.0000000000
80426  41.686  0.268  25.960 0.0000000000
80436  40.875  0.172  24.783 0.0000000000
80437  40.723  0.361  24.625 0.0000000000
80444  40.558  -0.132  24.580 0.0000000000
80447  39.267  -0.020  23.247 0.0000000000
81671  43.116  1.204  26.873 0.0000000000
81706  38.539  1.108  22.187 0.0000000000
81708  37.628  0.490  21.207 0.0000000000
81717  46.432  2.866  19.429 0.0000000000
81718  46.301  2.941  19.629 0.0000000000
81720  45.364  3.457  19.491 0.0000000000
81722  37.422  0.692  20.558 0.0000000000
81730  46.918  2.095  19.381 0.0000000000
81731  46.707  2.456  19.349 0.0000000000
81732  46.402  2.637  19.329 0.0000000000
81733  45.669  2.885  19.248 0.0000000000
81735  44.567  3.586  18.938 0.0000000000
81744  47.000  1.785  19.057 0.0000000000
81745  47.031  1.392  19.028 0.0000000000
81748  44.880  3.458  18.827 0.0000000000
81760  47.139  1.112  19.044 0.0000000000
81761  46.563  0.945  19.084 0.0000000000
81762  46.036  1.320  18.835 0.0000000000
82855  42.825  1.667  26.434 0.0000000000
82865  41.110  1.166  24.928 0.0000000000
82866  40.934  1.433  24.791 0.0000000000
82883  45.883  4.066  19.877 0.0000000000
82894  46.086  3.386  19.793 0.0000000000
82895  45.540  3.727  19.767 0.0000000000
82897  43.798  3.809  19.674 0.0000000000
82898  43.380  3.842  19.567 0.0000000000
82899  38.414  2.054  20.782 0.0000000000
82910  46.986  2.330  18.995 0.0000000000
82913  45.816  3.109  18.539 0.0000000000
82915  44.042  3.697  19.164 0.0000000000
82928  46.898  1.466  18.969 0.0000000000
82929  46.379  1.875  19.087 0.0000000000
82930  45.895  2.216  19.109 0.0000000000
82942  46.864  0.921  18.846 0.0000000000
82943  46.468  1.276  18.769 0.0000000000
82944  45.887  1.757  18.979 0.0000000000
84006  41.362  2.034  25.320 0.0000000000
84013  40.599  1.865  24.500 0.0000000000
84023  39.583  1.904  23.573 0.0000000000
84035  43.101  4.191  20.318 0.0000000000
84043  43.258  3.979  19.947 0.0000000000
84045  38.371  2.187  20.471 0.0000000000
84054  46.054  3.087  18.486 0.0000000000
85128  40.406  3.041  23.919 0.0000000000
89608  51.216  7.257  9.297 0.0000000000
89611  52.848  7.838  8.266 0.0000000000
91890  54.063  9.872  10.162 0.0000000000
91897  53.267  9.022  9.350 0.0000000000
91912  55.755  9.020  7.920 0.0000000000
146419  37.004  -1.072  28.338 0.0000000000
