#!ascii label  , from subject sub001 vox2ras=TkReg
1199
122892  42.867  42.560  -11.869 0.0000000000
126522  44.054  47.845  -8.042 0.0000000000
115535  50.961  33.284  -12.799 0.0000000000
121317  40.258  40.534  -8.737 0.0000000000
119622  45.260  38.153  -7.621 0.0000000000
128939  45.492  50.330  -13.297 0.0000000000
124962  47.348  45.118  -3.721 0.0000000000
128022  48.229  49.738  -5.370 0.0000000000
113914  54.681  31.441  -6.122 0.0000000000
113892  49.326  31.795  -3.124 0.0000000000
125026  44.576  45.261  -13.185 0.0000000000
119674  47.063  38.764  -13.641 0.0000000000
122142  49.051  41.771  -12.343 0.0000000000
117958  52.128  37.324  -8.488 0.0000000000
132406  44.467  55.991  -8.177 0.0000000000
128902  49.580  50.732  -10.213 0.0000000000
115503  45.402  33.411  -10.862 0.0000000000
121345  41.386  40.702  -10.443 0.0000000000
121314  43.291  40.077  -7.735 0.0000000000
120521  43.884  40.332  -10.153 0.0000000000
125802  42.469  46.581  -13.321 0.0000000000
125005  41.379  45.464  -10.923 0.0000000000
127194  46.201  49.200  -2.080 0.0000000000
112122  55.527  29.802  -2.445 0.0000000000
112124  52.977  29.505  -2.335 0.0000000000
111163  52.853  28.941  1.844 0.0000000000
135244  44.539  60.133  -10.490 0.0000000000
125765  43.792  46.374  -10.757 0.0000000000
122889  45.901  41.856  -11.872 0.0000000000
123589  46.128  43.793  -9.602 0.0000000000
120483  51.021  39.408  -7.996 0.0000000000
121340  52.503  40.610  -9.663 0.0000000000
120480  53.724  40.156  -7.233 0.0000000000
117933  53.053  36.893  -5.098 0.0000000000
127249  48.859  48.635  -6.139 0.0000000000
129596  49.811  50.612  -7.292 0.0000000000
128889  47.359  50.192  -8.950 0.0000000000
127305  46.720  49.187  -12.436 0.0000000000
118003  49.136  35.247  -14.559 0.0000000000
117105  48.361  35.734  -11.704 0.0000000000
115500  48.256  33.437  -11.168 0.0000000000
118758  43.202  37.319  -5.710 0.0000000000
117076  42.832  34.619  -7.636 0.0000000000
131078  47.784  53.406  -11.488 0.0000000000
130355  44.867  51.978  -10.873 0.0000000000
126497  45.726  46.926  -5.432 0.0000000000
124284  45.849  44.493  -8.204 0.0000000000
129592  40.967  50.855  -6.669 0.0000000000
129603  43.428  51.612  -7.351 0.0000000000
126464  49.328  47.976  -3.297 0.0000000000
113949  53.158  31.998  -9.414 0.0000000000
115467  50.624  33.290  -8.928 0.0000000000
113889  52.386  31.854  -4.175 0.0000000000
111213  49.326  28.695  -1.475 0.0000000000
123644  43.855  44.139  -14.093 0.0000000000
121373  43.897  40.381  -13.264 0.0000000000
122909  44.821  41.988  -13.747 0.0000000000
121379  47.892  39.958  -14.034 0.0000000000
118810  49.779  37.785  -12.834 0.0000000000
123585  50.313  43.517  -10.377 0.0000000000
119652  51.210  39.325  -10.767 0.0000000000
116257  51.605  35.085  -9.673 0.0000000000
116241  53.230  34.055  -7.669 0.0000000000
115422  55.489  33.056  -4.850 0.0000000000
134519  42.535  58.389  -9.597 0.0000000000
133811  46.501  57.661  -8.319 0.0000000000
131036  47.646  53.912  -7.673 0.0000000000
131748  48.221  54.620  -10.103 0.0000000000
129675  48.916  50.495  -13.151 0.0000000000
126585  45.600  47.668  -14.444 0.0000000000
119654  46.389  39.014  -10.891 0.0000000000
117093  44.986  34.812  -9.927 0.0000000000
115491  42.541  32.857  -9.498 0.0000000000
116232  47.496  34.412  -7.275 0.0000000000
122118  42.215  41.848  -10.890 0.0000000000
121344  42.131  40.397  -10.258 0.0000000000
121363  42.822  40.589  -11.753 0.0000000000
124323  42.601  44.713  -12.466 0.0000000000
125028  41.977  45.907  -12.299 0.0000000000
123613  42.061  43.816  -11.146 0.0000000000
122868  41.331  42.629  -9.954 0.0000000000
111207  55.319  29.320  -0.562 0.0000000000
112103  54.181  29.210  -0.426 0.0000000000
112082  54.608  29.481  1.189 0.0000000000
114673  41.062  32.563  -6.775 0.0000000000
126531  43.676  47.539  -9.447 0.0000000000
124297  43.972  44.826  -10.087 0.0000000000
124989  44.053  45.498  -9.017 0.0000000000
120469  52.176  39.631  -6.541 0.0000000000
120481  52.486  40.106  -7.140 0.0000000000
127262  46.258  48.843  -7.133 0.0000000000
128062  48.337  49.495  -7.470 0.0000000000
128065  45.264  49.024  -7.985 0.0000000000
128097  44.796  49.044  -9.717 0.0000000000
116309  49.939  34.216  -14.144 0.0000000000
116312  48.155  33.241  -13.812 0.0000000000
114740  49.091  32.587  -12.599 0.0000000000
122082  39.767  41.064  -6.708 0.0000000000
121299  41.387  40.590  -7.178 0.0000000000
120499  44.191  39.668  -7.897 0.0000000000
120472  43.788  38.603  -6.375 0.0000000000
118767  44.514  37.690  -6.822 0.0000000000
117057  43.542  36.069  -6.363 0.0000000000
117065  44.458  36.223  -7.245 0.0000000000
129655  47.414  51.566  -12.037 0.0000000000
130354  46.136  52.584  -10.862 0.0000000000
129658  44.788  51.139  -11.736 0.0000000000
121336  39.006  41.432  -9.345 0.0000000000
121302  38.545  40.737  -8.272 0.0000000000
125718  47.008  45.481  -4.285 0.0000000000
124260  45.239  44.842  -5.539 0.0000000000
123548  46.413  43.889  -4.586 0.0000000000
125700  47.229  46.839  -2.959 0.0000000000
126465  48.186  48.071  -3.033 0.0000000000
124944  48.840  46.049  -3.380 0.0000000000
126481  48.539  46.435  -4.573 0.0000000000
113924  54.100  31.617  -7.132 0.0000000000
114680  52.682  32.298  -7.008 0.0000000000
113904  53.641  31.315  -5.044 0.0000000000
111181  50.684  28.533  0.609 0.0000000000
112113  51.052  29.349  -1.763 0.0000000000
111183  48.677  28.275  0.303 0.0000000000
124344  44.154  44.565  -13.921 0.0000000000
122910  44.360  42.739  -13.728 0.0000000000
123620  44.504  43.597  -13.306 0.0000000000
122130  47.683  41.459  -11.975 0.0000000000
122154  46.738  40.883  -13.907 0.0000000000
122152  48.480  41.107  -13.077 0.0000000000
119672  48.968  38.556  -14.084 0.0000000000
120537  49.443  39.716  -13.014 0.0000000000
123577  47.841  43.462  -8.169 0.0000000000
124292  48.764  44.285  -9.301 0.0000000000
122867  49.861  43.064  -9.671 0.0000000000
119642  52.813  39.488  -9.251 0.0000000000
120517  52.132  40.333  -10.420 0.0000000000
118789  52.101  38.582  -9.390 0.0000000000
117979  51.205  37.322  -10.437 0.0000000000
117081  51.815  36.645  -8.878 0.0000000000
116242  52.348  34.678  -8.476 0.0000000000
117072  52.341  35.981  -7.437 0.0000000000
117925  53.355  36.797  -4.270 0.0000000000
116207  53.971  34.698  -4.853 0.0000000000
133814  43.416  57.733  -8.681 0.0000000000
134511  44.059  58.489  -8.840 0.0000000000
133105  44.919  56.944  -8.309 0.0000000000
128844  46.216  50.187  -6.701 0.0000000000
129602  44.636  51.806  -7.357 0.0000000000
128867  46.573  51.058  -7.251 0.0000000000
129613  49.915  50.788  -8.243 0.0000000000
130315  49.228  52.175  -7.571 0.0000000000
130330  49.225  52.580  -8.552 0.0000000000
131053  48.115  53.882  -9.167 0.0000000000
130351  49.380  52.159  -10.240 0.0000000000
130373  48.903  52.407  -11.611 0.0000000000
128914  49.527  50.731  -11.378 0.0000000000
126564  45.241  47.319  -12.865 0.0000000000
127326  46.567  48.270  -13.798 0.0000000000
125787  45.386  46.882  -13.645 0.0000000000
125811  44.565  46.507  -14.301 0.0000000000
120548  45.570  39.548  -13.604 0.0000000000
120529  45.905  39.379  -11.716 0.0000000000
119659  47.375  38.379  -11.911 0.0000000000
116270  45.894  34.259  -11.532 0.0000000000
117107  46.504  34.898  -10.915 0.0000000000
116271  45.019  34.087  -11.424 0.0000000000
116249  43.481  34.270  -9.834 0.0000000000
115505  44.064  33.483  -10.248 0.0000000000
115426  50.190  33.535  -5.602 0.0000000000
116244  48.877  34.295  -7.449 0.0000000000
115428  48.657  33.740  -5.170 0.0000000000
121334  40.286  40.619  -9.674 0.0000000000
121316  41.269  40.656  -8.366 0.0000000000
121332  42.136  40.519  -9.113 0.0000000000
121342  43.551  40.401  -9.189 0.0000000000
120511  44.967  39.725  -9.101 0.0000000000
127329  43.806  48.620  -13.900 0.0000000000
122112  39.889  41.661  -9.516 0.0000000000
112150  55.314  30.297  -4.287 0.0000000000
113076  54.252  30.349  -4.259 0.0000000000
112123  54.279  29.466  -2.323 0.0000000000
111194  52.501  28.994  0.097 0.0000000000
125775  44.593  46.574  -12.170 0.0000000000
123611  44.646  43.475  -12.314 0.0000000000
124306  43.932  44.924  -10.796 0.0000000000
123602  45.660  43.091  -10.332 0.0000000000
122877  47.398  42.635  -10.724 0.0000000000
120496  49.367  40.152  -8.942 0.0000000000
121329  50.009  41.040  -9.401 0.0000000000
121310  51.510  40.327  -8.924 0.0000000000
121325  53.143  40.514  -8.443 0.0000000000
119616  53.275  39.071  -7.693 0.0000000000
117943  52.605  37.176  -6.749 0.0000000000
118763  53.481  38.414  -6.054 0.0000000000
119573  53.791  38.825  -4.777 0.0000000000
118719  53.691  37.868  -2.744 0.0000000000
131741  42.735  55.459  -8.285 0.0000000000
128808  50.333  49.799  -5.077 0.0000000000
128841  49.660  50.463  -6.244 0.0000000000
128043  49.534  49.452  -6.810 0.0000000000
128061  49.346  49.873  -8.047 0.0000000000
128904  48.252  50.556  -9.937 0.0000000000
128927  48.087  49.980  -11.408 0.0000000000
128095  46.487  50.035  -10.232 0.0000000000
127292  45.463  48.943  -11.333 0.0000000000
118824  48.094  37.722  -14.342 0.0000000000
118804  48.243  37.177  -12.460 0.0000000000
117120  48.510  35.372  -12.654 0.0000000000
116288  47.384  34.076  -12.310 0.0000000000
115501  47.154  33.751  -11.102 0.0000000000
113068  48.293  30.292  -3.068 0.0000000000
113894  47.605  31.264  -3.172 0.0000000000
119581  41.877  37.871  -4.494 0.0000000000
120474  42.600  39.698  -6.159 0.0000000000
120460  42.796  38.606  -5.501 0.0000000000
117926  42.330  36.934  -4.851 0.0000000000
117059  42.130  35.434  -5.337 0.0000000000
116213  42.093  34.549  -6.183 0.0000000000
116237  41.748  33.431  -8.072 0.0000000000
132430  47.289  55.656  -10.663 0.0000000000
131760  45.010  54.301  -9.943 0.0000000000
126508  45.038  47.365  -6.195 0.0000000000
124983  44.329  45.520  -7.992 0.0000000000
124970  44.725  45.542  -5.882 0.0000000000
124273  45.914  44.018  -7.102 0.0000000000
122849  47.522  42.811  -7.682 0.0000000000
121295  48.238  40.619  -8.148 0.0000000000
119619  48.850  38.729  -7.630 0.0000000000
129604  42.028  51.216  -7.190 0.0000000000
128845  45.045  49.996  -6.756 0.0000000000
128023  46.843  49.452  -4.949 0.0000000000
127976  49.745  49.489  -3.815 0.0000000000
126492  50.286  47.557  -4.556 0.0000000000
126506  47.041  47.589  -5.649 0.0000000000
114728  51.790  32.718  -11.332 0.0000000000
114730  50.934  32.421  -11.140 0.0000000000
114705  51.705  32.488  -9.107 0.0000000000
114669  51.643  32.930  -5.866 0.0000000000
114642  50.553  32.662  -3.800 0.0000000000
113078  52.229  30.695  -3.291 0.0000000000
113065  50.953  30.404  -2.825 0.0000000000
112127  49.638  29.783  -2.387 0.0000000000
123621  43.267  43.502  -13.229 0.0000000000
122146  43.207  41.494  -12.184 0.0000000000
122157  43.901  41.637  -13.399 0.0000000000
121372  44.555  40.757  -14.105 0.0000000000
121398  46.181  39.902  -15.367 0.0000000000
122899  45.320  41.895  -13.014 0.0000000000
122164  46.327  40.852  -14.748 0.0000000000
120556  47.303  39.577  -14.587 0.0000000000
118822  48.424  38.212  -14.446 0.0000000000
117993  49.316  36.986  -14.045 0.0000000000
116286  50.436  34.782  -12.623 0.0000000000
124294  46.622  44.278  -8.959 0.0000000000
123599  48.759  43.740  -10.543 0.0000000000
122885  50.027  42.977  -11.925 0.0000000000
122116  51.391  41.478  -10.413 0.0000000000
121352  51.303  41.421  -11.296 0.0000000000
121359  50.536  41.134  -11.945 0.0000000000
118803  50.337  38.012  -11.875 0.0000000000
117104  50.599  36.340  -11.609 0.0000000000
115497  51.558  33.623  -11.441 0.0000000000
116268  52.238  33.492  -10.350 0.0000000000
115464  53.358  33.258  -8.592 0.0000000000
114690  54.401  32.414  -7.179 0.0000000000
116217  53.047  35.026  -6.383 0.0000000000
115439  54.076  33.806  -6.132 0.0000000000
114678  55.210  32.079  -6.067 0.0000000000
113902  56.139  31.881  -4.143 0.0000000000
134530  43.644  59.243  -10.233 0.0000000000
135226  45.260  59.483  -8.928 0.0000000000
134508  47.038  58.325  -8.598 0.0000000000
129599  47.952  52.047  -7.228 0.0000000000
132387  45.588  55.739  -7.836 0.0000000000
133091  47.034  56.115  -7.773 0.0000000000
133102  47.300  56.264  -8.406 0.0000000000
133118  48.291  55.974  -10.282 0.0000000000
131771  48.296  54.636  -11.190 0.0000000000
130374  48.192  52.255  -11.914 0.0000000000
128937  47.459  50.500  -13.384 0.0000000000
128134  48.370  49.376  -12.952 0.0000000000
128146  46.992  49.128  -14.023 0.0000000000
128147  46.114  49.303  -14.317 0.0000000000
126587  44.006  47.039  -14.519 0.0000000000
125040  43.488  45.387  -13.831 0.0000000000
120531  44.137  39.898  -11.474 0.0000000000
120520  44.939  39.814  -10.482 0.0000000000
119633  46.157  38.179  -8.717 0.0000000000
118800  47.811  37.477  -11.145 0.0000000000
117970  46.822  36.300  -9.540 0.0000000000
117961  45.783  36.546  -8.294 0.0000000000
117084  44.232  34.837  -9.086 0.0000000000
116251  42.364  33.418  -9.135 0.0000000000
115484  49.345  33.596  -10.044 0.0000000000
115485  48.109  34.041  -10.085 0.0000000000
115470  46.594  33.982  -9.291 0.0000000000
115415  46.516  33.161  -4.588 0.0000000000
115455  45.069  33.518  -8.130 0.0000000000
111148  53.298  28.697  3.527 0.0000000000
110287  51.445  27.905  3.597 0.0000000000
122880  42.342  42.459  -11.045 0.0000000000
122133  42.557  41.532  -11.395 0.0000000000
123612  42.473  43.700  -11.788 0.0000000000
124314  42.397  44.619  -11.849 0.0000000000
123604  42.127  43.268  -10.984 0.0000000000
112092  55.021  29.297  0.351 0.0000000000
126523  43.726  47.357  -8.488 0.0000000000
125751  43.679  46.534  -8.775 0.0000000000
125743  43.735  46.892  -8.183 0.0000000000
127253  44.887  48.060  -6.962 0.0000000000
127263  45.274  48.712  -7.418 0.0000000000
127271  44.876  48.817  -8.008 0.0000000000
127272  44.427  48.534  -8.500 0.0000000000
115536  50.371  33.400  -13.453 0.0000000000
114767  49.524  32.907  -13.942 0.0000000000
114753  50.096  32.769  -13.341 0.0000000000
121300  40.284  40.800  -7.530 0.0000000000
121287  40.409  40.803  -6.293 0.0000000000
119623  44.726  38.525  -7.390 0.0000000000
119610  44.172  38.252  -6.558 0.0000000000
117944  44.393  36.777  -6.875 0.0000000000
117953  44.778  36.612  -7.419 0.0000000000
129669  45.989  50.882  -12.699 0.0000000000
129656  46.497  51.383  -11.917 0.0000000000
129670  45.112  50.670  -12.558 0.0000000000
121318  39.340  40.601  -8.991 0.0000000000
121319  38.548  41.009  -8.990 0.0000000000
121301  39.384  40.621  -8.049 0.0000000000
122091  39.440  40.983  -7.222 0.0000000000
124963  46.497  45.100  -4.411 0.0000000000
124253  46.933  44.221  -4.251 0.0000000000
124945  48.041  45.683  -3.143 0.0000000000
125699  48.238  46.746  -3.128 0.0000000000
124961  48.366  45.668  -3.692 0.0000000000
113915  54.030  31.315  -6.018 0.0000000000
111182  49.699  28.455  0.441 0.0000000000
124331  44.403  44.436  -13.517 0.0000000000
124322  44.545  44.412  -12.725 0.0000000000
122129  48.573  41.832  -11.960 0.0000000000
122143  48.208  41.321  -12.639 0.0000000000
121361  48.817  41.059  -13.006 0.0000000000
121368  48.955  40.167  -13.330 0.0000000000
121360  49.420  40.836  -12.748 0.0000000000
122858  48.399  43.024  -8.414 0.0000000000
123576  48.739  43.709  -8.655 0.0000000000
122857  49.229  43.014  -9.090 0.0000000000
118788  52.610  38.800  -8.829 0.0000000000
118780  52.194  38.127  -8.775 0.0000000000
117959  51.822  37.483  -9.123 0.0000000000
117080  52.045  36.228  -8.291 0.0000000000
117951  52.366  37.200  -7.732 0.0000000000
117040  54.083  36.019  -3.403 0.0000000000
133107  42.802  56.908  -8.620 0.0000000000
133815  42.268  57.719  -8.982 0.0000000000
133106  43.881  56.931  -8.424 0.0000000000
128046  47.075  49.702  -6.053 0.0000000000
128843  47.336  50.387  -6.679 0.0000000000
129625  50.023  51.037  -9.325 0.0000000000
130329  49.712  51.642  -8.433 0.0000000000
130335  49.623  51.909  -9.431 0.0000000000
130336  48.962  52.706  -9.592 0.0000000000
129642  49.668  51.381  -10.509 0.0000000000
130372  49.352  52.027  -11.016 0.0000000000
125788  44.832  46.246  -13.024 0.0000000000
125800  44.726  46.083  -13.721 0.0000000000
120547  46.367  39.224  -13.671 0.0000000000
120538  46.106  39.268  -12.705 0.0000000000
119667  46.818  38.802  -12.777 0.0000000000
115521  45.513  33.557  -11.366 0.0000000000
116291  45.003  33.704  -11.356 0.0000000000
116272  44.468  33.883  -10.973 0.0000000000
115504  44.680  33.578  -10.729 0.0000000000
115399  49.850  33.042  -4.035 0.0000000000
115427  49.395  33.751  -5.412 0.0000000000
115400  49.016  33.006  -3.981 0.0000000000
121346  40.409  41.003  -10.175 0.0000000000
121333  41.203  40.532  -9.489 0.0000000000
120522  42.827  40.360  -10.629 0.0000000000
121343  42.929  40.488  -9.704 0.0000000000
120512  44.133  40.211  -8.930 0.0000000000
126575  43.457  47.618  -14.153 0.0000000000
127330  43.055  48.093  -13.753 0.0000000000
126576  42.639  47.475  -13.592 0.0000000000
125016  41.600  45.882  -11.761 0.0000000000
125791  41.319  46.728  -12.107 0.0000000000
122110  41.259  42.046  -10.009 0.0000000000
122111  40.882  41.955  -9.747 0.0000000000
122120  40.414  41.382  -9.963 0.0000000000
121347  39.930  41.167  -10.022 0.0000000000
112137  55.487  30.165  -3.772 0.0000000000
111178  53.695  29.281  1.087 0.0000000000
111193  53.482  29.202  0.250 0.0000000000
111179  52.659  29.055  0.948 0.0000000000
111180  51.661  28.771  0.775 0.0000000000
111164  51.789  28.739  1.680 0.0000000000
135253  43.624  59.878  -11.696 0.0000000000
135943  43.828  60.574  -12.479 0.0000000000
125764  44.257  46.923  -11.334 0.0000000000
124313  44.137  45.149  -11.447 0.0000000000
125004  43.828  45.579  -11.071 0.0000000000
124296  44.458  44.503  -9.548 0.0000000000
123591  44.545  43.890  -10.153 0.0000000000
122878  46.313  42.450  -10.847 0.0000000000
123601  46.761  43.183  -10.118 0.0000000000
120495  50.520  39.850  -8.792 0.0000000000
120494  51.462  39.957  -8.361 0.0000000000
121292  53.404  40.322  -7.283 0.0000000000
121307  53.189  40.484  -7.919 0.0000000000
120492  53.444  40.227  -8.181 0.0000000000
119615  53.642  39.644  -7.126 0.0000000000
119603  53.381  38.890  -7.058 0.0000000000
120467  54.103  40.127  -6.368 0.0000000000
120445  54.292  39.682  -4.990 0.0000000000
120433  54.263  39.532  -4.207 0.0000000000
118731  53.478  37.807  -3.611 0.0000000000
119545  53.898  38.766  -3.091 0.0000000000
127247  50.352  48.565  -5.484 0.0000000000
128839  50.455  49.437  -5.832 0.0000000000
128078  47.642  49.932  -8.395 0.0000000000
128077  48.645  50.037  -8.458 0.0000000000
128076  49.232  50.141  -8.653 0.0000000000
128888  48.025  50.406  -9.034 0.0000000000
127294  44.207  47.994  -10.557 0.0000000000
127293  44.728  48.450  -10.918 0.0000000000
126541  44.380  47.593  -11.159 0.0000000000
126554  44.653  47.522  -11.856 0.0000000000
118817  48.641  37.047  -14.094 0.0000000000
117994  48.578  36.099  -13.504 0.0000000000
117999  48.846  35.699  -14.212 0.0000000000
115538  47.790  32.896  -13.192 0.0000000000
116305  47.876  33.629  -13.037 0.0000000000
115519  47.415  33.611  -12.155 0.0000000000
119582  41.421  38.438  -4.348 0.0000000000
119598  42.030  38.835  -4.965 0.0000000000
121315  42.292  40.529  -7.998 0.0000000000
121298  42.429  40.214  -6.894 0.0000000000
121297  43.035  40.001  -7.106 0.0000000000
119611  43.538  38.098  -6.124 0.0000000000
120473  43.321  38.941  -6.015 0.0000000000
119596  42.961  38.114  -5.600 0.0000000000
118759  42.613  37.416  -5.160 0.0000000000
117936  42.602  36.436  -5.275 0.0000000000
117067  43.100  34.971  -7.037 0.0000000000
116212  42.685  34.873  -6.597 0.0000000000
116223  42.474  34.513  -7.167 0.0000000000
116224  41.873  33.918  -7.296 0.0000000000
116236  42.393  34.090  -8.301 0.0000000000
131772  47.959  54.606  -11.482 0.0000000000
131757  47.724  54.383  -11.356 0.0000000000
131059  45.588  53.266  -10.376 0.0000000000
131060  44.278  53.198  -10.338 0.0000000000
125736  44.404  46.483  -6.467 0.0000000000
125729  45.164  46.346  -5.539 0.0000000000
124265  45.541  44.145  -5.813 0.0000000000
123568  46.784  43.288  -7.310 0.0000000000
122080  47.321  41.277  -7.104 0.0000000000
119632  48.298  39.702  -7.987 0.0000000000
129605  41.009  51.745  -6.997 0.0000000000
129591  41.588  50.766  -6.832 0.0000000000
128846  43.896  49.923  -6.765 0.0000000000
128048  44.645  49.330  -6.006 0.0000000000
128047  45.896  49.333  -5.979 0.0000000000
127212  48.546  48.916  -3.138 0.0000000000
127977  48.752  49.505  -3.444 0.0000000000
127211  49.586  48.861  -3.373 0.0000000000
127210  50.387  48.787  -3.808 0.0000000000
125713  50.444  47.467  -3.889 0.0000000000
126495  47.555  46.785  -5.015 0.0000000000
126494  48.689  46.887  -4.832 0.0000000000
126496  46.542  46.967  -5.177 0.0000000000
126507  46.045  47.607  -5.860 0.0000000000
114716  52.567  32.367  -10.192 0.0000000000
114717  51.825  32.297  -10.243 0.0000000000
114704  52.765  31.999  -9.211 0.0000000000
114668  52.451  32.430  -5.983 0.0000000000
114681  51.898  32.831  -6.858 0.0000000000
114655  52.107  32.475  -5.063 0.0000000000
114656  51.243  32.943  -4.902 0.0000000000
114641  51.437  32.511  -4.109 0.0000000000
112139  53.374  29.983  -3.112 0.0000000000
113077  53.459  30.753  -4.094 0.0000000000
112140  52.595  29.973  -2.836 0.0000000000
111212  50.324  28.870  -1.153 0.0000000000
112114  50.060  29.247  -1.919 0.0000000000
113080  50.641  30.925  -2.891 0.0000000000
112115  49.359  29.154  -2.143 0.0000000000
111224  48.856  28.829  -2.092 0.0000000000
111214  48.378  28.524  -1.550 0.0000000000
123631  43.512  44.079  -13.836 0.0000000000
122911  43.809  43.127  -13.618 0.0000000000
122156  44.846  41.480  -14.290 0.0000000000
122166  45.208  40.793  -14.719 0.0000000000
122165  45.692  40.900  -15.019 0.0000000000
122890  45.073  42.593  -12.068 0.0000000000
121370  47.296  40.508  -14.197 0.0000000000
121380  47.442  40.088  -14.581 0.0000000000
121396  47.121  39.961  -15.008 0.0000000000
119680  48.057  38.696  -14.464 0.0000000000
120555  48.081  39.416  -14.283 0.0000000000
119665  49.438  38.722  -13.415 0.0000000000
118811  49.343  37.702  -13.740 0.0000000000
117992  49.848  36.529  -13.413 0.0000000000
117128  50.183  35.329  -13.313 0.0000000000
124274  45.033  44.912  -7.517 0.0000000000
124285  44.807  44.835  -8.517 0.0000000000
124303  49.349  44.184  -9.700 0.0000000000
123587  48.249  44.120  -9.810 0.0000000000
123598  49.631  43.802  -10.442 0.0000000000
123610  49.236  43.475  -11.084 0.0000000000
123608  50.258  43.316  -11.426 0.0000000000
122107  51.474  41.088  -9.918 0.0000000000
122108  50.766  41.722  -10.007 0.0000000000
120518  51.637  39.895  -10.734 0.0000000000
120527  51.668  40.825  -10.955 0.0000000000
120528  51.155  40.292  -11.205 0.0000000000
122140  50.730  41.962  -11.669 0.0000000000
120536  50.151  40.023  -12.139 0.0000000000
119658  50.580  39.145  -11.546 0.0000000000
117103  50.930  35.832  -10.807 0.0000000000
117980  50.664  37.098  -11.281 0.0000000000
117118  50.976  34.917  -11.431 0.0000000000
116269  51.578  34.215  -10.798 0.0000000000
115496  52.109  33.125  -10.996 0.0000000000
115465  52.722  33.658  -9.167 0.0000000000
114691  53.989  32.495  -7.963 0.0000000000
115451  53.994  33.239  -7.213 0.0000000000
117934  52.833  36.953  -5.885 0.0000000000
117064  52.636  35.922  -6.400 0.0000000000
117056  52.882  36.174  -5.634 0.0000000000
115424  54.077  34.162  -5.488 0.0000000000
115423  54.741  33.556  -5.142 0.0000000000
114667  54.889  32.823  -5.851 0.0000000000
114666  55.324  32.462  -5.483 0.0000000000
113903  55.707  31.760  -4.823 0.0000000000
134532  41.828  58.330  -10.308 0.0000000000
134543  41.149  58.312  -11.052 0.0000000000
134531  42.953  58.905  -10.579 0.0000000000
134510  45.151  58.703  -8.612 0.0000000000
134517  44.554  59.181  -8.988 0.0000000000
135225  46.072  59.361  -8.744 0.0000000000
129589  49.733  50.587  -6.823 0.0000000000
128865  48.301  51.375  -7.002 0.0000000000
129598  48.755  51.613  -7.049 0.0000000000
130316  48.302  52.696  -7.461 0.0000000000
131724  47.009  54.763  -7.544 0.0000000000
132386  46.609  55.541  -7.669 0.0000000000
131723  47.327  54.721  -7.788 0.0000000000
131749  47.851  54.626  -9.369 0.0000000000
132404  47.515  55.473  -8.892 0.0000000000
132423  47.778  55.454  -9.629 0.0000000000
133119  47.870  56.301  -9.840 0.0000000000
132422  48.189  55.415  -10.260 0.0000000000
132428  48.610  55.441  -10.974 0.0000000000
131756  48.389  54.622  -10.669 0.0000000000
129654  49.161  51.716  -12.176 0.0000000000
130387  48.855  51.826  -12.219 0.0000000000
130388  48.596  51.594  -12.392 0.0000000000
129667  48.059  51.252  -12.714 0.0000000000
129676  48.405  50.554  -13.281 0.0000000000
128123  47.457  49.482  -12.121 0.0000000000
128926  48.585  49.915  -11.683 0.0000000000
128135  47.388  49.187  -13.313 0.0000000000
127335  46.308  48.426  -14.313 0.0000000000
128154  46.222  48.800  -14.431 0.0000000000
127336  45.846  48.363  -14.560 0.0000000000
127337  44.909  48.410  -14.407 0.0000000000
126586  44.743  47.403  -14.560 0.0000000000
124345  43.873  44.742  -14.080 0.0000000000
125052  43.965  45.838  -14.094 0.0000000000
124332  43.491  44.715  -13.847 0.0000000000
123632  43.076  44.055  -13.459 0.0000000000
121362  43.255  40.635  -12.288 0.0000000000
120550  44.011  39.825  -13.063 0.0000000000
120530  45.059  39.643  -11.604 0.0000000000
120519  45.748  39.379  -10.675 0.0000000000
120510  45.586  39.394  -9.798 0.0000000000
119645  46.326  38.609  -9.628 0.0000000000
118799  48.092  37.314  -11.856 0.0000000000
117982  47.975  36.245  -10.884 0.0000000000
117092  46.139  35.350  -9.882 0.0000000000
117082  46.230  36.014  -9.236 0.0000000000
117960  46.417  36.698  -8.775 0.0000000000
117083  45.525  35.709  -8.840 0.0000000000
117073  45.370  36.177  -8.145 0.0000000000
116260  43.270  33.720  -10.018 0.0000000000
116250  42.809  33.967  -9.365 0.0000000000
116261  42.664  33.271  -9.616 0.0000000000
115458  41.882  33.151  -8.782 0.0000000000
115475  42.131  32.849  -9.310 0.0000000000
114706  50.945  32.804  -9.628 0.0000000000
115483  50.344  33.082  -10.214 0.0000000000
116231  48.342  34.405  -6.977 0.0000000000
115468  49.154  34.128  -8.563 0.0000000000
116245  48.122  34.311  -7.935 0.0000000000
115469  47.674  34.140  -9.060 0.0000000000
116246  47.122  34.267  -8.279 0.0000000000
113895  46.740  31.125  -3.633 0.0000000000
114658  47.011  32.886  -4.187 0.0000000000
114659  46.562  32.565  -4.133 0.0000000000
122119  41.526  41.671  -10.425 0.0000000000
122134  41.846  40.943  -10.950 0.0000000000
121354  42.381  40.574  -11.160 0.0000000000
120533  42.656  40.353  -11.051 0.0000000000
125041  42.961  45.823  -13.483 0.0000000000
125789  42.149  46.472  -12.919 0.0000000000
125027  42.437  45.811  -12.791 0.0000000000
125015  42.264  45.312  -12.016 0.0000000000
124315  42.024  44.677  -11.216 0.0000000000
124307  41.329  44.607  -10.319 0.0000000000
123605  41.715  43.648  -10.539 0.0000000000
122881  41.846  42.719  -10.555 0.0000000000
112109  55.346  29.543  -1.100 0.0000000000
112110  55.001  28.954  -1.171 0.0000000000
112102  54.925  28.917  -0.251 0.0000000000
112093  54.442  29.295  0.337 0.0000000000
125757  43.602  46.592  -9.828 0.0000000000
124997  43.757  45.593  -10.062 0.0000000000
124996  43.993  45.085  -9.649 0.0000000000
119617  51.013  38.867  -7.342 0.0000000000
120482  51.808  39.762  -7.510 0.0000000000
121281  53.793  40.382  -6.278 0.0000000000
127261  47.355  48.894  -6.913 0.0000000000
127260  48.230  48.875  -6.715 0.0000000000
128063  46.962  49.484  -7.718 0.0000000000
128079  46.494  49.872  -8.862 0.0000000000
128096  45.581  49.524  -9.791 0.0000000000
128080  45.161  49.215  -8.692 0.0000000000
127280  44.219  48.410  -9.510 0.0000000000
117138  49.484  34.989  -14.531 0.0000000000
117134  48.889  34.720  -14.208 0.0000000000
116318  48.991  34.041  -14.030 0.0000000000
114769  48.579  32.579  -13.759 0.0000000000
115518  48.445  32.907  -12.281 0.0000000000
120500  43.647  39.814  -7.550 0.0000000000
120487  43.431  39.693  -6.980 0.0000000000
120486  44.021  39.004  -6.804 0.0000000000
118768  43.888  37.316  -6.336 0.0000000000
117935  43.396  36.512  -5.989 0.0000000000
117945  43.849  36.479  -6.468 0.0000000000
117066  43.872  35.783  -6.940 0.0000000000
130375  47.019  52.443  -11.291 0.0000000000
131079  47.343  53.329  -11.236 0.0000000000
130376  45.882  51.823  -11.334 0.0000000000
122102  38.451  41.782  -8.852 0.0000000000
121320  38.004  41.534  -8.476 0.0000000000
122092  38.690  40.957  -7.362 0.0000000000
125728  46.282  46.123  -4.728 0.0000000000
124969  45.545  45.406  -5.085 0.0000000000
124259  45.936  44.418  -4.862 0.0000000000
126466  46.668  48.136  -2.699 0.0000000000
127193  47.059  49.112  -2.581 0.0000000000
125689  47.572  47.625  -2.930 0.0000000000
125698  49.102  46.981  -3.369 0.0000000000
125715  49.543  46.520  -3.882 0.0000000000
124960  48.931  45.963  -3.740 0.0000000000
125717  47.636  45.907  -4.387 0.0000000000
113942  53.445  31.926  -8.870 0.0000000000
114692  52.703  32.075  -8.108 0.0000000000
113925  53.428  31.812  -7.108 0.0000000000
113916  53.217  31.821  -6.056 0.0000000000
113905  52.878  31.950  -5.111 0.0000000000
111195  51.525  28.839  -0.083 0.0000000000
112112  52.194  29.223  -1.639 0.0000000000
111196  50.529  28.673  -0.277 0.0000000000
111197  49.531  28.524  -0.488 0.0000000000
123643  44.041  44.053  -14.110 0.0000000000
122919  44.064  43.534  -13.919 0.0000000000
123630  44.231  43.799  -13.863 0.0000000000
122145  46.216  41.350  -13.005 0.0000000000
122144  47.253  41.173  -12.899 0.0000000000
122153  47.779  41.006  -13.531 0.0000000000
121369  48.313  40.474  -13.677 0.0000000000
120546  48.204  39.845  -13.892 0.0000000000
120545  48.765  39.517  -13.787 0.0000000000
119664  49.945  38.907  -12.482 0.0000000000
124283  46.996  43.882  -8.166 0.0000000000
124293  47.752  44.166  -9.086 0.0000000000
124282  48.253  44.043  -8.675 0.0000000000
124280  49.207  44.196  -8.976 0.0000000000
123586  49.715  43.665  -9.676 0.0000000000
120506  52.850  40.263  -9.666 0.0000000000
120516  52.510  40.582  -10.010 0.0000000000
120507  52.600  40.092  -10.105 0.0000000000
119643  52.388  39.590  -9.986 0.0000000000
118797  51.570  38.639  -10.197 0.0000000000
118798  50.849  38.261  -10.948 0.0000000000
117968  51.614  37.705  -9.746 0.0000000000
117090  51.470  36.524  -9.628 0.0000000000
116243  51.771  35.785  -8.946 0.0000000000
116229  52.744  34.920  -7.155 0.0000000000
117055  53.289  35.740  -5.057 0.0000000000
117048  53.828  35.777  -4.121 0.0000000000
116200  54.276  35.007  -4.172 0.0000000000
133824  41.490  57.815  -9.638 0.0000000000
133823  42.033  58.065  -9.415 0.0000000000
134518  43.750  58.955  -9.608 0.0000000000
134512  43.171  58.308  -9.057 0.0000000000
133813  44.478  57.788  -8.508 0.0000000000
133812  45.524  57.762  -8.349 0.0000000000
128869  44.239  50.788  -7.209 0.0000000000
128868  45.409  50.911  -7.264 0.0000000000
129601  45.806  51.943  -7.367 0.0000000000
130314  49.670  51.311  -7.700 0.0000000000
129597  49.427  51.230  -7.170 0.0000000000
131035  48.581  53.194  -7.945 0.0000000000
131050  47.949  53.899  -8.491 0.0000000000
131049  48.534  53.339  -8.894 0.0000000000
131052  48.440  53.776  -9.949 0.0000000000
131056  48.582  53.659  -11.016 0.0000000000
130352  48.902  52.759  -10.602 0.0000000000
129653  49.479  51.410  -11.849 0.0000000000
128924  49.405  50.728  -12.269 0.0000000000
127307  45.267  48.071  -12.352 0.0000000000
127315  46.721  48.842  -12.883 0.0000000000
127316  45.964  48.016  -13.048 0.0000000000
126563  45.792  47.474  -13.512 0.0000000000
125799  45.345  46.884  -14.172 0.0000000000
125810  45.132  47.072  -14.471 0.0000000000
125051  44.230  45.483  -13.927 0.0000000000
120549  44.680  39.889  -13.576 0.0000000000
120539  45.253  39.508  -12.645 0.0000000000
119660  46.670  38.961  -11.776 0.0000000000
117122  46.934  34.408  -11.586 0.0000000000
117106  47.508  35.260  -11.195 0.0000000000
117108  45.488  34.524  -10.774 0.0000000000
116258  44.551  34.250  -10.750 0.0000000000
117094  44.113  34.449  -10.140 0.0000000000
116259  43.808  34.063  -10.560 0.0000000000
116273  43.907  33.671  -10.443 0.0000000000
115490  43.357  33.196  -9.670 0.0000000000
115441  50.297  33.636  -6.496 0.0000000000
115453  50.388  33.684  -7.597 0.0000000000
115442  49.616  33.899  -6.193 0.0000000000
116230  49.048  34.240  -6.637 0.0000000000
116210  48.204  34.005  -5.749 0.0000000000
121331  42.996  40.399  -8.704 0.0000000000
121330  43.673  40.160  -8.415 0.0000000000
119635  44.856  39.054  -7.977 0.0000000000
128148  44.809  49.218  -13.913 0.0000000000
128940  44.578  49.984  -13.201 0.0000000000
127318  43.358  48.812  -13.327 0.0000000000
126577  41.916  47.157  -13.190 0.0000000000
123592  41.033  43.815  -9.824 0.0000000000
122869  40.477  42.799  -9.335 0.0000000000
121335  39.484  40.925  -9.732 0.0000000000
126467  46.169  47.927  -2.809 0.0000000000
124946  47.027  45.086  -3.185 0.0000000000
113102  55.117  31.248  -5.468 0.0000000000
113104  54.298  30.934  -5.105 0.0000000000
113092  54.821  30.404  -4.552 0.0000000000
112138  54.618  29.924  -3.632 0.0000000000
112111  53.527  29.170  -1.303 0.0000000000
111210  52.411  28.985  -0.737 0.0000000000
111165  50.842  28.431  1.479 0.0000000000
125013  44.488  45.431  -12.169 0.0000000000
124312  44.334  44.387  -11.566 0.0000000000
123603  44.714  43.366  -10.933 0.0000000000
124305  44.267  44.277  -10.495 0.0000000000
122879  45.408  42.549  -11.140 0.0000000000
122888  47.006  41.872  -11.383 0.0000000000
122887  48.050  42.181  -11.386 0.0000000000
122128  48.929  42.154  -12.079 0.0000000000
121311  49.374  40.985  -8.986 0.0000000000
122099  49.235  41.730  -9.144 0.0000000000
120509  50.073  40.291  -9.251 0.0000000000
121328  50.999  40.735  -9.450 0.0000000000
121327  52.013  40.670  -9.386 0.0000000000
121294  52.516  40.340  -7.729 0.0000000000
121309  52.184  40.439  -8.432 0.0000000000
121326  52.788  40.597  -8.975 0.0000000000
120493  53.334  40.007  -8.997 0.0000000000
119629  53.171  39.435  -8.459 0.0000000000
118779  52.588  38.354  -8.164 0.0000000000
118773  52.815  38.200  -7.310 0.0000000000
118764  53.208  38.254  -6.627 0.0000000000
118752  53.333  37.947  -5.439 0.0000000000
119587  53.801  39.039  -5.569 0.0000000000
118742  53.375  37.839  -4.509 0.0000000000
117918  53.631  36.811  -3.327 0.0000000000
117917  54.088  36.448  -2.865 0.0000000000
132407  43.281  56.115  -8.369 0.0000000000
128020  49.759  50.163  -5.137 0.0000000000
128823  48.931  50.091  -5.661 0.0000000000
128821  50.119  50.136  -5.396 0.0000000000
128840  50.132  50.041  -6.464 0.0000000000
129588  49.917  50.385  -6.895 0.0000000000
128864  49.935  50.116  -7.690 0.0000000000
128886  49.636  50.400  -8.931 0.0000000000
128903  49.099  50.497  -10.043 0.0000000000
128915  49.191  50.335  -11.079 0.0000000000
128916  48.523  50.304  -10.865 0.0000000000
128917  47.532  50.258  -10.832 0.0000000000
128124  46.461  49.468  -11.643 0.0000000000
128111  45.730  49.423  -10.987 0.0000000000
127306  46.054  48.882  -12.008 0.0000000000
119673  47.502  38.193  -13.769 0.0000000000
118813  47.871  37.646  -13.165 0.0000000000
118812  48.403  37.033  -13.339 0.0000000000
117987  48.492  36.367  -12.546 0.0000000000
116304  48.553  34.067  -13.588 0.0000000000
116287  48.244  34.425  -12.830 0.0000000000
117121  47.930  34.782  -11.971 0.0000000000
116289  46.472  33.955  -11.841 0.0000000000
115520  46.288  33.738  -11.588 0.0000000000
115502  46.165  33.507  -10.962 0.0000000000
113881  48.362  30.958  -2.755 0.0000000000
113893  48.428  31.705  -3.088 0.0000000000
113882  48.001  30.815  -2.926 0.0000000000
118749  41.514  37.343  -4.124 0.0000000000
121285  42.145  40.042  -6.241 0.0000000000
120461  42.539  39.031  -5.403 0.0000000000
119597  42.339  38.240  -4.974 0.0000000000
118748  42.122  37.395  -4.642 0.0000000000
117927  41.805  36.495  -4.520 0.0000000000
117937  41.996  35.949  -4.890 0.0000000000
117058  42.980  35.543  -6.151 0.0000000000
115433  41.480  33.520  -6.482 0.0000000000
131058  46.790  53.410  -10.863 0.0000000000
131759  46.376  54.417  -10.307 0.0000000000
128928  44.360  50.424  -12.339 0.0000000000
129659  44.101  50.780  -11.621 0.0000000000
126514  44.283  47.433  -7.203 0.0000000000
125742  44.018  46.452  -7.699 0.0000000000
124976  44.478  45.587  -6.974 0.0000000000
124266  45.030  44.799  -6.443 0.0000000000
123578  47.283  43.530  -7.830 0.0000000000
122859  47.936  43.003  -8.110 0.0000000000
122089  48.161  41.242  -8.185 0.0000000000
120497  48.531  40.121  -8.359 0.0000000000
119630  49.502  39.277  -8.356 0.0000000000
119618  50.068  38.766  -7.712 0.0000000000
128847  42.879  49.970  -6.647 0.0000000000
128870  43.135  50.660  -7.073 0.0000000000
127960  46.685  49.893  -2.136 0.0000000000
127998  47.834  49.576  -3.996 0.0000000000
127997  49.023  49.798  -4.288 0.0000000000
127975  50.185  49.444  -4.152 0.0000000000
127232  50.429  48.244  -4.878 0.0000000000
127233  50.041  47.967  -5.136 0.0000000000
126493  49.716  47.114  -4.632 0.0000000000
127235  48.494  47.816  -5.595 0.0000000000
127250  47.782  48.191  -6.173 0.0000000000
127251  46.654  48.257  -6.373 0.0000000000
127252  45.619  48.229  -6.581 0.0000000000
114737  51.550  32.843  -11.743 0.0000000000
114729  51.476  32.463  -11.250 0.0000000000
114718  51.058  32.574  -10.262 0.0000000000
115466  51.422  32.876  -8.412 0.0000000000
114693  51.983  32.606  -7.878 0.0000000000
115452  51.291  33.170  -7.735 0.0000000000
115425  50.861  33.287  -5.781 0.0000000000
115411  50.272  33.222  -4.625 0.0000000000
114643  49.644  32.483  -3.523 0.0000000000
113093  54.102  30.696  -4.625 0.0000000000
113888  53.093  31.457  -4.588 0.0000000000
112125  51.765  29.860  -2.564 0.0000000000
113064  51.542  30.456  -2.959 0.0000000000
113890  51.445  31.839  -3.417 0.0000000000
113891  50.348  31.645  -3.058 0.0000000000
113879  49.702  31.325  -2.867 0.0000000000
112128  48.778  29.532  -2.533 0.0000000000
122902  42.954  43.245  -12.532 0.0000000000
122891  43.148  41.928  -11.911 0.0000000000
122901  43.399  42.513  -12.676 0.0000000000
121383  45.227  40.248  -14.429 0.0000000000
120558  45.871  39.664  -14.633 0.0000000000
120557  46.870  39.354  -14.396 0.0000000000
122900  44.765  42.728  -13.114 0.0000000000
122155  45.653  41.322  -14.102 0.0000000000
122178  46.097  40.382  -15.334 0.0000000000
120563  46.720  39.771  -15.086 0.0000000000
119682  47.331  38.719  -14.083 0.0000000000
119681  47.707  38.485  -14.300 0.0000000000
118823  48.278  37.946  -14.438 0.0000000000
118816  48.842  37.642  -14.303 0.0000000000
117998  49.318  36.082  -14.337 0.0000000000
117132  49.883  35.114  -14.197 0.0000000000
116303  50.458  34.201  -13.156 0.0000000000
124295  45.482  44.294  -9.051 0.0000000000
123588  47.242  43.994  -9.646 0.0000000000
123600  47.807  43.497  -10.271 0.0000000000
122886  49.019  42.784  -11.854 0.0000000000
122897  49.473  42.413  -12.050 0.0000000000
122109  49.876  42.278  -9.702 0.0000000000
122866  50.504  42.949  -10.061 0.0000000000
122874  50.891  43.166  -10.762 0.0000000000
121351  51.697  41.127  -10.702 0.0000000000
122125  51.386  41.807  -10.876 0.0000000000
122127  50.546  42.575  -11.705 0.0000000000
122141  49.977  41.997  -12.046 0.0000000000
117986  50.297  36.889  -12.207 0.0000000000
117119  50.527  35.589  -12.178 0.0000000000
116285  51.101  34.263  -12.054 0.0000000000
115515  51.452  33.238  -11.935 0.0000000000
115514  51.761  32.945  -11.507 0.0000000000
114715  53.222  32.366  -9.472 0.0000000000
116256  52.248  33.970  -9.725 0.0000000000
115481  53.355  32.772  -9.174 0.0000000000
113941  53.505  32.040  -9.124 0.0000000000
113932  53.977  31.959  -8.143 0.0000000000
113931  54.321  32.104  -7.603 0.0000000000
113923  54.630  31.894  -6.881 0.0000000000
117063  53.055  35.492  -5.852 0.0000000000
116228  53.480  34.286  -6.754 0.0000000000
115450  54.446  32.720  -6.786 0.0000000000
114679  54.832  32.367  -6.382 0.0000000000
113913  55.210  31.688  -5.767 0.0000000000
113091  55.620  30.874  -4.617 0.0000000000
113090  56.027  31.365  -4.371 0.0000000000
113075  56.139  30.523  -3.382 0.0000000000
113063  56.076  30.581  -2.608 0.0000000000
135245  43.780  59.569  -10.780 0.0000000000
135235  44.101  59.560  -10.094 0.0000000000
135234  44.835  59.820  -9.574 0.0000000000
135233  45.808  59.958  -9.251 0.0000000000
135224  46.915  59.060  -8.746 0.0000000000
134516  47.571  58.440  -9.477 0.0000000000
131740  43.576  55.268  -8.254 0.0000000000
131739  44.378  55.146  -8.127 0.0000000000
128842  48.609  50.486  -6.494 0.0000000000
128866  47.664  51.231  -7.082 0.0000000000
132388  44.877  55.389  -8.026 0.0000000000
132405  45.233  56.366  -8.127 0.0000000000
133104  45.868  56.811  -8.043 0.0000000000
133103  46.817  56.824  -8.062 0.0000000000
132385  47.247  55.487  -7.901 0.0000000000
133090  47.240  55.985  -7.921 0.0000000000
133810  47.334  57.491  -8.951 0.0000000000
133822  47.834  57.599  -10.072 0.0000000000
133143  48.617  56.037  -11.141 0.0000000000
131077  48.256  53.515  -11.420 0.0000000000
129668  46.976  51.034  -12.764 0.0000000000
128938  46.433  50.429  -13.397 0.0000000000
128925  49.074  50.158  -12.155 0.0000000000
128144  48.757  49.723  -13.174 0.0000000000
128145  48.075  49.558  -13.476 0.0000000000
128946  48.658  50.031  -13.416 0.0000000000
128947  47.838  49.896  -13.723 0.0000000000
128948  46.836  49.824  -13.893 0.0000000000
128949  45.821  49.863  -13.858 0.0000000000
128156  45.120  48.813  -14.256 0.0000000000
127338  44.148  47.837  -14.466 0.0000000000
125812  43.998  46.471  -14.289 0.0000000000
125801  43.395  46.535  -13.931 0.0000000000
124333  42.981  44.789  -13.432 0.0000000000
123622  42.798  43.969  -12.916 0.0000000000
122147  42.771  40.886  -11.828 0.0000000000
120532  43.120  40.191  -11.426 0.0000000000
119646  45.657  39.156  -9.193 0.0000000000
119634  45.507  38.653  -8.347 0.0000000000
118805  47.845  37.743  -12.231 0.0000000000
118790  47.387  37.704  -10.215 0.0000000000
117091  47.194  35.712  -10.299 0.0000000000
117969  47.556  36.804  -10.099 0.0000000000
118791  46.964  37.454  -9.486 0.0000000000
118781  46.474  37.732  -8.888 0.0000000000
118782  45.993  37.504  -8.261 0.0000000000
117952  45.341  36.819  -7.803 0.0000000000
117074  44.680  35.808  -7.877 0.0000000000
117075  43.419  34.861  -8.068 0.0000000000
117085  43.339  34.451  -9.044 0.0000000000
115516  50.344  32.555  -11.591 0.0000000000
115499  49.433  33.150  -11.161 0.0000000000
115486  46.922  33.849  -10.154 0.0000000000
115487  45.985  33.545  -10.180 0.0000000000
115401  48.211  33.011  -3.935 0.0000000000
115429  47.809  33.717  -5.209 0.0000000000
116211  47.484  34.089  -5.852 0.0000000000
115416  46.042  32.790  -4.495 0.0000000000
115430  46.660  33.801  -5.533 0.0000000000
116221  46.926  34.293  -6.529 0.0000000000
116234  45.791  34.063  -7.729 0.0000000000
116248  45.526  33.829  -8.608 0.0000000000
115488  45.179  33.497  -10.117 0.0000000000
115489  44.390  33.390  -9.900 0.0000000000
115474  43.554  32.934  -8.558 0.0000000000
111162  53.860  29.365  1.998 0.0000000000
111152  53.062  28.812  2.723 0.0000000000
111149  52.205  28.350  3.475 0.0000000000
111153  51.918  28.512  2.641 0.0000000000
110291  51.634  28.203  3.212 0.0000000000
111177  55.162  29.278  0.032 0.0000000000
111191  55.232  29.424  -0.152 0.0000000000
111192  55.200  29.012  -0.406 0.0000000000
111208  55.332  29.052  -0.873 0.0000000000
111209  53.241  29.092  -0.442 0.0000000000
111211  51.346  29.030  -0.923 0.0000000000
112126  50.580  29.822  -2.433 0.0000000000
112151  55.135  30.024  -4.134 0.0000000000
113066  50.004  30.693  -2.665 0.0000000000
113067  49.009  30.421  -2.559 0.0000000000
113069  47.864  30.698  -3.119 0.0000000000
113074  56.374  31.199  -3.874 0.0000000000
113079  51.204  30.984  -3.076 0.0000000000
113103  54.802  30.973  -5.348 0.0000000000
113880  49.115  31.171  -2.711 0.0000000000
113922  55.072  31.966  -6.334 0.0000000000
113933  53.464  31.856  -8.149 0.0000000000
113948  53.150  32.156  -9.613 0.0000000000
114640  51.812  32.466  -4.527 0.0000000000
114644  48.695  32.445  -3.510 0.0000000000
114645  47.545  32.456  -3.646 0.0000000000
114646  46.666  31.889  -3.668 0.0000000000
114657  50.895  32.872  -4.317 0.0000000000
114703  53.594  32.397  -8.783 0.0000000000
114719  42.784  32.869  -9.477 0.0000000000
114738  51.147  32.732  -12.278 0.0000000000
114739  50.293  32.508  -12.193 0.0000000000
114741  48.481  32.605  -12.750 0.0000000000
114752  50.752  32.951  -13.054 0.0000000000
114754  49.286  32.552  -13.235 0.0000000000
114755  48.481  32.534  -13.154 0.0000000000
114756  48.036  32.599  -13.207 0.0000000000
114768  49.203  32.662  -13.981 0.0000000000
114770  48.116  32.625  -13.471 0.0000000000
115398  50.237  33.008  -4.115 0.0000000000
115410  50.661  33.297  -5.201 0.0000000000
115412  49.270  33.413  -4.586 0.0000000000
115413  48.400  33.414  -4.513 0.0000000000
115414  47.436  33.290  -4.451 0.0000000000
115438  54.544  33.062  -6.288 0.0000000000
115440  51.081  33.282  -6.712 0.0000000000
115443  46.289  34.105  -6.371 0.0000000000
115454  49.595  34.048  -7.149 0.0000000000
115471  45.730  33.761  -9.359 0.0000000000
115472  44.999  33.543  -9.211 0.0000000000
115482  52.883  33.073  -9.801 0.0000000000
115498  50.341  32.734  -11.075 0.0000000000
115517  49.648  32.640  -11.828 0.0000000000
115522  45.106  33.506  -11.194 0.0000000000
115537  48.131  32.611  -12.931 0.0000000000
115547  49.720  33.335  -13.907 0.0000000000
115548  49.205  33.078  -14.316 0.0000000000
115549  48.570  32.856  -14.286 0.0000000000
115550  48.087  32.751  -13.845 0.0000000000
116206  54.560  34.423  -4.431 0.0000000000
116208  49.130  33.956  -5.659 0.0000000000
116209  48.852  34.005  -5.662 0.0000000000
116216  53.527  34.692  -5.779 0.0000000000
116218  49.123  34.088  -5.933 0.0000000000
116219  48.575  34.234  -6.208 0.0000000000
116220  47.840  34.316  -6.409 0.0000000000
116233  46.617  34.302  -7.540 0.0000000000
116235  42.942  34.361  -8.726 0.0000000000
116247  46.197  34.155  -8.498 0.0000000000
116290  45.589  33.848  -11.643 0.0000000000
116302  51.054  33.690  -12.518 0.0000000000
116310  49.355  33.790  -14.151 0.0000000000
116311  48.884  33.721  -14.089 0.0000000000
116316  49.666  34.669  -14.336 0.0000000000
116317  49.426  34.436  -14.278 0.0000000000
117129  48.676  35.044  -13.543 0.0000000000
117133  49.477  35.387  -14.504 0.0000000000
117137  49.815  34.868  -14.331 0.0000000000
117139  49.113  34.561  -14.405 0.0000000000
117910  53.922  37.132  -2.590 0.0000000000
117981  48.272  36.737  -11.709 0.0000000000
117997  49.893  35.791  -13.962 0.0000000000
118002  49.296  35.432  -14.620 0.0000000000
118753  53.116  37.709  -6.160 0.0000000000
118774  45.517  37.762  -7.765 0.0000000000
118775  44.954  37.488  -7.358 0.0000000000
118818  47.917  37.588  -14.003 0.0000000000
119559  53.731  38.743  -3.930 0.0000000000
119602  53.692  39.234  -6.376 0.0000000000
119628  53.536  39.786  -7.785 0.0000000000
119631  48.721  39.466  -8.193 0.0000000000
119644  46.976  38.083  -9.984 0.0000000000
119651  51.829  39.569  -10.423 0.0000000000
119653  47.058  38.391  -10.759 0.0000000000
119666  47.400  38.245  -12.932 0.0000000000
119679  48.496  38.589  -14.351 0.0000000000
120484  47.986  40.037  -7.910 0.0000000000
120488  42.896  39.923  -6.792 0.0000000000
120498  44.910  39.301  -8.321 0.0000000000
120505  53.201  40.383  -8.882 0.0000000000
120508  50.425  40.457  -9.303 0.0000000000
120523  42.468  40.404  -10.821 0.0000000000
120540  44.399  39.698  -12.513 0.0000000000
120541  43.675  39.964  -12.424 0.0000000000
120554  48.600  39.033  -14.182 0.0000000000
120559  45.325  39.849  -14.104 0.0000000000
120562  46.913  39.890  -15.109 0.0000000000
120564  46.376  39.686  -15.012 0.0000000000
121293  52.949  40.470  -7.332 0.0000000000
121296  47.766  40.777  -7.651 0.0000000000
121308  52.871  40.588  -8.158 0.0000000000
121312  48.761  40.981  -8.627 0.0000000000
121313  43.727  39.967  -8.028 0.0000000000
121341  52.017  40.851  -10.086 0.0000000000
121353  42.856  40.381  -11.677 0.0000000000
121355  41.881  40.687  -10.827 0.0000000000
121371  46.779  40.625  -14.499 0.0000000000
121381  46.790  40.446  -14.820 0.0000000000
121382  45.693  40.322  -15.087 0.0000000000
121397  46.701  40.130  -15.205 0.0000000000
122117  51.038  42.313  -10.589 0.0000000000
122121  40.029  41.363  -9.897 0.0000000000
122126  51.087  42.436  -11.240 0.0000000000
122131  46.778  41.445  -12.189 0.0000000000
122132  42.990  41.606  -11.831 0.0000000000
122177  46.302  40.570  -15.162 0.0000000000
122875  48.846  43.324  -11.149 0.0000000000
122876  48.346  43.025  -10.953 0.0000000000
122884  50.646  43.121  -11.409 0.0000000000
122898  49.209  42.339  -12.074 0.0000000000
122920  43.864  43.789  -14.019 0.0000000000
123567  47.378  43.305  -7.742 0.0000000000
123575  49.275  43.947  -8.998 0.0000000000
123590  45.009  43.632  -9.785 0.0000000000
123597  50.367  43.532  -10.974 0.0000000000
123609  49.794  43.399  -11.323 0.0000000000
124272  46.546  43.758  -7.555 0.0000000000
124281  49.021  44.214  -8.860 0.0000000000
124291  49.272  44.168  -9.208 0.0000000000
124304  49.010  44.238  -9.986 0.0000000000
124990  43.729  46.048  -9.403 0.0000000000
125014  44.160  45.542  -11.570 0.0000000000
125039  44.335  45.153  -13.650 0.0000000000
125690  47.139  47.699  -2.812 0.0000000000
125696  50.327  47.587  -3.704 0.0000000000
125697  50.000  47.189  -3.360 0.0000000000
125714  50.286  47.089  -3.805 0.0000000000
125716  48.708  46.131  -4.256 0.0000000000
125725  49.313  46.676  -4.407 0.0000000000
125726  49.112  46.467  -4.320 0.0000000000
125727  46.982  46.422  -4.835 0.0000000000
125750  43.988  45.994  -8.357 0.0000000000
125776  44.127  46.067  -11.554 0.0000000000
125777  41.425  46.492  -12.006 0.0000000000
125790  41.668  46.606  -12.557 0.0000000000
125803  42.008  46.738  -13.028 0.0000000000
126453  47.477  48.309  -2.821 0.0000000000
126454  47.016  48.370  -2.684 0.0000000000
126462  50.364  48.074  -3.744 0.0000000000
126463  50.089  48.054  -3.474 0.0000000000
126478  50.535  47.944  -3.974 0.0000000000
126479  50.444  47.428  -4.129 0.0000000000
126480  50.204  47.001  -4.201 0.0000000000
126482  48.230  46.384  -4.629 0.0000000000
126491  50.465  47.917  -4.373 0.0000000000
126505  47.895  47.442  -5.486 0.0000000000
126515  43.869  47.216  -7.881 0.0000000000
126530  43.935  47.981  -8.768 0.0000000000
126542  43.970  47.467  -10.551 0.0000000000
126567  41.158  47.099  -12.208 0.0000000000
126573  46.188  47.941  -14.307 0.0000000000
126574  45.989  47.472  -13.997 0.0000000000
126584  46.061  48.074  -14.527 0.0000000000
127214  46.149  48.597  -2.446 0.0000000000
127221  50.521  48.540  -4.473 0.0000000000
127234  49.303  47.848  -5.351 0.0000000000
127248  49.892  48.550  -5.923 0.0000000000
127264  44.534  48.320  -7.630 0.0000000000
127281  43.999  48.055  -10.226 0.0000000000
127317  45.521  47.776  -12.796 0.0000000000
127327  46.174  47.739  -13.652 0.0000000000
127328  44.498  48.776  -14.139 0.0000000000
127995  50.400  49.402  -4.679 0.0000000000
127996  49.926  49.905  -4.600 0.0000000000
128019  50.605  48.985  -5.296 0.0000000000
128021  49.270  49.959  -5.103 0.0000000000
128042  50.417  49.124  -6.082 0.0000000000
128044  48.799  49.070  -6.846 0.0000000000
128045  47.843  49.958  -6.228 0.0000000000
128064  45.858  49.278  -7.913 0.0000000000
128081  44.611  48.831  -9.079 0.0000000000
128110  46.689  49.874  -11.226 0.0000000000
128112  45.151  49.157  -10.348 0.0000000000
128121  48.938  49.833  -12.478 0.0000000000
128122  48.645  49.681  -12.395 0.0000000000
128133  48.925  49.762  -12.728 0.0000000000
128155  45.549  48.826  -14.400 0.0000000000
128793  46.595  50.030  -1.871 0.0000000000
128801  46.729  50.016  -2.304 0.0000000000
128809  50.226  49.874  -4.869 0.0000000000
128820  50.400  49.643  -5.451 0.0000000000
128822  49.462  50.261  -5.646 0.0000000000
128871  42.449  50.520  -6.899 0.0000000000
128887  48.888  50.379  -9.170 0.0000000000
128905  47.335  50.328  -9.632 0.0000000000
128935  49.327  50.782  -12.599 0.0000000000
128936  49.148  50.307  -12.861 0.0000000000
128950  45.164  49.881  -13.631 0.0000000000
129590  49.255  50.859  -6.798 0.0000000000
129657  45.565  51.224  -11.944 0.0000000000
129665  49.434  51.010  -12.427 0.0000000000
129666  49.083  51.151  -12.711 0.0000000000
130353  46.652  52.797  -10.950 0.0000000000
130377  45.245  51.543  -11.467 0.0000000000
131057  47.559  53.983  -11.317 0.0000000000
131738  47.566  54.703  -8.265 0.0000000000
131758  47.445  54.538  -11.034 0.0000000000
133092  46.410  56.232  -7.777 0.0000000000
133129  48.478  56.045  -10.648 0.0000000000
134507  47.385  58.271  -8.945 0.0000000000
134509  46.222  58.531  -8.459 0.0000000000
134520  41.942  58.190  -9.684 0.0000000000
135223  47.322  58.676  -8.941 0.0000000000
135252  44.213  60.206  -11.178 0.0000000000
