#!ascii label  , from subject sub001 vox2ras=TkReg
292
22954  35.355  -50.668  -13.246 0.0000000000
17163  42.120  -56.078  -18.642 0.0000000000
16203  34.426  -57.255  -16.415 0.0000000000
17996  40.590  -54.843  -14.620 0.0000000000
13731  38.799  -59.980  -20.860 0.0000000000
15396  36.907  -58.057  -18.809 0.0000000000
13734  35.638  -60.194  -20.735 0.0000000000
18036  42.626  -55.161  -15.955 0.0000000000
21951  42.290  -51.436  -14.536 0.0000000000
18956  34.427  -54.611  -14.789 0.0000000000
17116  37.142  -56.389  -15.648 0.0000000000
16239  40.196  -57.440  -17.144 0.0000000000
15391  43.034  -58.636  -18.446 0.0000000000
12894  40.570  -61.245  -22.063 0.0000000000
22904  33.901  -50.110  -10.161 0.0000000000
19900  32.578  -53.576  -13.255 0.0000000000
17098  32.615  -56.553  -14.349 0.0000000000
22949  40.692  -50.721  -12.991 0.0000000000
14566  34.832  -59.155  -19.727 0.0000000000
18070  42.689  -55.925  -17.578 0.0000000000
19949  41.831  -53.198  -15.912 0.0000000000
18024  34.634  -56.035  -15.475 0.0000000000
17141  35.747  -56.800  -16.367 0.0000000000
14563  37.744  -59.070  -19.837 0.0000000000
16259  38.524  -57.585  -18.096 0.0000000000
15411  39.766  -58.465  -19.462 0.0000000000
16256  41.804  -57.814  -17.614 0.0000000000
15426  40.700  -59.065  -19.819 0.0000000000
13752  42.833  -60.621  -21.577 0.0000000000
17960  32.671  -55.381  -11.672 0.0000000000
17980  32.417  -55.523  -13.823 0.0000000000
16163  32.546  -57.437  -12.979 0.0000000000
18951  39.100  -54.214  -14.633 0.0000000000
20919  40.496  -52.642  -13.854 0.0000000000
23968  42.025  -49.635  -14.270 0.0000000000
23953  42.321  -49.514  -13.611 0.0000000000
16244  34.705  -57.807  -17.574 0.0000000000
16243  35.802  -57.574  -17.476 0.0000000000
15398  35.057  -58.302  -18.732 0.0000000000
14564  36.801  -59.006  -19.918 0.0000000000
13732  37.677  -60.023  -20.834 0.0000000000
18017  41.915  -55.359  -15.024 0.0000000000
19912  41.596  -53.108  -14.146 0.0000000000
19935  42.317  -53.050  -15.051 0.0000000000
21966  41.937  -51.497  -15.337 0.0000000000
17185  41.350  -56.876  -20.036 0.0000000000
20906  34.669  -52.387  -13.987 0.0000000000
18953  37.070  -54.513  -14.845 0.0000000000
18020  38.571  -55.711  -15.135 0.0000000000
16223  37.318  -57.261  -16.699 0.0000000000
17138  38.835  -56.802  -15.992 0.0000000000
17113  40.445  -56.162  -15.369 0.0000000000
17135  42.030  -56.570  -15.943 0.0000000000
16216  43.240  -57.432  -17.316 0.0000000000
16255  43.537  -57.484  -18.731 0.0000000000
13730  40.014  -59.948  -20.960 0.0000000000
14581  42.133  -59.632  -20.366 0.0000000000
14558  44.056  -59.199  -20.030 0.0000000000
16281  43.156  -57.627  -20.275 0.0000000000
23907  36.011  -50.098  -10.282 0.0000000000
22917  34.325  -49.861  -11.813 0.0000000000
21911  32.436  -51.737  -11.749 0.0000000000
21942  33.279  -51.916  -13.377 0.0000000000
19920  33.127  -53.684  -14.101 0.0000000000
18004  32.995  -55.516  -14.457 0.0000000000
17120  33.505  -56.931  -15.470 0.0000000000
15355  32.746  -58.588  -15.503 0.0000000000
15366  33.245  -58.426  -16.613 0.0000000000
21933  42.158  -51.329  -13.787 0.0000000000
22934  35.775  -50.008  -12.691 0.0000000000
23945  36.205  -49.639  -12.023 0.0000000000
18071  42.049  -55.658  -18.081 0.0000000000
18985  41.420  -54.750  -17.298 0.0000000000
17119  34.314  -56.767  -15.883 0.0000000000
17118  35.217  -56.443  -15.897 0.0000000000
17142  34.944  -56.849  -16.357 0.0000000000
14584  38.369  -59.339  -20.191 0.0000000000
15412  38.472  -58.675  -19.547 0.0000000000
15428  39.277  -58.873  -19.990 0.0000000000
15427  40.229  -58.888  -19.975 0.0000000000
14583  39.590  -59.357  -20.417 0.0000000000
12078  42.085  -62.379  -23.163 0.0000000000
17069  32.623  -56.477  -12.323 0.0000000000
17997  39.698  -54.763  -14.665 0.0000000000
19914  39.440  -53.428  -14.439 0.0000000000
19913  40.547  -53.314  -14.103 0.0000000000
24955  41.977  -49.103  -14.087 0.0000000000
16263  34.694  -58.112  -18.247 0.0000000000
15416  34.552  -58.738  -19.165 0.0000000000
14587  35.248  -59.629  -20.288 0.0000000000
14565  35.825  -59.114  -19.800 0.0000000000
14586  36.237  -59.638  -20.274 0.0000000000
14585  37.245  -59.532  -20.320 0.0000000000
13733  36.634  -60.146  -20.769 0.0000000000
17111  42.347  -55.750  -15.628 0.0000000000
18016  42.378  -54.907  -15.179 0.0000000000
18968  42.328  -54.193  -15.373 0.0000000000
20959  41.863  -52.246  -15.760 0.0000000000
21988  41.113  -51.888  -15.916 0.0000000000
22987  41.189  -50.884  -15.198 0.0000000000
20925  34.342  -53.135  -14.374 0.0000000000
20924  35.377  -53.079  -14.321 0.0000000000
19918  34.934  -53.871  -14.547 0.0000000000
17999  37.822  -55.125  -14.987 0.0000000000
17115  38.178  -56.364  -15.518 0.0000000000
16261  36.381  -57.720  -18.161 0.0000000000
16242  36.853  -57.529  -17.397 0.0000000000
16260  37.420  -57.662  -18.121 0.0000000000
16240  39.027  -57.479  -17.244 0.0000000000
16221  39.492  -57.209  -16.506 0.0000000000
17137  39.950  -56.705  -15.927 0.0000000000
16220  40.607  -57.127  -16.410 0.0000000000
17136  41.033  -56.686  -15.813 0.0000000000
16219  41.523  -57.052  -16.278 0.0000000000
15378  42.750  -58.167  -17.799 0.0000000000
16237  42.446  -57.673  -17.266 0.0000000000
15377  43.403  -58.171  -17.984 0.0000000000
17154  43.349  -57.166  -17.891 0.0000000000
15390  43.763  -58.453  -18.775 0.0000000000
10557  37.127  -64.934  -24.389 0.0000000000
12080  39.870  -62.416  -22.991 0.0000000000
12081  38.710  -62.408  -22.865 0.0000000000
12918  39.636  -61.779  -22.500 0.0000000000
13754  40.358  -60.648  -21.487 0.0000000000
13729  41.279  -60.174  -20.870 0.0000000000
13753  41.668  -60.861  -21.517 0.0000000000
13751  43.405  -60.186  -21.784 0.0000000000
13727  43.354  -59.995  -21.083 0.0000000000
15424  43.735  -58.611  -20.700 0.0000000000
16280  43.887  -58.122  -19.842 0.0000000000
15425  43.231  -58.121  -20.841 0.0000000000
22876  35.783  -50.342  -9.569 0.0000000000
23908  34.868  -49.707  -10.414 0.0000000000
23933  34.197  -49.719  -11.333 0.0000000000
23909  34.224  -49.649  -10.964 0.0000000000
19890  32.489  -53.503  -12.232 0.0000000000
20873  32.286  -52.423  -11.103 0.0000000000
20891  32.500  -52.836  -12.698 0.0000000000
21923  32.604  -52.040  -12.610 0.0000000000
20908  32.827  -52.549  -13.286 0.0000000000
19899  32.952  -53.083  -13.704 0.0000000000
19921  32.714  -54.116  -13.723 0.0000000000
17097  33.287  -56.304  -14.937 0.0000000000
17121  32.969  -57.012  -15.001 0.0000000000
14510  32.746  -59.846  -15.773 0.0000000000
15354  33.139  -58.064  -15.916 0.0000000000
20917  42.256  -52.243  -14.321 0.0000000000
20899  41.858  -52.229  -13.871 0.0000000000
22927  42.166  -49.724  -12.780 0.0000000000
18053  42.712  -55.730  -16.800 0.0000000000
18975  42.386  -54.190  -16.013 0.0000000000
18002  34.977  -55.319  -15.126 0.0000000000
18955  35.441  -54.634  -14.806 0.0000000000
18023  35.575  -55.910  -15.437 0.0000000000
17140  36.739  -56.796  -16.256 0.0000000000
15413  37.379  -58.559  -19.396 0.0000000000
15395  37.971  -58.086  -18.793 0.0000000000
15394  39.142  -57.965  -18.828 0.0000000000
16258  39.708  -57.620  -17.996 0.0000000000
16257  40.920  -57.704  -17.813 0.0000000000
15393  40.415  -58.097  -18.657 0.0000000000
15410  41.011  -58.830  -19.376 0.0000000000
15409  42.414  -58.846  -19.182 0.0000000000
12893  41.511  -61.363  -22.141 0.0000000000
12916  42.018  -61.697  -22.565 0.0000000000
18926  32.456  -54.460  -12.496 0.0000000000
18935  32.492  -54.617  -13.397 0.0000000000
17968  32.358  -55.481  -12.867 0.0000000000
17082  32.364  -56.478  -13.410 0.0000000000
20901  40.001  -52.027  -13.814 0.0000000000
21935  40.360  -51.402  -13.426 0.0000000000
22969  42.158  -50.581  -14.406 0.0000000000
22968  42.425  -50.494  -13.931 0.0000000000
23967  42.488  -50.023  -14.124 0.0000000000
24934  42.214  -48.703  -13.016 0.0000000000
16226  34.146  -57.733  -16.813 0.0000000000
16225  35.150  -57.308  -16.852 0.0000000000
16262  35.416  -57.861  -18.191 0.0000000000
15397  35.915  -58.074  -18.830 0.0000000000
15414  36.376  -58.535  -19.373 0.0000000000
18018  41.011  -55.523  -14.919 0.0000000000
18949  41.164  -54.090  -14.358 0.0000000000
18948  42.094  -54.042  -14.668 0.0000000000
19911  42.020  -52.985  -14.514 0.0000000000
20941  42.474  -52.148  -14.855 0.0000000000
19948  42.266  -53.666  -15.552 0.0000000000
19936  42.119  -52.660  -15.496 0.0000000000
21965  42.412  -51.804  -15.049 0.0000000000
22986  41.768  -50.926  -14.849 0.0000000000
23969  41.012  -49.685  -14.445 0.0000000000
17171  41.815  -56.304  -19.299 0.0000000000
21940  35.021  -51.543  -13.628 0.0000000000
20905  35.743  -52.258  -13.975 0.0000000000
17998  38.848  -54.963  -14.864 0.0000000000
18019  39.791  -55.475  -15.008 0.0000000000
16241  37.915  -57.491  -17.330 0.0000000000
16222  38.383  -57.273  -16.586 0.0000000000
17139  37.762  -56.845  -16.088 0.0000000000
17114  39.292  -56.231  -15.467 0.0000000000
17112  41.511  -56.063  -15.384 0.0000000000
16238  41.425  -57.478  -16.963 0.0000000000
16218  42.346  -57.163  -16.524 0.0000000000
17134  42.904  -56.407  -16.474 0.0000000000
17155  43.141  -56.471  -17.376 0.0000000000
17162  42.915  -56.674  -18.482 0.0000000000
13756  38.040  -60.681  -21.260 0.0000000000
11276  37.873  -63.682  -23.928 0.0000000000
13755  39.140  -60.570  -21.434 0.0000000000
14561  41.892  -59.146  -19.826 0.0000000000
14560  42.898  -59.354  -19.789 0.0000000000
13728  42.506  -60.278  -20.899 0.0000000000
14580  43.151  -59.646  -20.433 0.0000000000
15408  43.485  -58.996  -19.265 0.0000000000
16271  43.970  -58.015  -19.125 0.0000000000
16272  43.484  -57.510  -19.327 0.0000000000
17170  42.737  -57.069  -19.469 0.0000000000
17184  42.245  -57.057  -19.957 0.0000000000
21898  37.494  -51.591  -9.709 0.0000000000
22902  36.264  -50.491  -9.827 0.0000000000
22901  36.866  -50.771  -9.828 0.0000000000
23931  35.579  -49.661  -11.252 0.0000000000
23947  34.805  -49.761  -11.987 0.0000000000
22935  34.594  -50.030  -12.365 0.0000000000
20855  32.446  -52.399  -10.212 0.0000000000
22905  33.196  -50.635  -10.829 0.0000000000
22919  32.888  -50.870  -11.639 0.0000000000
22936  33.484  -50.737  -12.528 0.0000000000
21941  34.031  -51.729  -13.635 0.0000000000
20907  33.566  -52.676  -13.920 0.0000000000
20926  33.702  -53.286  -14.322 0.0000000000
19919  33.944  -53.812  -14.593 0.0000000000
18958  32.750  -54.648  -14.064 0.0000000000
18957  33.476  -54.610  -14.534 0.0000000000
18003  33.910  -55.501  -15.014 0.0000000000
18025  33.901  -56.294  -15.384 0.0000000000
16205  33.030  -57.626  -15.483 0.0000000000
16204  33.690  -57.579  -16.068 0.0000000000
19898  41.057  -52.834  -13.797 0.0000000000
20900  40.991  -52.254  -13.523 0.0000000000
21934  41.372  -51.442  -13.408 0.0000000000
22947  42.239  -50.114  -13.171 0.0000000000
22948  41.662  -50.595  -13.079 0.0000000000
13779  42.297  -61.129  -21.998 0.0000000000
14559  43.767  -59.286  -19.937 0.0000000000
14562  38.190  -59.063  -19.834 0.0000000000
14579  43.754  -59.298  -20.445 0.0000000000
14582  40.858  -59.405  -20.179 0.0000000000
15379  42.253  -57.977  -17.743 0.0000000000
15392  41.860  -58.249  -18.326 0.0000000000
15399  34.331  -58.468  -18.648 0.0000000000
15407  44.063  -58.812  -19.751 0.0000000000
15415  35.426  -58.631  -19.289 0.0000000000
16217  43.072  -57.322  -16.912 0.0000000000
16235  43.363  -57.571  -17.702 0.0000000000
16236  43.099  -57.760  -17.460 0.0000000000
16254  43.629  -57.756  -18.358 0.0000000000
17133  43.325  -57.066  -17.230 0.0000000000
17161  43.397  -57.293  -18.357 0.0000000000
17994  42.118  -54.823  -14.803 0.0000000000
17995  41.571  -54.824  -14.660 0.0000000000
18054  42.025  -55.237  -17.193 0.0000000000
18083  41.565  -55.731  -18.650 0.0000000000
18950  40.104  -54.162  -14.365 0.0000000000
19874  32.449  -53.125  -10.622 0.0000000000
19897  41.419  -52.629  -13.816 0.0000000000
20881  32.406  -52.627  -11.968 0.0000000000
20898  42.181  -51.944  -13.985 0.0000000000
20918  41.998  -52.645  -14.205 0.0000000000
20920  39.713  -52.670  -14.156 0.0000000000
20942  42.324  -52.210  -15.296 0.0000000000
20943  40.880  -51.912  -15.941 0.0000000000
21899  37.258  -51.122  -9.644 0.0000000000
21922  33.038  -51.500  -12.901 0.0000000000
21943  32.875  -51.964  -13.084 0.0000000000
21952  42.068  -51.125  -14.777 0.0000000000
21967  40.927  -51.495  -15.755 0.0000000000
21987  41.408  -51.860  -15.839 0.0000000000
22875  36.456  -50.664  -9.515 0.0000000000
22903  34.488  -49.872  -9.998 0.0000000000
22918  33.849  -50.023  -11.489 0.0000000000
22928  41.870  -49.868  -12.666 0.0000000000
22937  32.801  -51.326  -12.321 0.0000000000
22955  34.293  -50.890  -13.233 0.0000000000
22956  33.574  -51.292  -13.207 0.0000000000
22970  41.478  -50.353  -14.654 0.0000000000
23880  35.761  -50.118  -9.919 0.0000000000
23881  35.458  -49.945  -9.901 0.0000000000
23932  34.614  -49.694  -11.526 0.0000000000
23939  42.050  -49.180  -12.503 0.0000000000
23946  35.251  -49.682  -12.016 0.0000000000
23954  42.193  -49.186  -13.985 0.0000000000
24935  41.869  -48.740  -13.656 0.0000000000
