#!ascii label  , from subject sub001 vox2ras=TkReg
2163
9902  39.164  -65.242  -28.912 0.2000000030
9887  39.694  -65.268  -27.625 0.2000000030
10635  39.074  -64.864  -29.156 0.2000000030
9888  38.965  -65.636  -28.358 0.2000000030
10638  36.905  -64.960  -30.111 0.1000000015
10606  40.362  -64.472  -27.161 0.3000000119
10622  39.334  -64.792  -28.374 0.2000000030
10636  38.577  -64.861  -29.727 0.1000000015
9161  38.480  -66.126  -29.280 0.2000000030
10623  38.747  -64.554  -28.846 0.1000000015
10624  37.717  -64.545  -29.271 0.1000000015
10610  37.055  -64.386  -28.258 0.1000000015
11353  36.501  -63.845  -27.527 0.1000000015
10625  36.473  -64.665  -29.111 0.1000000015
11336  35.213  -63.102  -26.904 0.1000000015
10611  36.163  -64.274  -28.229 0.1000000015
11354  35.485  -63.714  -27.661 0.1000000015
12167  34.672  -62.370  -26.524 0.2000000030
11355  34.569  -63.147  -27.407 0.1000000015
11312  38.316  -63.471  -26.176 0.1000000015
12143  37.834  -62.990  -25.550 0.1000000015
10608  38.934  -64.409  -27.773 0.2000000030
11352  37.419  -64.009  -27.456 0.1000000015
11351  38.208  -64.163  -27.381 0.1000000015
10609  38.028  -64.405  -28.157 0.1000000015
12165  36.312  -62.963  -26.196 0.1000000015
12146  35.211  -62.213  -25.856 0.1000000015
14669  33.730  -59.616  -24.907 0.2000000030
13836  34.221  -60.852  -25.367 0.2000000030
16354  33.822  -57.940  -24.699 0.1000000015
12981  34.092  -61.170  -25.886 0.2000000030
17234  35.376  -56.061  -24.684 0.2000000030
17243  35.676  -56.603  -25.374 0.1000000015
18136  36.570  -55.344  -24.873 0.1000000015
11314  36.819  -63.197  -26.062 0.1000000015
12144  36.805  -62.746  -25.512 0.1000000015
12166  35.546  -62.709  -26.346 0.1000000015
17235  34.846  -56.478  -24.409 0.2000000030
18138  35.200  -55.688  -24.335 0.2000000030
20055  36.754  -53.592  -24.329 0.2000000030
18137  35.832  -55.480  -24.642 0.2000000030
19086  37.309  -54.370  -24.751 0.1000000015
19085  38.128  -54.299  -25.117 0.2000000030
12961  35.881  -61.616  -24.595 0.1000000015
12979  35.464  -61.900  -25.268 0.1000000015
13820  34.569  -60.723  -24.649 0.2000000030
15477  33.807  -58.702  -23.694 0.2000000030
15490  33.635  -58.654  -24.503 0.3000000119
21088  37.464  -52.956  -24.368 0.3000000119
21087  38.348  -52.888  -24.448 0.2000000030
20053  38.872  -53.657  -24.890 0.2000000030
20079  38.886  -54.414  -25.288 0.2000000030
16335  34.164  -57.273  -23.970 0.3000000119
14668  34.092  -60.099  -24.587 0.2000000030
21061  36.732  -52.600  -23.963 0.3000000119
22082  38.332  -51.767  -23.504 0.3000000119
22067  39.193  -50.755  -22.794 0.3000000119
21059  38.830  -52.261  -23.885 0.3000000119
21058  39.856  -52.199  -23.796 0.2000000030
20052  39.999  -53.520  -24.813 0.2000000030
20078  39.667  -54.218  -25.280 0.2000000030
23089  37.750  -50.280  -22.286 0.4000000060
21062  36.005  -52.427  -23.437 0.3000000119
22083  37.466  -51.694  -23.488 0.3000000119
18128  34.823  -55.403  -23.727 0.2000000030
20029  36.424  -53.211  -24.037 0.2000000030
23098  39.963  -50.827  -22.953 0.3000000119
21085  40.427  -52.826  -24.299 0.2000000030
22080  40.363  -51.497  -23.350 0.2000000030
23088  38.750  -50.207  -22.372 0.3000000119
22068  38.276  -51.023  -22.945 0.3000000119
23085  40.967  -50.331  -22.914 0.2000000030
23095  42.754  -50.475  -23.563 0.2000000030
23096  41.651  -50.423  -23.169 0.2000000030
22078  42.535  -51.483  -23.682 0.1000000015
21057  40.892  -52.234  -23.686 0.2000000030
21055  42.547  -52.153  -24.024 0.2000000030
21056  41.875  -52.148  -23.840 0.2000000030
20051  41.055  -53.488  -24.774 0.2000000030
24108  39.317  -49.383  -22.244 0.3000000119
25101  39.985  -48.463  -22.408 0.3000000119
26146  40.537  -47.904  -22.920 0.2000000030
25100  40.697  -49.025  -22.754 0.3000000119
25114  40.998  -48.504  -23.140 0.2000000030
23087  39.666  -50.178  -22.549 0.3000000119
24118  41.393  -49.317  -23.139 0.1000000015
24117  42.316  -49.521  -23.463 0.1000000015
24116  43.259  -49.811  -23.776 0.1000000015
25112  43.022  -48.535  -23.772 0.1000000015
22096  43.293  -51.625  -23.980 0.1000000015
26133  39.187  -47.640  -22.316 0.3000000119
26132  39.919  -47.319  -22.680 0.2000000030
27143  39.963  -46.318  -22.825 0.2000000030
29247  40.236  -45.231  -23.127 0.2000000030
29259  40.636  -44.788  -23.343 0.1000000015
27161  40.556  -46.965  -23.145 0.1000000015
28220  41.447  -45.617  -23.479 0.1000000015
27160  41.343  -46.667  -23.428 0.1000000015
25113  41.820  -48.517  -23.452 0.1000000015
25127  43.797  -48.585  -24.152 0.1000000015
27144  39.240  -46.627  -22.503 0.2000000030
29258  41.601  -44.645  -23.593 0.1000000015
28219  42.318  -45.369  -23.670 0.1000000015
27159  42.241  -46.387  -23.582 0.1000000015
26144  42.114  -47.493  -23.549 0.1000000015
27158  43.097  -46.042  -23.921 0.1000000015
26163  43.852  -47.897  -24.118 0.1000000015
26143  43.035  -47.187  -23.870 0.1000000015
30296  42.688  -43.527  -23.643 0.1000000015
27177  43.944  -46.801  -24.206 0.1000000015
26162  44.772  -47.686  -24.508 0.1000000015
30297  41.822  -43.747  -23.583 0.1000000015
11335  35.973  -63.318  -26.859 0.1000000015
11333  37.839  -63.754  -26.760 0.1000000015
16368  34.138  -57.967  -25.320 0.1000000015
20924  35.377  -53.079  -14.321 0.5000000000
20926  33.702  -53.286  -14.322 0.5000000000
20906  34.669  -52.387  -13.987 0.5000000000
20905  35.743  -52.258  -13.975 0.5000000000
18926  32.456  -54.460  -12.496 0.2000000030
18935  32.492  -54.617  -13.397 0.2000000030
19900  32.578  -53.576  -13.255 0.3000000119
19921  32.714  -54.116  -13.723 0.3000000119
19899  32.952  -53.083  -13.704 0.5000000000
20907  33.566  -52.676  -13.920 0.5000000000
21941  34.031  -51.729  -13.635 0.5000000000
21940  35.021  -51.543  -13.628 0.5000000000
22954  35.355  -50.668  -13.246 0.5000000000
20904  36.829  -52.161  -13.970 0.5000000000
21938  37.177  -51.338  -13.688 0.5000000000
20922  37.584  -52.873  -14.268 0.5000000000
17998  38.848  -54.963  -14.864 0.5000000000
19890  32.489  -53.503  -12.232 0.3000000119
20891  32.500  -52.836  -12.698 0.3000000119
21942  33.279  -51.916  -13.377 0.5000000000
22934  35.775  -50.008  -12.691 0.5000000000
22953  36.458  -50.631  -13.296 0.5000000000
20903  37.907  -52.122  -13.868 0.5000000000
20921  38.667  -52.732  -14.314 0.5000000000
16219  41.523  -57.052  -16.278 0.4000000060
17136  41.033  -56.686  -15.813 0.5000000000
17113  40.445  -56.162  -15.369 0.5000000000
18019  39.791  -55.475  -15.008 0.5000000000
18951  39.100  -54.214  -14.633 0.5000000000
16238  41.425  -57.478  -16.963 0.4000000060
18919  32.604  -54.260  -11.566 0.3000000119
20873  32.286  -52.423  -11.103 0.4000000060
21911  32.436  -51.737  -11.749 0.4000000060
22936  33.484  -50.737  -12.528 0.5000000000
22917  34.325  -49.861  -11.813 0.5000000000
22935  34.594  -50.030  -12.365 0.5000000000
23947  34.805  -49.761  -11.987 0.5000000000
23946  35.251  -49.682  -12.016 0.5000000000
23945  36.205  -49.639  -12.023 0.5000000000
22933  36.834  -50.115  -12.671 0.5000000000
22952  37.529  -50.643  -13.271 0.5000000000
18018  41.011  -55.523  -14.919 0.5000000000
17997  39.698  -54.763  -14.665 0.5000000000
19914  39.440  -53.428  -14.439 0.5000000000
15378  42.750  -58.167  -17.799 0.4000000060
16256  41.804  -57.814  -17.614 0.4000000060
17135  42.030  -56.570  -15.943 0.5000000000
17039  34.969  -56.552  -8.307 0.1000000015
17028  34.689  -56.036  -7.769 0.1000000015
17917  34.121  -55.081  -7.672 0.1000000015
17931  34.028  -55.430  -8.917 0.1000000015
18850  34.027  -54.324  -7.258 0.1000000015
17932  33.586  -54.743  -8.608 0.1000000015
17918  33.612  -54.523  -8.038 0.1000000015
19789  33.715  -53.184  -7.241 0.1000000015
18909  32.643  -54.137  -10.587 0.2000000030
18908  33.084  -54.548  -9.951 0.1000000015
19882  32.445  -53.340  -11.350 0.3000000119
22919  32.888  -50.870  -11.639 0.5000000000
20855  32.446  -52.399  -10.212 0.4000000060
21901  32.505  -51.429  -10.745 0.4000000060
23909  34.224  -49.649  -10.964 0.4000000060
23933  34.197  -49.719  -11.333 0.5000000000
23931  35.579  -49.661  -11.252 0.5000000000
23906  37.042  -50.275  -10.544 0.5000000000
23930  36.583  -49.732  -11.207 0.5000000000
21937  38.241  -51.368  -13.556 0.5000000000
17996  40.590  -54.843  -14.620 0.5000000000
17112  41.511  -56.063  -15.384 0.5000000000
16237  42.446  -57.673  -17.266 0.4000000060
14560  42.898  -59.354  -19.789 0.5000000000
16105  37.647  -57.657  -6.286 0.1000000015
16121  36.558  -57.511  -7.196 0.1000000015
17026  36.072  -56.881  -7.049 0.1000000015
17027  35.402  -56.501  -7.364 0.1000000015
17900  34.763  -55.143  -6.580 0.1000000015
18825  34.828  -54.587  -5.729 0.1000000015
17010  35.936  -56.453  -6.487 0.1000000015
17899  35.369  -55.836  -6.410 0.1000000015
18836  34.306  -54.288  -6.647 0.1000000015
22828  35.133  -50.582  -7.570 0.2000000030
22826  37.431  -50.819  -6.916 0.2000000030
17943  33.548  -54.990  -9.535 0.1000000015
18898  33.081  -54.231  -9.188 0.1000000015
19806  33.340  -53.215  -7.994 0.1000000015
20806  33.462  -52.238  -7.541 0.1000000015
22829  34.533  -50.888  -7.599 0.2000000030
19861  32.756  -53.658  -9.384 0.2000000030
20826  33.048  -52.399  -8.442 0.1000000015
21843  32.955  -51.737  -8.968 0.2000000030
22850  34.376  -50.593  -8.377 0.2000000030
22827  36.322  -50.772  -7.556 0.2000000030
20827  32.696  -52.575  -9.315 0.2000000030
21876  32.713  -51.618  -9.737 0.2000000030
21900  33.055  -50.900  -10.128 0.3000000119
22877  34.773  -50.075  -9.491 0.3000000119
22876  35.783  -50.342  -9.569 0.4000000060
23907  36.011  -50.098  -10.282 0.5000000000
20901  40.001  -52.027  -13.814 0.5000000000
22901  36.866  -50.771  -9.828 0.4000000060
20899  41.858  -52.229  -13.871 0.5000000000
20900  40.991  -52.254  -13.523 0.5000000000
21935  40.360  -51.402  -13.426 0.5000000000
19912  41.596  -53.108  -14.146 0.5000000000
19898  41.057  -52.834  -13.797 0.5000000000
20919  40.496  -52.642  -13.854 0.5000000000
23943  38.176  -49.740  -11.956 0.5000000000
23944  37.194  -49.747  -11.974 0.5000000000
18017  41.915  -55.359  -15.024 0.5000000000
18948  42.094  -54.042  -14.668 0.5000000000
18949  41.164  -54.090  -14.358 0.5000000000
16218  42.346  -57.163  -16.524 0.5000000000
19913  40.547  -53.314  -14.103 0.5000000000
20902  38.970  -52.051  -13.865 0.6000000238
15391  43.034  -58.636  -18.446 0.4000000060
16992  38.559  -57.014  -4.901 0.1000000015
16106  36.907  -57.268  -6.344 0.1000000015
16973  37.167  -56.044  -4.713 0.1000000015
17876  36.574  -55.378  -4.367 0.1000000015
19752  37.366  -53.410  -2.702 0.1000000015
17009  36.408  -56.899  -6.543 0.1000000015
17890  36.262  -55.716  -5.018 0.1000000015
17891  35.671  -55.559  -5.448 0.1000000015
18813  34.788  -54.114  -5.229 0.1000000015
19777  34.472  -53.619  -5.729 0.1000000015
20777  34.709  -52.680  -5.281 0.1000000015
21800  35.204  -51.276  -5.948 0.1000000015
20786  33.862  -52.442  -6.715 0.1000000015
22805  36.571  -50.572  -6.258 0.2000000030
21802  33.870  -51.781  -7.012 0.1000000015
22807  34.777  -51.008  -7.044 0.2000000030
22849  35.427  -50.457  -8.563 0.3000000119
22825  38.356  -50.930  -7.033 0.2000000030
22848  36.307  -50.746  -8.855 0.3000000119
21820  37.315  -51.227  -7.690 0.2000000030
22902  36.264  -50.491  -9.827 0.4000000060
20825  37.987  -52.254  -8.527 0.3000000119
21898  37.494  -51.591  -9.709 0.4000000060
21873  37.458  -51.932  -9.055 0.4000000060
22948  41.662  -50.595  -13.079 0.5000000000
22929  40.974  -50.051  -12.550 0.5000000000
22949  40.692  -50.721  -12.991 0.5000000000
22900  37.607  -50.861  -10.009 0.5000000000
24909  41.928  -48.672  -11.360 0.5000000000
23901  41.677  -49.137  -10.241 0.5000000000
23926  40.474  -49.418  -11.229 0.5000000000
22930  39.938  -50.095  -12.529 0.6000000238
23905  37.962  -50.174  -10.573 0.5000000000
23878  41.947  -50.090  -9.572 0.5000000000
23902  40.639  -49.614  -10.326 0.5000000000
23941  40.215  -49.622  -11.966 0.6000000238
22950  39.631  -50.716  -13.037 0.5000000000
22932  37.859  -50.168  -12.615 0.5000000000
22951  38.572  -50.707  -13.120 0.5000000000
13728  42.506  -60.278  -20.899 0.4000000060
14580  43.151  -59.646  -20.433 0.4000000060
15409  42.414  -58.846  -19.182 0.4000000060
23760  37.769  -50.095  -3.096 0.1000000015
19732  37.226  -52.852  -2.589 0.1000000015
21756  36.889  -50.946  -3.335 0.1000000015
17877  35.916  -55.275  -4.740 0.1000000015
18790  36.213  -54.362  -3.718 0.1000000015
19754  35.749  -53.166  -3.561 0.1000000015
20756  36.274  -52.349  -3.195 0.1000000015
20757  35.845  -52.221  -3.637 0.1000000015
21758  35.748  -51.846  -3.932 0.1000000015
21778  35.684  -51.491  -4.528 0.1000000015
22792  35.793  -50.915  -5.487 0.1000000015
22790  37.213  -49.971  -5.595 0.2000000030
22804  37.289  -50.196  -6.101 0.2000000030
23840  37.788  -50.119  -6.860 0.2000000030
21836  46.688  -51.825  -8.674 0.2000000030
21819  38.025  -51.574  -7.546 0.2000000030
19822  46.712  -53.988  -9.191 0.2000000030
19823  45.703  -53.848  -8.926 0.2000000030
20821  45.252  -52.956  -8.372 0.2000000030
19800  43.936  -53.523  -8.088 0.2000000030
20805  38.023  -51.999  -8.041 0.2000000030
18892  45.901  -54.569  -9.831 0.2000000030
18869  45.205  -54.458  -9.318 0.2000000030
18870  44.152  -54.761  -9.072 0.2000000030
18871  43.069  -54.531  -9.056 0.2000000030
19826  42.584  -54.140  -8.464 0.3000000119
18872  41.960  -54.193  -9.060 0.2000000030
19828  40.799  -53.876  -8.849 0.4000000060
21895  44.933  -52.833  -10.284 0.2000000030
19873  44.733  -54.002  -10.207 0.3000000119
19855  43.205  -54.060  -9.969 0.3000000119
19856  42.333  -53.795  -9.670 0.4000000060
18895  42.647  -54.274  -9.533 0.3000000119
18873  41.297  -54.024  -9.333 0.4000000060
19859  39.889  -53.459  -9.331 0.5000000000
19860  39.154  -53.000  -9.123 0.4000000060
20871  37.812  -52.171  -9.916 0.5000000000
23899  43.627  -49.551  -9.837 0.5000000000
23876  43.834  -50.513  -9.683 0.4000000060
22870  43.220  -51.316  -9.699 0.4000000060
21867  43.542  -52.341  -10.004 0.4000000060
21868  42.562  -52.275  -9.760 0.4000000060
21870  40.591  -52.040  -9.678 0.5000000000
20850  41.044  -53.079  -9.739 0.5000000000
20851  40.158  -52.915  -9.693 0.5000000000
21897  38.080  -51.796  -10.171 0.5000000000
23877  42.914  -50.298  -9.662 0.5000000000
23879  41.088  -50.033  -9.686 0.5000000000
22897  40.001  -50.148  -10.151 0.5000000000
23927  39.486  -49.483  -11.168 0.5000000000
23942  39.183  -49.539  -11.995 0.5000000000
23928  38.493  -49.595  -11.168 0.5000000000
25803  38.238  -47.256  -4.134 0.1000000015
24781  38.344  -48.282  -3.631 0.1000000015
25804  37.190  -47.359  -4.522 0.1000000015
22778  37.236  -50.131  -3.830 0.1000000015
23797  37.204  -49.416  -4.208 0.1000000015
24789  36.932  -48.467  -4.684 0.1000000015
23798  37.012  -49.520  -4.872 0.1000000015
24800  36.806  -48.699  -5.570 0.1000000015
22780  36.209  -50.787  -4.747 0.1000000015
24799  36.980  -48.976  -6.102 0.2000000030
24812  36.822  -48.565  -6.506 0.2000000030
24811  37.152  -49.133  -6.482 0.2000000030
22843  46.237  -50.780  -8.463 0.1000000015
21837  45.696  -51.850  -8.473 0.2000000030
21838  44.634  -51.848  -7.991 0.2000000030
21818  38.812  -51.817  -7.327 0.2000000030
24843  46.164  -48.745  -8.369 0.1000000015
23852  46.678  -49.717  -8.512 0.1000000015
23853  45.694  -49.790  -8.238 0.1000000015
22845  44.611  -50.871  -7.991 0.1000000015
19801  43.145  -53.483  -8.024 0.1000000015
19827  41.717  -53.992  -8.453 0.2000000030
20804  38.427  -52.261  -7.953 0.2000000030
20799  42.802  -52.660  -7.590 0.1000000015
19802  42.205  -53.546  -7.886 0.1000000015
19803  41.265  -53.486  -8.028 0.3000000119
20823  39.185  -52.946  -8.532 0.2000000030
22874  39.765  -51.120  -10.082 0.5000000000
21871  39.596  -51.766  -9.868 0.5000000000
20852  39.291  -52.682  -9.585 0.5000000000
21896  38.817  -51.493  -10.153 0.5000000000
22873  40.266  -50.800  -9.900 0.5000000000
23904  38.870  -49.883  -10.422 0.5000000000
22899  38.418  -50.784  -10.223 0.5000000000
23903  39.791  -49.788  -10.498 0.5000000000
26831  38.788  -46.228  -4.224 0.1000000015
28972  37.639  -44.491  -4.193 0.1000000015
28973  36.869  -44.503  -5.038 0.1000000015
27910  37.409  -45.333  -4.691 0.1000000015
26833  36.904  -46.372  -4.942 0.1000000015
26847  36.481  -46.446  -5.746 0.1000000015
27922  36.428  -45.507  -6.245 0.1000000015
25827  36.482  -47.522  -6.274 0.1000000015
24830  36.756  -47.938  -7.056 0.2000000030
24829  37.484  -48.853  -7.362 0.2000000030
24850  38.346  -48.267  -8.225 0.2000000030
24828  38.290  -49.007  -7.841 0.2000000030
23839  38.666  -49.800  -7.496 0.2000000030
22824  39.265  -50.954  -7.259 0.2000000030
25857  45.638  -47.742  -8.462 0.1000000015
23854  44.571  -50.006  -8.032 0.1000000015
22819  43.983  -50.867  -7.771 0.1000000015
21813  43.357  -51.728  -7.504 0.1000000015
22823  40.202  -50.961  -7.483 0.1000000015
21817  39.689  -51.901  -7.273 0.2000000030
22820  43.023  -50.792  -7.688 0.1000000015
21814  42.432  -51.698  -7.536 0.1000000015
20800  41.845  -52.681  -7.594 0.1000000015
20801  40.930  -52.674  -7.635 0.2000000030
20802  40.064  -52.709  -7.569 0.2000000030
20803  39.235  -52.715  -7.909 0.2000000030
30010  36.025  -43.141  -4.316 0.1000000015
30009  36.622  -43.691  -4.565 0.1000000015
31084  34.645  -42.189  -4.647 0.1000000015
31109  35.213  -42.313  -5.847 0.1000000015
31093  36.157  -43.001  -5.526 0.1000000015
28983  36.532  -44.588  -5.916 0.1000000015
27941  36.738  -45.695  -7.526 0.1000000015
26869  37.009  -46.398  -7.809 0.1000000015
27940  37.100  -45.385  -7.932 0.1000000015
26891  37.478  -46.429  -8.156 0.1000000015
24851  37.682  -47.786  -7.991 0.2000000030
23860  38.816  -48.964  -8.087 0.2000000030
24849  39.333  -48.340  -8.481 0.2000000030
23859  39.575  -49.219  -8.069 0.2000000030
23858  40.545  -49.422  -7.972 0.1000000015
23838  39.822  -50.108  -7.653 0.2000000030
29039  45.614  -45.300  -9.900 0.1000000015
27955  45.003  -45.782  -8.963 0.1000000015
26883  45.177  -46.551  -8.693 0.1000000015
24845  43.804  -49.117  -8.135 0.1000000015
23837  40.715  -50.208  -7.694 0.2000000030
26884  43.906  -46.717  -8.454 0.1000000015
25859  43.279  -47.814  -8.225 0.1000000015
23855  43.988  -49.789  -8.052 0.1000000015
23835  42.748  -49.957  -7.856 0.1000000015
22821  42.054  -50.650  -7.697 0.1000000015
22822  41.154  -50.714  -7.642 0.2000000030
32225  34.503  -41.610  -5.325 0.1000000015
32247  35.117  -41.690  -6.785 0.1000000015
31126  36.014  -42.540  -6.895 0.1000000015
30046  36.939  -43.979  -7.289 0.1000000015
28997  37.282  -44.440  -7.876 0.1000000015
27963  37.546  -45.887  -8.223 0.1000000015
26890  37.900  -46.449  -8.420 0.2000000030
27961  39.153  -45.569  -8.818 0.1000000015
26889  38.655  -46.475  -8.702 0.1000000015
26888  39.614  -46.510  -8.859 0.2000000030
25863  38.987  -47.415  -8.734 0.2000000030
25862  40.003  -47.498  -8.746 0.2000000030
29042  43.013  -44.418  -9.427 0.1000000015
27979  42.673  -45.145  -8.948 0.1000000015
27958  42.311  -45.801  -8.616 0.1000000015
26886  41.725  -46.618  -8.523 0.1000000015
25861  41.049  -47.584  -8.509 0.1000000015
27977  44.708  -45.278  -9.259 0.1000000015
27957  43.295  -45.854  -8.646 0.1000000015
26885  42.782  -46.707  -8.338 0.1000000015
25860  42.128  -47.715  -8.253 0.1000000015
24847  41.352  -48.686  -8.204 0.1000000015
24846  42.521  -49.037  -7.959 0.1000000015
23836  41.107  -50.243  -7.698 0.1000000015
33407  34.863  -41.020  -6.834 0.1000000015
32246  35.605  -41.852  -7.325 0.1000000015
32245  36.249  -42.060  -7.875 0.1000000015
31124  37.256  -42.841  -7.994 0.1000000015
30066  37.881  -43.975  -8.402 0.1000000015
29019  38.559  -44.713  -8.682 0.1000000015
31192  40.293  -41.953  -10.564 0.1000000015
31168  40.276  -42.482  -9.902 0.1000000015
30091  39.951  -43.358  -9.341 0.1000000015
29045  39.912  -43.917  -9.211 0.1000000015
31190  42.117  -42.855  -10.831 0.1000000015
31191  41.093  -42.207  -10.711 0.1000000015
30090  41.066  -43.393  -9.488 0.1000000015
27960  40.211  -45.580  -8.963 0.1000000015
30112  42.352  -43.211  -10.383 0.1000000015
30089  42.289  -43.529  -9.854 0.1000000015
29016  41.273  -44.961  -9.075 0.1000000015
29017  40.784  -44.864  -9.113 0.1000000015
26887  40.676  -46.551  -8.815 0.1000000015
32264  36.787  -41.904  -8.571 0.1000000015
32284  37.914  -41.838  -9.501 0.1000000015
31143  38.448  -42.888  -8.985 0.1000000015
31170  38.251  -42.585  -9.147 0.1000000015
30065  38.737  -43.582  -8.976 0.1000000015
32306  40.551  -41.688  -11.026 0.1000000015
32282  39.867  -41.963  -10.371 0.1000000015
32283  39.200  -41.993  -10.149 0.1000000015
31169  39.015  -42.725  -9.360 0.1000000015
30064  39.503  -43.746  -9.199 0.1000000015
31207  41.070  -41.733  -11.348 0.1000000015
20908  32.827  -52.549  -13.286 0.4000000060
21923  32.604  -52.040  -12.610 0.4000000060
22905  33.196  -50.635  -10.829 0.4000000060
17046  34.810  -56.404  -8.964 0.1000000015
19788  34.045  -53.338  -6.540 0.1000000015
19862  32.585  -53.322  -9.876 0.2000000030
22904  33.901  -50.110  -10.161 0.4000000060
23908  34.868  -49.707  -10.414 0.4000000060
16993  37.597  -56.753  -5.092 0.1000000015
17892  35.167  -55.236  -5.918 0.1000000015
21822  33.784  -51.542  -7.546 0.2000000030
21842  33.517  -51.358  -8.296 0.2000000030
21875  33.362  -50.947  -9.300 0.2000000030
22878  33.992  -50.428  -9.197 0.3000000119
21874  37.028  -51.122  -9.327 0.3000000119
21934  41.372  -51.442  -13.408 0.5000000000
17875  37.488  -55.595  -3.992 0.1000000015
17848  37.044  -55.030  -3.568 0.1000000015
19753  36.650  -53.264  -2.957 0.1000000015
18812  35.340  -54.533  -4.718 0.1000000015
19770  34.855  -53.568  -4.935 0.1000000015
18791  35.552  -53.920  -3.990 0.1000000015
21788  35.047  -51.729  -5.417 0.1000000015
20785  34.224  -52.632  -5.978 0.1000000015
21801  34.502  -51.622  -6.342 0.1000000015
21840  37.031  -51.229  -8.470 0.3000000119
20872  37.758  -52.211  -9.570 0.4000000060
22928  41.870  -49.868  -12.666 0.5000000000
23940  41.212  -49.458  -12.074 0.5000000000
23924  41.962  -48.819  -11.876 0.5000000000
23900  42.636  -49.267  -9.917 0.5000000000
21734  37.107  -51.342  -2.861 0.1000000015
23783  37.736  -49.451  -3.479 0.1000000015
20737  36.822  -52.291  -2.727 0.1000000015
22765  36.885  -50.657  -3.668 0.1000000015
20770  35.438  -52.447  -4.164 0.1000000015
21777  36.213  -50.998  -4.290 0.1000000015
22779  36.786  -50.452  -4.325 0.1000000015
22791  36.817  -50.309  -5.278 0.1000000015
23821  37.402  -49.628  -6.505 0.2000000030
20820  46.235  -52.912  -8.697 0.2000000030
20819  47.180  -52.782  -8.977 0.2000000030
18868  46.166  -54.366  -9.488 0.2000000030
19824  44.627  -53.975  -8.543 0.2000000030
20798  43.803  -52.623  -7.629 0.1000000015
18907  45.193  -54.353  -10.038 0.2000000030
19854  44.015  -54.307  -10.146 0.2000000030
18894  43.631  -54.557  -9.648 0.3000000119
21866  44.540  -52.367  -10.205 0.5000000000
20847  43.913  -53.444  -10.202 0.4000000060
20869  45.206  -53.331  -10.309 0.2000000030
20848  42.902  -53.249  -9.936 0.4000000060
20849  41.984  -53.110  -9.659 0.5000000000
19857  41.510  -53.671  -9.551 0.5000000000
19829  39.663  -53.278  -8.602 0.3000000119
23898  44.670  -50.217  -10.024 0.5000000000
23875  44.260  -50.635  -9.794 0.5000000000
22871  42.238  -51.202  -9.504 0.5000000000
22872  41.243  -51.047  -9.506 0.5000000000
26832  37.807  -46.278  -4.433 0.1000000015
24788  37.454  -48.348  -4.000 0.1000000015
25814  36.638  -47.476  -5.228 0.1000000015
23810  37.061  -49.630  -5.402 0.1000000015
22844  45.233  -50.835  -8.236 0.1000000015
30008  37.250  -44.032  -4.027 0.1000000015
27911  36.706  -45.438  -5.398 0.1000000015
30020  36.528  -43.717  -5.653 0.1000000015
26858  36.408  -46.380  -6.640 0.1000000015
26870  36.580  -46.212  -7.270 0.2000000030
25841  37.108  -47.514  -7.626 0.2000000030
25864  38.146  -47.240  -8.441 0.2000000030
26882  46.141  -46.980  -8.903 0.1000000015
24844  45.079  -48.838  -8.280 0.1000000015
21816  40.590  -51.806  -7.439 0.2000000030
24827  43.236  -49.481  -7.919 0.1000000015
21815  41.500  -51.705  -7.585 0.1000000015
31082  36.025  -42.931  -4.870 0.1000000015
29994  35.455  -43.247  -3.853 0.1000000015
31083  35.399  -42.665  -4.630 0.1000000015
31095  34.990  -42.238  -5.364 0.1000000015
31094  35.577  -42.575  -5.423 0.1000000015
32233  34.887  -41.866  -6.194 0.1000000015
31108  35.574  -42.437  -6.319 0.1000000015
31107  36.302  -43.002  -6.394 0.1000000015
28990  36.518  -44.696  -6.788 0.1000000015
30032  36.574  -43.759  -6.580 0.1000000015
27929  36.477  -45.563  -7.030 0.1000000015
28998  36.736  -44.942  -7.471 0.1000000015
24848  40.320  -48.478  -8.404 0.2000000030
26906  45.879  -46.405  -9.153 0.1000000015
27956  44.326  -45.826  -8.757 0.1000000015
25858  44.495  -47.766  -8.344 0.1000000015
22846  41.814  -50.168  -7.725 0.1000000015
33393  34.488  -41.110  -5.968 0.1000000015
31125  36.671  -42.757  -7.462 0.1000000015
30045  37.360  -43.416  -7.876 0.1000000015
29020  37.733  -45.006  -8.302 0.1000000015
27962  38.241  -45.676  -8.545 0.1000000015
30088  43.483  -43.861  -10.011 0.1000000015
29041  44.193  -44.505  -9.770 0.1000000015
27978  43.712  -45.132  -9.077 0.1000000015
27980  42.010  -45.224  -8.874 0.1000000015
29043  41.673  -44.540  -9.184 0.1000000015
27959  41.343  -45.506  -8.899 0.1000000015
23857  41.444  -49.846  -7.812 0.1000000015
33406  35.281  -40.979  -7.515 0.1000000015
32265  36.041  -41.708  -8.052 0.1000000015
31145  37.119  -42.562  -8.156 0.1000000015
31144  37.739  -42.753  -8.623 0.1000000015
31167  41.487  -42.889  -10.092 0.1000000015
32307  39.772  -41.365  -10.832 0.1000000015
30092  39.297  -43.348  -9.226 0.1000000015
29044  40.512  -44.089  -9.261 0.1000000015
29018  39.666  -44.508  -9.058 0.1000000015
31166  42.030  -43.162  -10.282 0.1000000015
32285  36.994  -41.165  -9.360 0.1000000015
32263  37.478  -42.158  -8.891 0.1000000015
32309  38.015  -40.856  -10.119 0.1000000015
32325  39.914  -40.617  -11.391 0.1000000015
32324  40.626  -41.105  -11.657 0.1000000015
16193  32.661  -57.621  -14.768 0.1000000015
16205  33.030  -57.626  -15.483 0.1000000015
17121  32.969  -57.012  -15.001 0.1000000015
17097  33.287  -56.304  -14.937 0.1000000015
18004  32.995  -55.516  -14.457 0.1000000015
17082  32.364  -56.478  -13.410 0.1000000015
15355  32.746  -58.588  -15.503 0.2000000030
17968  32.358  -55.481  -12.867 0.1000000015
16204  33.690  -57.579  -16.068 0.2000000030
17120  33.505  -56.931  -15.470 0.1000000015
16226  34.146  -57.733  -16.813 0.2000000030
18958  32.750  -54.648  -14.064 0.1000000015
16245  33.815  -58.157  -17.377 0.2000000030
17119  34.314  -56.767  -15.883 0.2000000030
18025  33.901  -56.294  -15.384 0.2000000030
18003  33.910  -55.501  -15.014 0.2000000030
18957  33.476  -54.610  -14.534 0.3000000119
19920  33.127  -53.684  -14.101 0.3000000119
19919  33.944  -53.812  -14.593 0.3000000119
18024  34.634  -56.035  -15.475 0.2000000030
16244  34.705  -57.807  -17.574 0.2000000030
18002  34.977  -55.319  -15.126 0.2000000030
16225  35.150  -57.308  -16.852 0.2000000030
14587  35.248  -59.629  -20.288 0.1000000015
16203  34.426  -57.255  -16.415 0.2000000030
18956  34.427  -54.611  -14.789 0.3000000119
20925  34.342  -53.135  -14.374 0.4000000060
14566  34.832  -59.155  -19.727 0.1000000015
16263  34.694  -58.112  -18.247 0.1000000015
17118  35.217  -56.443  -15.897 0.2000000030
18023  35.575  -55.910  -15.437 0.2000000030
19918  34.934  -53.871  -14.547 0.4000000060
15398  35.057  -58.302  -18.732 0.2000000030
17142  34.944  -56.849  -16.357 0.2000000030
16262  35.416  -57.861  -18.191 0.2000000030
14586  36.237  -59.638  -20.274 0.1000000015
14585  37.245  -59.532  -20.320 0.2000000030
14565  35.825  -59.114  -19.800 0.1000000015
14564  36.801  -59.006  -19.918 0.1000000015
16243  35.802  -57.574  -17.476 0.2000000030
17141  35.747  -56.800  -16.367 0.2000000030
17117  36.156  -56.401  -15.779 0.2000000030
18001  35.941  -55.295  -15.088 0.4000000060
18022  36.527  -55.883  -15.329 0.4000000060
19917  36.118  -53.920  -14.643 0.4000000060
16261  36.381  -57.720  -18.161 0.3000000119
16242  36.853  -57.529  -17.397 0.3000000119
15397  35.915  -58.074  -18.830 0.2000000030
15396  36.907  -58.057  -18.809 0.4000000060
18000  36.857  -55.236  -15.075 0.4000000060
20923  36.486  -52.989  -14.309 0.4000000060
16224  36.277  -57.249  -16.817 0.3000000119
16241  37.915  -57.491  -17.330 0.4000000060
16260  37.420  -57.662  -18.121 0.3000000119
23873  48.599  -49.754  -9.800 0.1000000015
22842  47.300  -50.784  -8.930 0.1000000015
18953  37.070  -54.513  -14.845 0.4000000060
17116  37.142  -56.389  -15.648 0.4000000060
16222  38.383  -57.273  -16.586 0.4000000060
16223  37.318  -57.261  -16.699 0.3000000119
17139  37.762  -56.845  -16.088 0.4000000060
22867  48.224  -50.909  -9.367 0.1000000015
22893  49.140  -50.457  -10.086 0.1000000015
21864  47.843  -51.979  -9.379 0.1000000015
19916  37.280  -53.695  -14.583 0.4000000060
18952  38.082  -54.343  -14.798 0.5000000000
17999  37.822  -55.125  -14.987 0.5000000000
19915  38.360  -53.545  -14.544 0.5000000000
20846  47.763  -53.065  -9.413 0.1000000015
18916  48.131  -54.429  -11.007 0.1000000015
20845  48.405  -52.947  -9.955 0.1000000015
18905  46.687  -54.540  -10.406 0.1000000015
15343  32.540  -58.445  -14.364 0.1000000015
17098  32.615  -56.553  -14.349 0.1000000015
17980  32.417  -55.523  -13.823 0.1000000015
16179  32.435  -57.468  -13.914 0.1000000015
16163  32.546  -57.437  -12.979 0.1000000015
17960  32.671  -55.381  -11.672 0.1000000015
18891  46.837  -54.674  -9.717 0.1000000015
18955  35.441  -54.634  -14.806 0.3000000119
18954  36.282  -54.736  -14.853 0.4000000060
17140  36.739  -56.796  -16.256 0.3000000119
18021  37.511  -55.838  -15.217 0.4000000060
21863  48.880  -51.607  -9.766 0.1000000015
18903  48.027  -54.342  -10.320 0.1000000015
7418  29.305  -68.380  -16.926 0.1000000015
7441  28.868  -68.814  -17.793 0.1000000015
6673  29.333  -69.899  -18.430 0.1000000015
7442  28.078  -68.119  -17.819 0.1000000015
6672  30.184  -69.784  -18.229 0.1000000015
7419  28.491  -68.186  -16.890 0.1000000015
7420  27.419  -67.802  -16.822 0.1000000015
8179  26.508  -67.418  -17.044 0.1000000015
8203  27.341  -67.591  -17.885 0.1000000015
3541  26.692  -73.870  -9.321 0.1000000015
5837  24.184  -70.828  -15.401 0.1000000015
6628  24.585  -69.840  -15.570 0.1000000015
6654  30.884  -69.011  -17.674 0.1000000015
7403  25.109  -68.994  -15.718 0.1000000015
7440  29.786  -68.762  -17.486 0.1000000015
7422  25.465  -68.194  -15.992 0.1000000015
6671  31.162  -69.495  -18.025 0.1000000015
8180  25.596  -67.250  -16.682 0.1000000015
5876  31.483  -70.252  -18.657 0.1000000015
4181  26.772  -72.330  -8.379 0.1000000015
2956  27.252  -74.611  -9.910 0.1000000015
2472  27.244  -75.552  -10.100 0.1000000015
4908  28.244  -71.541  -8.017 0.1000000015
4909  27.415  -71.741  -7.886 0.1000000015
4207  26.649  -72.913  -9.044 0.1000000015
3540  27.275  -73.814  -10.257 0.1000000015
2091  27.153  -76.252  -12.173 0.1000000015
3642  24.771  -73.142  -14.710 0.1000000015
5046  24.646  -71.771  -15.434 0.1000000015
7455  31.713  -68.879  -18.016 0.1000000015
6670  31.735  -69.372  -18.669 0.1000000015
5875  31.786  -70.260  -18.936 0.1000000015
2972  27.466  -74.787  -10.678 0.1000000015
2986  27.796  -74.873  -11.741 0.1000000015
4907  29.613  -71.953  -7.929 0.1000000015
4927  28.372  -71.751  -9.344 0.1000000015
4206  27.253  -72.518  -9.664 0.1000000015
4224  27.605  -73.095  -10.794 0.1000000015
2985  28.268  -74.491  -12.291 0.1000000015
3004  27.867  -75.481  -12.220 0.1000000015
2527  27.506  -75.636  -13.524 0.1000000015
2569  26.850  -74.974  -14.665 0.1000000015
3028  25.999  -74.198  -14.374 0.1000000015
3071  26.466  -74.427  -15.074 0.1000000015
3072  25.833  -74.029  -15.021 0.1000000015
4321  26.208  -72.963  -15.179 0.1000000015
4322  25.443  -72.631  -15.206 0.1000000015
5045  25.183  -71.695  -15.418 0.1000000015
5836  24.959  -70.910  -15.633 0.1000000015
7401  27.146  -68.371  -15.709 0.1000000015
7439  30.542  -68.626  -17.474 0.1000000015
8176  29.697  -67.824  -16.410 0.1000000015
8177  28.964  -68.016  -16.240 0.1000000015
7400  28.269  -68.093  -15.793 0.1000000015
3026  28.928  -75.302  -13.561 0.1000000015
4179  30.669  -72.573  -8.038 0.1000000015
4205  27.877  -72.126  -9.789 0.1000000015
4223  28.067  -72.292  -10.318 0.1000000015
3575  28.099  -73.924  -11.935 0.1000000015
3617  29.042  -74.780  -13.313 0.1000000015
2526  28.363  -75.687  -13.595 0.1000000015
2567  28.260  -75.439  -15.121 0.1000000015
3070  27.495  -74.660  -15.339 0.1000000015
3639  27.241  -73.266  -15.147 0.1000000015
4926  29.683  -71.682  -9.387 0.1000000015
4947  30.146  -71.622  -10.437 0.1000000015
4948  29.012  -71.785  -10.627 0.1000000015
4969  29.099  -72.172  -11.407 0.1000000015
4261  28.891  -72.922  -12.290 0.1000000015
3656  26.583  -73.623  -15.292 0.1000000015
3640  26.642  -73.154  -15.190 0.1000000015
4300  25.943  -72.436  -14.919 0.1000000015
5817  26.369  -70.827  -14.629 0.1000000015
5818  25.643  -71.080  -15.152 0.1000000015
6581  27.945  -69.672  -13.765 0.1000000015
6608  25.981  -70.406  -14.994 0.1000000015
7382  26.953  -68.923  -14.944 0.1000000015
6607  26.430  -69.778  -14.847 0.1000000015
8136  28.913  -67.843  -15.404 0.1000000015
7381  27.815  -68.526  -14.865 0.1000000015
6626  26.039  -69.568  -15.281 0.1000000015
8175  30.421  -67.559  -16.692 0.1000000015
8155  28.845  -67.899  -15.772 0.1000000015
7437  31.815  -68.321  -17.835 0.1000000015
7454  32.020  -68.392  -18.248 0.1000000015
6694  31.722  -69.063  -19.509 0.1000000015
7492  31.539  -68.073  -21.141 0.1000000015
6695  31.704  -68.510  -19.831 0.1000000015
3024  30.443  -75.009  -14.003 0.1000000015
2525  29.347  -75.543  -14.106 0.1000000015
4204  31.345  -72.764  -8.779 0.1000000015
4946  31.062  -71.928  -10.318 0.1000000015
4967  30.729  -71.782  -11.301 0.1000000015
4260  29.417  -72.919  -12.639 0.1000000015
3595  28.801  -73.824  -12.709 0.1000000015
3616  29.710  -74.341  -13.496 0.1000000015
2566  29.326  -75.430  -15.283 0.1000000015
3069  28.548  -74.882  -15.595 0.1000000015
3638  28.252  -73.344  -15.067 0.1000000015
4925  30.683  -72.140  -9.313 0.1000000015
4297  28.639  -72.474  -14.367 0.1000000015
5029  27.946  -72.024  -14.232 0.1000000015
5030  27.195  -71.585  -14.261 0.1000000015
5011  28.366  -71.376  -13.838 0.1000000015
5012  27.611  -70.909  -13.845 0.1000000015
5795  28.986  -70.307  -13.645 0.1000000015
5796  27.941  -70.206  -13.648 0.1000000015
6604  29.105  -68.480  -14.252 0.1000000015
6605  28.531  -68.825  -14.254 0.1000000015
8174  31.119  -67.256  -17.035 0.1000000015
8981  31.886  -67.043  -17.400 0.1000000015
8153  30.238  -67.276  -15.770 0.1000000015
8135  29.487  -67.570  -15.055 0.1000000015
7380  28.759  -68.087  -14.786 0.1000000015
8200  32.173  -67.718  -17.863 0.1000000015
8154  29.335  -67.708  -15.747 0.1000000015
8201  31.541  -67.828  -17.510 0.1000000015
8221  32.414  -67.630  -18.468 0.1000000015
7471  31.935  -68.132  -19.457 0.1000000015
9034  31.725  -66.226  -21.806 0.1000000015
4922  33.486  -71.853  -8.846 0.1000000015
4203  32.098  -72.915  -8.904 0.1000000015
4966  31.626  -71.597  -11.148 0.1000000015
2544  30.260  -75.484  -14.748 0.1000000015
4924  31.527  -72.351  -9.546 0.1000000015
4990  30.488  -72.138  -12.211 0.1000000015
4275  31.542  -73.173  -13.364 0.1000000015
3049  31.015  -75.232  -14.540 0.1000000015
2564  30.839  -75.171  -15.552 0.1000000015
3652  30.919  -74.225  -15.676 0.1000000015
3637  29.328  -73.362  -15.012 0.1000000015
3066  31.390  -74.967  -15.603 0.1000000015
4295  31.024  -72.695  -15.066 0.1000000015
5028  30.125  -71.660  -14.116 0.1000000015
4278  29.181  -71.907  -14.011 0.1000000015
5794  30.093  -70.301  -13.668 0.1000000015
5009  30.444  -71.134  -13.984 0.1000000015
6579  29.576  -69.052  -13.792 0.1000000015
8134  30.469  -67.254  -14.617 0.1000000015
7379  29.611  -67.992  -14.243 0.1000000015
8960  30.794  -66.980  -16.435 0.1000000015
8915  30.829  -66.699  -15.371 0.1000000015
8980  32.724  -66.745  -18.050 0.1000000015
8958  32.274  -66.377  -17.207 0.1000000015
8996  32.820  -66.890  -18.813 0.1000000015
8237  32.356  -67.495  -19.074 0.1000000015
7470  32.102  -68.374  -18.849 0.1000000015
8255  31.581  -66.810  -21.176 0.1000000015
4273  33.536  -73.349  -13.672 0.1000000015
4272  34.382  -73.130  -14.223 0.1000000015
5710  32.817  -71.087  -9.651 0.1000000015
4923  32.355  -71.923  -9.576 0.1000000015
4944  32.081  -71.480  -10.497 0.1000000015
4965  32.545  -71.242  -11.352 0.1000000015
4989  31.357  -72.010  -12.104 0.1000000015
4274  32.538  -73.319  -13.437 0.1000000015
3046  33.458  -74.400  -15.086 0.1000000015
3633  33.796  -73.937  -15.258 0.1000000015
4945  31.681  -71.798  -10.163 0.1000000015
4257  31.973  -72.546  -12.816 0.1000000015
3614  31.992  -74.051  -13.833 0.1000000015
3650  32.848  -74.186  -15.682 0.1000000015
5025  32.488  -72.051  -14.654 0.1000000015
5814  31.840  -70.890  -14.405 0.1000000015
3635  32.069  -73.542  -15.411 0.1000000015
4294  32.062  -72.927  -15.065 0.1000000015
5793  31.099  -70.447  -13.989 0.1000000015
6578  30.846  -69.468  -13.657 0.1000000015
7354  30.695  -68.402  -13.759 0.1000000015
7355  30.021  -68.292  -13.833 0.1000000015
8914  31.356  -66.558  -14.867 0.1000000015
7378  30.306  -67.861  -13.974 0.1000000015
8959  31.562  -66.517  -16.562 0.1000000015
9008  32.859  -66.564  -19.295 0.1000000015
6560  33.945  -70.115  -12.183 0.1000000015
6527  33.628  -69.671  -9.721 0.1000000015
6544  33.561  -69.648  -11.552 0.1000000015
4987  33.393  -71.421  -12.283 0.1000000015
4255  34.113  -72.599  -13.129 0.1000000015
5008  34.948  -72.568  -13.589 0.1000000015
5708  34.495  -70.628  -8.847 0.1000000015
5709  33.503  -70.470  -9.405 0.1000000015
5734  32.993  -70.459  -10.514 0.1000000015
5756  33.098  -70.735  -11.482 0.1000000015
4256  32.993  -72.540  -12.891 0.1000000015
3632  34.038  -73.321  -14.745 0.1000000015
4291  35.012  -72.762  -15.039 0.1000000015
5024  33.485  -72.071  -14.929 0.1000000015
4292  33.929  -73.011  -14.988 0.1000000015
6602  33.153  -70.353  -14.384 0.1000000015
5792  31.582  -70.380  -14.173 0.1000000015
7352  32.749  -69.036  -14.108 0.1000000015
7353  31.691  -68.774  -13.856 0.1000000015
8113  31.577  -67.856  -13.903 0.1000000015
8114  30.875  -67.632  -13.960 0.1000000015
8935  32.640  -66.219  -14.999 0.1000000015
9711  32.907  -65.953  -17.411 0.1000000015
9672  31.837  -66.133  -15.852 0.1000000015
8995  33.382  -66.538  -19.105 0.1000000015
9750  32.880  -65.681  -19.577 0.1000000015
7300  33.585  -68.854  -10.786 0.1000000015
5775  34.305  -70.712  -12.421 0.1000000015
4985  35.561  -71.515  -13.159 0.1000000015
4986  34.876  -71.769  -12.878 0.1000000015
4315  35.755  -72.110  -15.138 0.1000000015
5044  35.355  -71.552  -15.266 0.1000000015
5835  35.093  -71.158  -15.170 0.1000000015
5811  34.555  -70.790  -14.865 0.1000000015
6601  33.876  -70.102  -14.480 0.1000000015
7377  33.244  -69.628  -14.288 0.1000000015
8131  33.382  -67.687  -14.200 0.1000000015
8112  32.473  -68.156  -13.988 0.1000000015
9654  33.653  -66.006  -15.037 0.1000000015
9670  32.893  -65.711  -15.584 0.1000000015
9655  33.057  -66.123  -15.052 0.1000000015
9688  33.476  -65.547  -16.741 0.1000000015
9671  32.086  -65.988  -15.814 0.1000000015
9710  33.970  -65.884  -18.160 0.1000000015
9689  32.375  -65.878  -16.511 0.1000000015
9734  34.055  -66.210  -19.106 0.1000000015
11206  31.892  -63.342  -19.836 0.1000000015
7313  33.721  -68.883  -11.384 0.1000000015
6559  34.495  -69.741  -12.334 0.1000000015
5791  36.021  -71.359  -13.394 0.1000000015
5021  36.120  -71.861  -14.736 0.1000000015
5042  36.168  -71.679  -15.088 0.1000000015
8086  33.829  -68.346  -11.217 0.1000000015
5007  35.632  -72.015  -13.787 0.1000000015
5834  35.660  -70.883  -15.287 0.1000000015
7375  35.071  -69.010  -14.768 0.1000000015
7376  33.799  -68.931  -14.240 0.1000000015
8130  34.639  -67.870  -14.535 0.1000000015
8911  34.154  -66.769  -14.680 0.1000000015
9709  35.490  -65.606  -18.078 0.1000000015
9669  34.139  -65.494  -15.778 0.1000000015
9687  34.765  -65.375  -16.910 0.1000000015
9749  33.826  -65.912  -19.426 0.1000000015
10472  33.591  -64.818  -19.297 0.1000000015
12030  32.242  -62.507  -19.189 0.1000000015
13738  32.788  -60.800  -20.205 0.1000000015
8886  34.637  -67.076  -12.057 0.1000000015
7312  34.216  -68.829  -11.868 0.1000000015
7329  35.894  -68.792  -12.710 0.1000000015
6557  36.936  -69.751  -12.741 0.1000000015
6574  37.637  -69.747  -13.830 0.1000000015
5808  37.192  -70.487  -14.709 0.1000000015
6558  35.743  -69.752  -12.512 0.1000000015
5790  36.740  -70.611  -13.573 0.1000000015
6624  36.738  -70.110  -15.670 0.1000000015
6599  35.570  -69.980  -15.111 0.1000000015
7374  36.035  -69.257  -15.060 0.1000000015
8910  35.572  -66.809  -14.974 0.1000000015
9668  35.465  -65.609  -15.732 0.1000000015
9653  34.628  -65.928  -15.035 0.1000000015
11980  34.172  -62.049  -15.989 0.1000000015
12007  34.774  -62.972  -16.979 0.1000000015
11195  35.963  -64.172  -18.618 0.1000000015
10470  35.536  -65.334  -19.539 0.1000000015
12809  33.857  -61.984  -16.424 0.1000000015
12008  33.948  -62.569  -17.260 0.1000000015
11196  34.878  -63.936  -18.458 0.1000000015
9732  36.192  -65.823  -18.877 0.1000000015
12810  33.355  -61.406  -16.340 0.1000000015
12824  33.526  -61.901  -17.042 0.1000000015
11197  33.640  -63.550  -18.589 0.1000000015
10462  34.393  -64.463  -18.994 0.1000000015
9748  34.871  -65.845  -19.347 0.1000000015
13670  32.830  -60.725  -16.599 0.1000000015
12009  33.363  -62.268  -17.620 0.1000000015
12839  32.567  -61.588  -18.500 0.1000000015
11204  33.111  -64.142  -19.110 0.1000000015
14545  32.903  -59.767  -18.911 0.1000000015
13713  32.768  -60.555  -19.711 0.1000000015
8885  35.350  -66.910  -12.493 0.1000000015
8096  34.937  -67.993  -12.421 0.1000000015
8095  35.974  -67.769  -12.780 0.1000000015
8094  36.613  -67.636  -12.871 0.1000000015
7328  36.972  -68.494  -12.876 0.1000000015
7327  37.802  -68.960  -13.032 0.1000000015
6597  37.726  -69.970  -14.877 0.1000000015
6623  37.567  -69.893  -15.583 0.1000000015
7399  37.184  -69.348  -15.648 0.1000000015
7373  36.583  -69.517  -15.489 0.1000000015
8129  35.770  -68.228  -14.879 0.1000000015
8909  36.494  -67.767  -15.193 0.1000000015
9667  36.648  -65.815  -15.989 0.1000000015
9731  37.318  -65.376  -18.759 0.1000000015
9686  36.069  -65.473  -16.901 0.1000000015
12006  35.407  -63.168  -16.739 0.1000000015
10460  36.224  -64.811  -19.408 0.1000000015
11992  35.088  -62.771  -16.235 0.1000000015
14510  32.746  -59.846  -15.773 0.1000000015
9628  35.741  -65.837  -12.699 0.1000000015
8896  36.851  -66.567  -13.036 0.1000000015
8884  36.307  -66.895  -12.808 0.1000000015
8109  38.142  -67.630  -13.357 0.1000000015
8108  38.808  -67.975  -14.059 0.1000000015
7350  37.764  -68.250  -13.052 0.1000000015
6573  38.388  -68.992  -14.398 0.1000000015
6596  38.246  -69.427  -15.163 0.1000000015
6622  38.104  -69.355  -15.804 0.1000000015
7397  38.668  -68.740  -16.088 0.1000000015
7398  37.896  -69.106  -16.023 0.1000000015
9666  37.679  -66.273  -16.155 0.1000000015
8933  36.953  -66.851  -15.466 0.1000000015
9707  37.873  -65.582  -17.753 0.1000000015
9685  37.264  -65.608  -16.873 0.1000000015
11165  35.820  -63.319  -16.804 0.1000000015
11164  36.482  -63.384  -16.772 0.1000000015
10459  37.116  -65.077  -19.306 0.1000000015
11968  34.655  -61.999  -15.095 0.1000000015
11978  35.568  -62.581  -15.566 0.1000000015
12786  33.757  -61.273  -14.665 0.1000000015
12794  34.397  -61.875  -15.215 0.1000000015
9642  36.744  -65.670  -13.242 0.1000000015
8895  37.579  -66.626  -13.344 0.1000000015
8894  38.566  -66.811  -13.978 0.1000000015
7372  38.998  -68.439  -15.118 0.1000000015
7416  39.102  -68.402  -16.448 0.1000000015
8150  38.698  -68.360  -16.369 0.1000000015
8931  38.619  -67.977  -16.493 0.1000000015
8932  38.168  -67.346  -15.994 0.1000000015
9706  38.712  -65.808  -17.542 0.1000000015
9684  38.359  -66.024  -16.856 0.1000000015
10458  38.233  -65.082  -18.921 0.1000000015
9730  38.723  -65.388  -18.296 0.1000000015
11193  38.072  -64.696  -18.888 0.1000000015
11979  34.625  -62.221  -15.602 0.1000000015
13639  33.377  -60.804  -14.686 0.1000000015
9641  37.919  -65.687  -13.674 0.1000000015
8908  39.285  -66.514  -14.590 0.1000000015
8127  39.307  -67.439  -14.710 0.1000000015
8907  39.906  -66.698  -15.362 0.1000000015
8149  40.147  -67.194  -16.371 0.1000000015
8126  39.576  -67.770  -15.550 0.1000000015
8173  38.971  -68.186  -16.684 0.1000000015
8955  39.447  -67.164  -17.152 0.1000000015
8956  38.899  -67.187  -16.838 0.1000000015
9683  38.973  -66.360  -17.225 0.1000000015
11192  38.730  -64.902  -18.780 0.1000000015
11179  37.937  -64.065  -18.193 0.1000000015
11967  35.139  -62.171  -14.950 0.1000000015
11150  36.666  -63.255  -16.148 0.1000000015
14500  32.677  -59.375  -14.734 0.1000000015
8930  40.506  -66.166  -16.093 0.1000000015
8954  40.398  -66.287  -17.140 0.1000000015
8171  40.224  -67.071  -17.113 0.1000000015
8976  40.211  -66.467  -17.320 0.1000000015
8978  39.360  -66.745  -17.230 0.1000000015
9729  39.828  -65.481  -18.234 0.1000000015
10457  39.353  -65.058  -18.667 0.1000000015
13626  33.384  -60.298  -13.807 0.1000000015
12785  34.518  -61.689  -14.639 0.1000000015
11163  37.603  -63.529  -17.170 0.1000000015
13627  32.870  -59.828  -14.246 0.1000000015
9664  41.285  -65.570  -16.449 0.1000000015
11175  41.610  -64.902  -17.707 0.1000000015
9663  41.707  -65.351  -17.066 0.1000000015
11161  40.208  -64.038  -17.214 0.1000000015
11160  41.393  -64.153  -17.220 0.1000000015
9703  40.813  -65.746  -17.664 0.1000000015
11147  39.682  -63.460  -16.100 0.1000000015
10456  40.342  -65.120  -18.487 0.1000000015
10445  40.129  -64.814  -18.464 0.1000000015
13625  34.418  -60.632  -13.330 0.1000000015
12774  34.976  -61.304  -13.693 0.1000000015
12784  35.557  -61.832  -14.213 0.1000000015
11977  36.608  -62.896  -15.618 0.1000000015
11149  37.236  -63.299  -16.200 0.1000000015
11162  38.843  -63.793  -17.266 0.1000000015
14488  32.798  -59.300  -13.723 0.1000000015
11966  36.119  -62.284  -14.824 0.1000000015
11974  39.571  -63.232  -15.430 0.1000000015
11177  40.599  -64.500  -17.984 0.1000000015
10455  40.972  -65.160  -18.335 0.1000000015
11975  38.941  -63.100  -15.446 0.1000000015
12782  37.139  -62.036  -13.974 0.1000000015
11976  37.810  -62.912  -15.454 0.1000000015
11965  37.271  -62.390  -14.527 0.1000000015
11148  38.338  -63.371  -16.262 0.1000000015
5033  23.655  -71.613  -14.756 0.1000000015
6627  25.584  -69.949  -15.340 0.1000000015
6656  29.573  -69.306  -18.004 0.1000000015
7402  26.135  -68.978  -15.540 0.1000000015
6655  30.376  -69.175  -17.782 0.1000000015
7421  26.375  -68.006  -16.308 0.1000000015
4182  26.407  -73.201  -8.526 0.1000000015
6629  23.717  -69.676  -15.195 0.1000000015
2512  27.618  -75.748  -12.568 0.1000000015
3657  25.599  -73.485  -15.067 0.1000000015
4323  24.499  -72.617  -15.087 0.1000000015
7417  30.088  -68.201  -17.036 0.1000000015
3576  27.760  -74.085  -11.586 0.1000000015
4240  27.843  -73.564  -11.421 0.1000000015
3003  28.349  -75.210  -12.769 0.1000000015
2547  27.220  -75.352  -14.288 0.1000000015
2528  26.801  -75.225  -13.729 0.1000000015
2545  28.935  -75.704  -14.586 0.1000000015
2568  27.359  -75.179  -14.886 0.1000000015
4299  26.685  -72.581  -14.828 0.1000000015
5031  26.147  -71.764  -14.660 0.1000000015
8202  30.796  -67.974  -17.292 0.1000000015
3068  29.604  -74.853  -15.616 0.1000000015
3654  28.908  -74.164  -15.476 0.1000000015
3655  27.816  -74.050  -15.433 0.1000000015
4238  29.223  -72.472  -11.949 0.1000000015
6606  27.559  -69.384  -14.127 0.1000000015
6580  28.414  -69.554  -13.816 0.1000000015
3615  30.717  -73.790  -13.561 0.1000000015
4259  30.289  -72.892  -12.962 0.1000000015
3593  30.261  -73.343  -13.290 0.1000000015
3653  29.944  -74.146  -15.649 0.1000000015
4296  29.828  -72.298  -14.430 0.1000000015
8938  30.911  -66.646  -15.987 0.1000000015
3048  31.711  -75.261  -15.041 0.1000000015
3022  32.412  -74.640  -14.543 0.1000000015
4320  31.188  -73.575  -15.474 0.1000000015
3064  33.191  -74.390  -15.431 0.1000000015
5026  31.517  -71.949  -14.564 0.1000000015
5027  30.653  -71.792  -14.440 0.1000000015
5815  31.076  -71.191  -14.348 0.1000000015
9009  32.180  -66.386  -19.830 0.1000000015
8238  32.074  -67.293  -19.640 0.1000000015
3613  33.007  -74.110  -14.035 0.1000000015
4964  32.972  -71.104  -11.738 0.1000000015
4988  32.301  -71.875  -12.112 0.1000000015
4293  33.056  -73.044  -15.208 0.1000000015
5812  33.793  -71.085  -14.643 0.1000000015
5813  32.879  -71.152  -14.487 0.1000000015
8133  31.437  -67.116  -14.229 0.1000000015
8979  33.398  -66.478  -18.731 0.1000000015
4290  35.752  -72.219  -14.735 0.1000000015
5023  34.628  -71.898  -15.174 0.1000000015
7351  33.212  -68.795  -14.157 0.1000000015
8913  32.138  -66.597  -14.597 0.1000000015
8912  33.051  -66.636  -14.620 0.1000000015
5774  35.585  -70.803  -12.716 0.1000000015
7330  35.049  -69.014  -12.339 0.1000000015
5833  36.408  -70.852  -15.226 0.1000000015
6600  34.666  -69.881  -14.747 0.1000000015
9733  35.144  -66.212  -18.997 0.1000000015
10473  32.690  -64.669  -19.454 0.1000000015
12031  31.951  -62.447  -20.014 0.1000000015
5809  36.462  -71.180  -14.605 0.1000000015
8934  36.152  -66.226  -15.519 0.1000000015
10471  34.605  -65.237  -19.382 0.1000000015
12857  32.324  -61.554  -19.559 0.1000000015
11205  32.619  -63.569  -19.073 0.1000000015
12020  32.911  -62.644  -18.339 0.1000000015
6575  37.219  -70.123  -13.277 0.1000000015
8128  36.617  -68.751  -15.302 0.1000000015
11181  35.570  -63.455  -17.545 0.1000000015
11182  34.457  -63.210  -17.817 0.1000000015
10461  35.278  -64.693  -19.132 0.1000000015
9747  35.772  -65.740  -19.343 0.1000000015
10469  36.253  -65.332  -19.523 0.1000000015
9708  36.721  -65.527  -17.922 0.1000000015
12019  33.548  -62.772  -17.966 0.1000000015
13654  33.478  -61.192  -15.086 0.1000000015
12825  32.996  -61.571  -17.455 0.1000000015
11198  33.023  -63.247  -18.654 0.1000000015
13655  33.179  -60.907  -15.559 0.1000000015
14568  33.126  -59.916  -19.477 0.1000000015
13697  32.599  -60.645  -18.709 0.1000000015
11180  36.779  -63.692  -17.978 0.1000000015
11194  37.025  -64.453  -18.827 0.1000000015
13640  32.962  -60.198  -14.790 0.1000000015
8152  37.461  -68.253  -15.575 0.1000000015
8957  38.326  -66.675  -16.412 0.1000000015
12776  33.615  -60.898  -14.269 0.1000000015
11178  39.249  -64.518  -18.283 0.1000000015
9704  40.179  -65.903  -17.607 0.1000000015
17115  38.178  -56.364  -15.518 0.4000000060
16259  38.524  -57.585  -18.096 0.3000000119
16240  39.027  -57.479  -17.244 0.3000000119
17138  38.835  -56.802  -15.992 0.3000000119
18020  38.571  -55.711  -15.135 0.4000000060
16221  39.492  -57.209  -16.506 0.3000000119
17114  39.292  -56.231  -15.467 0.4000000060
9829  39.546  -65.787  -24.768 0.1000000015
10554  40.537  -64.986  -24.481 0.1000000015
12101  41.347  -63.138  -23.412 0.2000000030
13752  42.833  -60.621  -21.577 0.3000000119
18016  42.378  -54.907  -15.179 0.4000000060
15408  43.485  -58.996  -19.265 0.4000000060
15377  43.403  -58.171  -17.984 0.4000000060
12916  42.018  -61.697  -22.565 0.2000000030
13727  43.354  -59.995  -21.083 0.3000000119
15390  43.763  -58.453  -18.775 0.4000000060
16216  43.240  -57.432  -17.316 0.4000000060
17111  42.347  -55.750  -15.628 0.4000000060
8313  39.018  -67.619  -24.559 0.1000000015
12078  42.085  -62.379  -23.163 0.3000000119
17154  43.349  -57.166  -17.891 0.4000000060
17134  42.904  -56.407  -16.474 0.4000000060
18036  42.626  -55.161  -15.955 0.4000000060
9074  39.522  -66.640  -24.833 0.1000000015
19911  42.020  -52.985  -14.514 0.5000000000
12100  42.287  -62.969  -23.645 0.2000000030
14558  44.056  -59.199  -20.030 0.3000000119
17155  43.141  -56.471  -17.376 0.4000000060
20917  42.256  -52.243  -14.321 0.4000000060
21933  42.158  -51.329  -13.787 0.4000000060
16271  43.970  -58.015  -19.125 0.4000000060
16255  43.537  -57.484  -18.731 0.4000000060
18053  42.712  -55.730  -16.800 0.4000000060
18975  42.386  -54.190  -16.013 0.4000000060
18968  42.328  -54.193  -15.373 0.5000000000
9073  39.741  -66.452  -25.115 0.2000000030
9828  40.338  -65.789  -24.947 0.2000000030
11293  41.555  -64.259  -24.442 0.2000000030
12915  42.496  -61.505  -23.083 0.2000000030
11273  41.555  -63.714  -23.885 0.2000000030
15424  43.735  -58.611  -20.700 0.3000000119
16280  43.887  -58.122  -19.842 0.3000000119
8336  39.576  -66.997  -25.169 0.1000000015
18070  42.689  -55.925  -17.578 0.4000000060
13751  43.405  -60.186  -21.784 0.3000000119
16272  43.484  -57.510  -19.327 0.4000000060
19935  42.317  -53.050  -15.051 0.5000000000
20941  42.474  -52.148  -14.855 0.5000000000
17162  42.915  -56.674  -18.482 0.4000000060
18037  42.301  -54.935  -16.503 0.4000000060
19948  42.266  -53.666  -15.552 0.5000000000
19936  42.119  -52.660  -15.496 0.5000000000
21951  42.290  -51.436  -14.536 0.4000000060
10553  41.324  -64.924  -25.075 0.2000000030
11272  42.316  -63.423  -24.313 0.2000000030
12077  42.471  -62.168  -23.576 0.2000000030
13777  43.446  -60.165  -22.163 0.4000000060
13794  42.794  -60.775  -23.053 0.2000000030
14604  43.330  -59.094  -21.749 0.3000000119
14624  43.243  -59.715  -22.365 0.4000000060
15425  43.231  -58.121  -20.841 0.3000000119
19949  41.831  -53.198  -15.912 0.5000000000
21965  42.412  -51.804  -15.049 0.5000000000
22968  42.425  -50.494  -13.931 0.4000000060
22947  42.239  -50.114  -13.171 0.4000000060
15439  42.992  -58.465  -21.368 0.4000000060
17170  42.737  -57.069  -19.469 0.4000000060
18071  42.049  -55.658  -18.081 0.4000000060
20959  41.863  -52.246  -15.760 0.5000000000
11292  42.206  -63.875  -25.041 0.2000000030
9853  40.895  -65.171  -25.503 0.2000000030
12099  42.642  -62.421  -24.237 0.2000000030
23953  42.321  -49.514  -13.611 0.4000000060
12933  42.521  -61.471  -23.693 0.2000000030
16281  43.156  -57.627  -20.275 0.3000000119
17163  42.120  -56.078  -18.642 0.4000000060
18985  41.420  -54.750  -17.298 0.4000000060
9097  39.534  -66.508  -25.669 0.2000000030
11291  42.432  -63.001  -25.317 0.2000000030
14647  42.829  -60.104  -23.042 0.3000000119
15459  42.510  -59.175  -22.303 0.4000000060
22927  42.166  -49.724  -12.780 0.4000000060
16297  42.736  -57.840  -20.900 0.3000000119
18976  41.599  -54.222  -16.762 0.5000000000
21966  41.937  -51.497  -15.337 0.5000000000
24888  42.454  -48.498  -10.708 0.4000000060
9870  40.688  -65.110  -26.110 0.2000000030
10552  41.717  -64.211  -25.465 0.2000000030
17171  41.815  -56.304  -19.299 0.4000000060
18055  41.416  -55.099  -17.641 0.4000000060
22986  41.768  -50.926  -14.849 0.5000000000
23967  42.488  -50.023  -14.124 0.4000000060
21865  45.013  -51.887  -10.280 0.4000000060
9130  39.401  -65.965  -26.853 0.2000000030
11309  41.867  -63.505  -25.796 0.2000000030
12954  42.552  -61.763  -24.383 0.2000000030
12934  42.261  -61.073  -24.043 0.2000000030
16282  42.147  -57.340  -20.601 0.4000000060
20975  40.440  -52.751  -16.729 0.5000000000
21988  41.113  -51.888  -15.916 0.5000000000
8371  38.405  -66.865  -26.720 0.2000000030
16298  42.014  -57.792  -21.229 0.4000000060
17184  42.245  -57.057  -19.957 0.3000000119
18977  40.880  -53.817  -17.039 0.5000000000
20960  41.041  -52.324  -16.187 0.5000000000
22969  42.158  -50.581  -14.406 0.5000000000
9131  38.680  -66.180  -27.523 0.2000000030
24886  44.327  -48.795  -10.269 0.4000000060
22895  45.367  -51.281  -10.357 0.2000000030
25902  42.613  -48.078  -11.197 0.4000000060
24922  42.184  -48.457  -12.485 0.4000000060
10589  41.505  -64.045  -26.130 0.2000000030
14605  41.846  -59.128  -22.384 0.4000000060
23968  42.025  -49.635  -14.270 0.4000000060
24934  42.214  -48.703  -13.016 0.4000000060
9886  40.424  -65.007  -26.823 0.2000000030
12120  42.005  -62.076  -25.258 0.2000000030
12955  42.176  -61.618  -24.632 0.2000000030
11329  41.329  -63.655  -26.409 0.2000000030
25901  43.059  -47.937  -10.892 0.4000000060
25962  42.149  -48.258  -12.737 0.4000000060
25963  41.881  -48.137  -13.005 0.4000000060
18072  41.078  -55.261  -18.182 0.3000000119
20944  40.542  -51.943  -15.950 0.5000000000
22987  41.189  -50.884  -15.198 0.5000000000
24955  41.977  -49.103  -14.087 0.4000000060
15440  41.907  -58.591  -21.825 0.4000000060
17185  41.350  -56.876  -20.036 0.4000000060
18084  40.651  -55.414  -18.956 0.3000000119
18986  40.631  -54.352  -17.671 0.4000000060
16283  41.127  -57.388  -20.656 0.4000000060
20961  39.995  -52.236  -16.360 0.5000000000
12139  41.718  -62.691  -25.782 0.2000000030
25919  42.808  -47.584  -11.600 0.4000000060
23969  41.012  -49.685  -14.445 0.5000000000
22971  40.598  -50.312  -14.849 0.5000000000
19003  40.012  -54.367  -18.533 0.4000000060
19957  40.384  -53.351  -17.211 0.5000000000
22988  40.230  -50.847  -15.383 0.5000000000
20962  39.135  -52.246  -16.742 0.5000000000
19958  39.550  -53.381  -17.876 0.5000000000
17137  39.950  -56.705  -15.927 0.4000000060
24887  43.308  -48.585  -10.300 0.4000000060
21968  39.821  -51.590  -15.760 0.5000000000
15428  39.277  -58.873  -19.990 0.3000000119
15411  39.766  -58.465  -19.462 0.3000000119
16258  39.708  -57.620  -17.996 0.2000000030
16239  40.196  -57.440  -17.144 0.2000000030
13731  38.799  -59.980  -20.860 0.2000000030
14583  39.590  -59.357  -20.417 0.3000000119
15426  40.700  -59.065  -19.819 0.3000000119
15410  41.011  -58.830  -19.376 0.3000000119
13730  40.014  -59.948  -20.960 0.2000000030
13729  41.279  -60.174  -20.870 0.2000000030
14561  41.892  -59.146  -19.826 0.2000000030
12079  41.088  -62.434  -23.020 0.2000000030
9132  38.032  -66.522  -28.313 0.1000000015
8380  37.408  -67.145  -28.952 0.1000000015
14651  37.820  -60.189  -23.157 0.1000000015
15395  37.971  -58.086  -18.793 0.2000000030
15394  39.142  -57.965  -18.828 0.2000000030
14584  38.369  -59.339  -20.191 0.2000000030
15412  38.472  -58.675  -19.547 0.2000000030
13733  36.634  -60.146  -20.769 0.1000000015
13756  38.040  -60.681  -21.260 0.1000000015
13732  37.677  -60.023  -20.834 0.2000000030
13757  37.000  -60.711  -21.232 0.1000000015
12897  37.293  -61.345  -21.613 0.1000000015
9116  39.501  -66.179  -26.313 0.1000000015
8372  37.726  -67.019  -27.531 0.1000000015
12122  39.994  -62.655  -25.160 0.1000000015
12957  40.197  -62.035  -24.474 0.1000000015
13798  39.517  -60.673  -23.660 0.1000000015
14649  39.693  -60.269  -23.291 0.1000000015
12141  39.672  -63.073  -25.813 0.1000000015
12937  39.270  -61.365  -24.077 0.1000000015
14650  38.909  -60.144  -23.285 0.1000000015
15462  38.835  -58.931  -22.360 0.1000000015
13799  38.495  -60.736  -23.676 0.1000000015
15463  37.709  -58.981  -22.189 0.1000000015
16286  38.064  -57.383  -20.679 0.1000000015
16302  37.622  -57.930  -21.102 0.1000000015
17176  37.011  -56.408  -20.069 0.1000000015
14606  41.228  -58.949  -22.132 0.1000000015
17172  40.600  -56.043  -19.748 0.3000000119
11330  40.613  -63.688  -26.769 0.1000000015
12140  40.739  -62.922  -26.116 0.1000000015
12956  41.275  -61.715  -24.642 0.1000000015
13780  40.579  -60.076  -23.135 0.1000000015
16300  39.825  -57.935  -21.421 0.2000000030
17173  39.554  -56.119  -19.844 0.3000000119
19970  38.823  -53.632  -18.519 0.3000000119
19959  38.345  -53.054  -17.998 0.3000000119
9144  38.091  -66.473  -29.005 0.1000000015
11349  40.167  -64.031  -27.232 0.1000000015
13781  40.081  -60.187  -23.168 0.1000000015
15443  39.249  -58.444  -21.825 0.1000000015
17187  39.338  -56.782  -20.276 0.2000000030
19005  38.379  -54.237  -18.853 0.3000000119
10591  39.739  -64.103  -27.293 0.1000000015
16301  38.686  -57.892  -21.262 0.1000000015
18087  37.750  -55.599  -19.621 0.2000000030
19006  37.354  -54.277  -18.820 0.3000000119
17175  37.616  -56.308  -19.936 0.1000000015
19025  36.972  -54.891  -19.383 0.2000000030
19972  36.632  -53.512  -18.353 0.4000000060
16288  36.133  -57.172  -20.803 0.1000000015
18088  36.503  -55.788  -19.840 0.1000000015
19973  35.394  -53.705  -18.808 0.3000000119
15366  33.245  -58.426  -16.613 0.1000000015
22972  39.687  -50.288  -14.933 0.4000000060
21989  39.251  -51.924  -16.202 0.4000000060
19969  39.532  -53.864  -18.440 0.3000000119
20977  38.832  -52.597  -17.399 0.4000000060
21990  38.568  -51.852  -16.405 0.4000000060
20978  37.722  -52.497  -17.334 0.4000000060
21992  36.781  -51.487  -16.696 0.4000000060
19960  37.302  -53.025  -17.994 0.4000000060
20979  36.593  -52.554  -17.677 0.5000000000
19007  36.381  -54.312  -18.870 0.3000000119
20993  35.802  -53.000  -18.010 0.5000000000
17191  35.565  -56.541  -20.727 0.2000000030
18097  35.967  -56.168  -20.269 0.1000000015
16304  35.177  -57.409  -21.540 0.1000000015
17192  34.958  -56.122  -20.882 0.1000000015
19039  35.359  -54.952  -19.998 0.2000000030
19985  35.198  -54.179  -19.411 0.2000000030
14631  34.907  -59.390  -22.800 0.1000000015
15465  35.372  -58.614  -22.178 0.1000000015
19040  34.794  -54.631  -20.440 0.2000000030
16316  34.694  -58.039  -22.236 0.1000000015
24957  40.445  -49.074  -14.171 0.4000000060
24956  41.429  -49.077  -14.130 0.3000000119
23970  39.975  -49.699  -14.531 0.4000000060
21970  38.181  -51.517  -16.141 0.4000000060
22989  39.004  -50.791  -15.312 0.4000000060
21991  37.695  -51.714  -16.586 0.4000000060
23988  38.223  -50.341  -15.245 0.4000000060
22012  36.218  -51.805  -17.213 0.4000000060
21993  35.945  -51.313  -16.631 0.4000000060
23006  36.618  -50.981  -16.143 0.4000000060
22013  35.391  -51.579  -17.159 0.5000000000
22031  34.464  -51.579  -17.779 0.4000000060
19986  34.640  -53.685  -19.700 0.3000000119
19974  34.617  -53.201  -18.971 0.4000000060
20994  34.606  -52.401  -18.338 0.4000000060
19054  34.614  -54.480  -22.311 0.2000000030
18102  34.474  -55.376  -21.932 0.2000000030
17209  34.316  -56.283  -22.403 0.1000000015
16305  34.396  -56.875  -22.010 0.2000000030
12168  34.014  -61.964  -26.820 0.1000000015
24937  39.827  -48.580  -13.690 0.4000000060
24936  40.862  -48.534  -13.733 0.4000000060
23971  38.643  -49.684  -14.694 0.4000000060
23990  36.909  -49.895  -14.837 0.4000000060
23972  37.356  -49.566  -14.534 0.4000000060
22991  36.421  -50.280  -15.262 0.4000000060
21994  35.168  -51.086  -16.668 0.4000000060
23007  35.610  -50.718  -16.079 0.4000000060
23025  34.248  -50.793  -17.189 0.3000000119
23041  33.884  -50.515  -18.572 0.4000000060
23026  33.901  -50.412  -17.573 0.4000000060
21018  34.196  -52.549  -20.280 0.3000000119
21019  33.919  -52.101  -19.618 0.3000000119
21008  33.852  -52.068  -19.027 0.4000000060
18111  34.496  -55.383  -22.825 0.2000000030
20019  34.873  -53.581  -22.702 0.2000000030
19046  34.599  -54.509  -21.413 0.2000000030
19998  34.488  -53.606  -20.837 0.2000000030
17225  34.395  -56.374  -23.356 0.2000000030
13009  33.272  -61.061  -27.492 0.1000000015
12184  33.424  -62.096  -27.523 0.1000000015
12997  33.735  -61.250  -26.617 0.1000000015
25941  42.274  -47.701  -12.472 0.3000000119
25965  40.214  -48.027  -13.221 0.4000000060
25964  41.173  -48.005  -13.283 0.3000000119
24938  38.691  -48.702  -13.724 0.4000000060
24939  37.509  -48.351  -13.342 0.4000000060
23955  37.819  -49.146  -13.976 0.4000000060
23973  36.271  -49.539  -14.495 0.4000000060
23956  36.933  -49.072  -13.955 0.4000000060
22993  34.559  -49.756  -15.810 0.4000000060
23974  35.065  -49.398  -14.752 0.4000000060
23009  33.844  -49.964  -16.971 0.4000000060
24006  34.223  -49.658  -16.092 0.3000000119
24082  34.739  -49.841  -20.120 0.3000000119
24064  34.063  -50.004  -19.039 0.3000000119
24047  33.769  -49.419  -18.330 0.3000000119
24028  33.712  -49.584  -17.369 0.3000000119
21040  35.366  -52.681  -22.917 0.2000000030
22062  35.070  -50.997  -21.402 0.3000000119
23082  35.009  -50.725  -20.967 0.2000000030
22055  34.015  -51.380  -19.926 0.3000000119
23055  33.952  -50.613  -19.178 0.3000000119
20018  35.272  -53.386  -23.193 0.2000000030
22072  34.753  -52.097  -21.653 0.2000000030
19071  34.768  -54.503  -23.130 0.2000000030
26940  43.214  -47.099  -11.681 0.3000000119
26962  43.923  -46.217  -12.178 0.3000000119
26963  42.947  -46.679  -12.256 0.3000000119
26964  41.944  -46.647  -12.877 0.4000000060
25942  41.501  -47.362  -13.024 0.3000000119
26968  38.524  -46.994  -12.779 0.3000000119
26967  39.045  -46.809  -12.806 0.4000000060
25967  36.751  -47.590  -13.291 0.4000000060
25966  37.570  -47.409  -13.084 0.4000000060
24925  37.862  -47.836  -12.946 0.4000000060
25969  35.389  -47.772  -13.746 0.4000000060
24940  36.299  -48.504  -13.648 0.4000000060
24976  34.340  -48.198  -15.062 0.3000000119
23975  34.564  -48.805  -14.839 0.4000000060
24960  35.626  -48.902  -14.046 0.4000000060
26078  34.751  -47.066  -19.119 0.3000000119
26028  34.090  -47.248  -17.912 0.2000000030
26010  33.771  -47.380  -16.282 0.2000000030
24991  33.719  -48.315  -16.595 0.3000000119
23992  34.259  -49.116  -15.554 0.3000000119
24081  35.468  -49.103  -20.281 0.3000000119
24063  34.461  -49.100  -19.425 0.3000000119
24046  34.012  -48.763  -18.719 0.2000000030
25037  33.925  -48.275  -18.158 0.2000000030
25014  33.661  -48.732  -17.426 0.2000000030
22084  36.538  -51.741  -23.285 0.2000000030
23080  36.611  -50.068  -21.602 0.3000000119
23081  35.653  -50.383  -21.298 0.3000000119
24097  35.699  -49.741  -20.731 0.3000000119
25899  44.907  -47.877  -10.734 0.3000000119
25900  43.874  -47.815  -10.572 0.3000000119
25918  43.451  -47.339  -11.203 0.3000000119
27000  35.802  -46.596  -13.961 0.3000000119
29172  33.848  -45.227  -17.238 0.2000000030
28104  33.933  -45.314  -16.441 0.2000000030
27011  34.254  -46.402  -15.021 0.2000000030
27001  34.926  -46.481  -14.400 0.2000000030
29191  34.390  -44.864  -18.481 0.2000000030
27051  33.848  -46.320  -17.387 0.2000000030
27031  33.770  -46.530  -16.681 0.2000000030
27012  33.856  -46.444  -15.832 0.2000000030
24885  45.542  -49.005  -10.620 0.2000000030
14654  34.284  -59.695  -23.781 0.1000000015
15467  33.983  -58.364  -23.115 0.1000000015
23090  36.881  -50.564  -22.174 0.3000000119
19070  35.264  -54.471  -23.707 0.2000000030
16220  40.607  -57.127  -16.410 0.3000000119
16257  40.920  -57.704  -17.813 0.3000000119
15393  40.415  -58.097  -18.657 0.3000000119
14581  42.133  -59.632  -20.366 0.2000000030
15413  37.379  -58.559  -19.396 0.2000000030
13796  41.545  -60.377  -23.482 0.1000000015
12935  41.422  -61.066  -24.089 0.1000000015
15441  40.734  -58.473  -21.766 0.3000000119
19022  39.843  -54.774  -19.062 0.2000000030
16284  40.092  -57.338  -20.795 0.2000000030
12121  41.052  -62.345  -25.259 0.1000000015
15427  40.229  -58.888  -19.975 0.3000000119
14563  37.744  -59.070  -19.837 0.2000000030
11310  40.034  -63.374  -26.439 0.1000000015
12123  39.134  -62.703  -25.272 0.1000000015
12936  40.374  -61.221  -24.061 0.1000000015
15461  39.897  -58.972  -22.318 0.1000000015
14628  38.347  -59.596  -22.717 0.1000000015
15444  38.212  -58.453  -21.699 0.1000000015
17188  38.373  -56.843  -20.251 0.1000000015
15460  40.578  -58.892  -22.152 0.2000000030
18085  39.739  -55.408  -19.451 0.3000000119
16285  39.076  -57.349  -20.785 0.2000000030
18086  38.776  -55.510  -19.526 0.3000000119
19971  37.800  -53.657  -18.377 0.4000000060
17174  38.577  -56.228  -19.845 0.3000000119
19024  38.043  -54.853  -19.294 0.3000000119
17200  34.583  -56.299  -21.521 0.2000000030
18099  34.684  -55.423  -21.056 0.2000000030
24958  39.509  -49.074  -14.247 0.4000000060
22990  37.723  -50.984  -15.723 0.4000000060
20008  34.606  -53.584  -21.793 0.2000000030
24923  39.251  -48.108  -13.093 0.4000000060
23070  34.566  -50.640  -20.432 0.3000000119
21030  34.483  -52.680  -21.309 0.2000000030
21041  34.808  -52.670  -22.113 0.2000000030
25944  39.625  -47.404  -12.922 0.4000000060
25943  40.545  -47.320  -13.090 0.4000000060
25945  38.818  -47.464  -12.803 0.4000000060
24062  34.990  -48.886  -19.844 0.3000000119
22070  36.298  -51.237  -22.547 0.2000000030
22071  35.291  -51.514  -22.070 0.2000000030
28028  41.424  -45.926  -13.122 0.4000000060
24961  34.836  -48.345  -14.191 0.4000000060
25996  34.016  -47.330  -15.391 0.2000000030
27092  35.137  -46.512  -19.621 0.2000000030
27093  34.765  -46.480  -19.138 0.2000000030
27068  34.477  -46.431  -18.604 0.2000000030
26029  33.888  -47.476  -17.472 0.2000000030
26983  40.831  -45.957  -13.200 0.3000000119
28027  42.356  -45.811  -12.890 0.2000000030
28047  41.856  -45.440  -13.560 0.3000000119
26938  44.528  -46.664  -11.811 0.2000000030
26961  44.818  -46.195  -12.323 0.2000000030
13754  40.358  -60.648  -21.487 0.1000000015
12918  39.636  -61.779  -22.500 0.1000000015
12894  40.570  -61.245  -22.063 0.1000000015
15414  36.376  -58.535  -19.373 0.1000000015
13753  41.668  -60.861  -21.517 0.1000000015
12102  40.125  -63.107  -23.464 0.1000000015
12893  41.511  -61.363  -22.141 0.1000000015
12917  40.798  -61.797  -22.580 0.1000000015
22894  46.100  -50.998  -10.908 0.1000000015
23897  45.715  -50.225  -10.666 0.1000000015
23922  47.389  -50.461  -12.026 0.1000000015
23923  46.851  -49.941  -11.456 0.1000000015
24907  45.770  -48.035  -11.184 0.1000000015
24906  46.641  -48.719  -11.460 0.1000000015
25916  45.341  -47.163  -11.643 0.1000000015
25915  46.225  -47.707  -11.815 0.1000000015
26960  45.780  -46.469  -12.556 0.1000000015
28026  43.331  -45.636  -12.671 0.1000000015
28046  42.813  -45.059  -13.406 0.2000000030
28024  45.166  -45.883  -12.868 0.1000000015
28044  44.709  -45.431  -13.558 0.2000000030
26985  39.317  -46.213  -13.257 0.2000000030
29124  43.814  -44.949  -14.377 0.2000000030
29111  42.868  -44.756  -14.114 0.2000000030
28065  41.411  -45.247  -14.346 0.2000000030
28048  40.823  -45.592  -13.591 0.2000000030
28079  43.197  -45.258  -15.402 0.2000000030
29126  42.656  -44.878  -14.667 0.2000000030
28066  40.385  -45.404  -14.497 0.2000000030
26986  38.205  -46.553  -13.200 0.2000000030
26998  37.506  -46.251  -13.777 0.2000000030
26988  36.422  -46.928  -13.527 0.2000000030
28071  35.493  -45.609  -14.561 0.1000000015
28077  44.986  -45.565  -15.242 0.2000000030
28067  39.398  -45.550  -14.640 0.2000000030
28051  38.038  -45.898  -13.924 0.2000000030
28069  37.530  -45.797  -14.562 0.1000000015
28085  37.449  -45.295  -15.397 0.1000000015
28070  36.544  -45.672  -14.605 0.1000000015
24884  46.291  -49.612  -10.965 0.1000000015
21893  46.189  -52.060  -10.937 0.1000000015
23896  46.375  -50.368  -11.077 0.1000000015
22916  46.876  -51.149  -11.484 0.1000000015
24905  47.265  -49.488  -12.015 0.1000000015
24921  46.746  -48.061  -12.105 0.1000000015
28045  43.794  -45.106  -13.266 0.2000000030
28081  41.052  -45.507  -15.361 0.2000000030
24095  37.337  -49.384  -21.535 0.2000000030
24080  36.080  -48.992  -20.575 0.2000000030
25091  36.948  -48.508  -21.084 0.2000000030
24109  38.172  -49.322  -21.961 0.2000000030
25090  37.728  -48.762  -21.588 0.2000000030
26098  36.243  -47.565  -20.478 0.2000000030
26117  36.992  -47.612  -21.102 0.2000000030
26097  36.687  -48.035  -20.772 0.2000000030
26134  38.541  -47.866  -21.981 0.2000000030
26077  35.250  -47.533  -19.738 0.2000000030
27129  37.228  -46.814  -21.309 0.1000000015
26116  37.768  -47.691  -21.591 0.2000000030
27111  36.144  -46.579  -20.640 0.2000000030
27112  35.611  -46.973  -20.231 0.2000000030
28190  37.805  -45.573  -21.855 0.1000000015
28191  37.305  -45.868  -21.435 0.1000000015
29236  36.765  -45.259  -21.129 0.1000000015
29249  38.890  -44.753  -22.494 0.1000000015
28207  39.415  -45.626  -22.628 0.1000000015
28061  45.366  -45.622  -14.441 0.1000000015
28158  35.245  -45.560  -19.637 0.1000000015
30275  36.816  -44.286  -21.244 0.1000000015
28173  36.175  -45.636  -20.688 0.1000000015
29234  38.047  -44.775  -22.092 0.1000000015
29235  37.397  -44.943  -21.554 0.1000000015
30287  39.191  -43.952  -22.761 0.1000000015
30273  38.414  -43.643  -22.264 0.1000000015
31394  40.168  -42.698  -22.721 0.1000000015
28078  44.156  -45.579  -15.571 0.1000000015
27023  46.144  -46.804  -16.075 0.1000000015
27009  45.721  -46.154  -15.435 0.1000000015
29171  34.167  -44.660  -17.673 0.1000000015
29210  34.788  -45.131  -19.122 0.1000000015
29220  36.173  -44.677  -20.772 0.1000000015
30259  35.655  -44.154  -20.236 0.1000000015
31380  37.757  -42.866  -21.666 0.1000000015
31395  39.290  -43.031  -22.527 0.1000000015
31379  38.661  -42.387  -21.906 0.1000000015
27025  44.217  -46.235  -16.665 0.1000000015
28080  42.226  -45.122  -15.191 0.1000000015
31326  35.203  -42.545  -18.514 0.1000000015
30227  34.550  -43.993  -18.218 0.1000000015
32477  36.399  -41.445  -19.565 0.1000000015
31345  35.520  -42.844  -19.296 0.1000000015
30245  35.351  -43.740  -19.492 0.1000000015
30246  34.830  -44.265  -18.983 0.1000000015
32497  36.837  -41.801  -20.301 0.1000000015
31363  35.830  -43.212  -20.081 0.1000000015
33657  38.017  -40.622  -20.108 0.1000000015
31361  37.323  -42.319  -20.952 0.1000000015
31381  36.959  -43.271  -21.243 0.1000000015
31362  36.499  -42.737  -20.574 0.1000000015
33670  39.281  -40.458  -20.773 0.1000000015
32495  38.449  -40.791  -20.510 0.1000000015
32510  38.045  -41.928  -21.363 0.1000000015
32509  39.034  -41.147  -21.108 0.1000000015
27026  43.158  -46.465  -16.786 0.1000000015
28097  42.654  -45.765  -16.168 0.1000000015
30207  34.508  -43.805  -17.398 0.1000000015
33639  38.286  -39.731  -19.770 0.1000000015
32476  37.220  -40.961  -19.884 0.1000000015
33656  38.831  -40.044  -20.320 0.1000000015
29153  34.187  -44.623  -16.721 0.1000000015
27145  38.467  -47.036  -22.181 0.1000000015
28208  38.501  -45.835  -22.281 0.1000000015
31378  39.680  -42.038  -22.056 0.1000000015
31327  34.684  -43.117  -17.986 0.1000000015
17265  38.490  -57.093  -27.123 0.1000000015
17254  39.919  -56.615  -26.752 0.1000000015
16388  38.995  -57.674  -27.742 0.1000000015
16399  36.439  -58.175  -28.523 0.1000000015
15548  36.026  -58.407  -29.162 0.1000000015
14742  32.745  -59.579  -29.863 0.1000000015
15573  31.368  -59.103  -29.616 0.1000000015
17256  37.713  -56.648  -26.562 0.1000000015
18159  39.345  -56.084  -26.301 0.1000000015
16398  37.385  -58.084  -28.481 0.1000000015
15549  35.276  -58.452  -28.962 0.1000000015
19112  40.038  -55.236  -26.051 0.1000000015
19100  39.385  -54.961  -25.662 0.1000000015
18148  37.965  -55.747  -25.737 0.1000000015
17257  36.492  -56.849  -26.270 0.1000000015
16390  36.726  -57.637  -27.735 0.1000000015
17264  39.499  -57.193  -27.205 0.1000000015
18149  37.108  -55.633  -25.330 0.1000000015
19111  40.779  -55.223  -26.251 0.1000000015
20077  40.656  -54.116  -25.299 0.1000000015
20050  42.119  -53.438  -24.823 0.1000000015
19097  42.376  -55.048  -25.879 0.1000000015
19098  41.249  -54.712  -25.854 0.1000000015
20049  43.215  -53.371  -24.794 0.1000000015
18147  38.875  -55.598  -25.866 0.1000000015
15563  30.524  -59.247  -29.680 0.1000000015
2092  26.950  -76.381  -12.012 0.1000000015
2485  27.476  -75.670  -11.067 0.1000000015
2497  27.658  -75.751  -11.821 0.1000000015
2511  28.089  -75.658  -13.013 0.1000000015
2524  29.902  -75.309  -14.191 0.1000000015
2543  30.952  -75.320  -15.356 0.1000000015
2546  27.949  -75.722  -14.391 0.1000000015
2548  26.821  -75.085  -14.324 0.1000000015
2565  30.300  -75.226  -15.403 0.1000000015
2957  27.032  -74.925  -9.430 0.1000000015
3021  33.174  -74.462  -14.694 0.1000000015
3023  31.438  -74.786  -14.272 0.1000000015
3025  29.584  -75.120  -13.778 0.1000000015
3047  32.808  -74.750  -15.116 0.1000000015
3050  26.459  -74.681  -14.452 0.1000000015
3051  26.016  -74.234  -14.815 0.1000000015
3065  32.395  -74.698  -15.455 0.1000000015
3067  30.536  -74.846  -15.655 0.1000000015
3559  27.537  -74.013  -11.122 0.1000000015
3594  29.818  -73.465  -13.196 0.1000000015
3611  34.034  -73.454  -14.499 0.1000000015
3612  33.771  -73.870  -14.560 0.1000000015
3634  32.553  -73.631  -15.495 0.1000000015
3636  30.367  -73.371  -15.320 0.1000000015
3641  25.524  -73.669  -14.696 0.1000000015
3649  33.399  -74.055  -15.604 0.1000000015
3651  31.932  -74.116  -15.654 0.1000000015
3658  24.994  -73.313  -15.012 0.1000000015
4239  28.441  -72.813  -11.549 0.1000000015
4258  31.086  -72.570  -12.828 0.1000000015
4271  35.209  -72.636  -14.330 0.1000000015
4276  30.893  -73.023  -13.284 0.1000000015
4277  29.522  -71.854  -14.066 0.1000000015
4289  36.004  -72.101  -14.852 0.1000000015
4298  27.652  -72.561  -14.670 0.1000000015
4314  36.038  -72.036  -15.083 0.1000000015
4316  35.375  -72.044  -15.258 0.1000000015
4317  33.497  -73.659  -15.352 0.1000000015
4318  33.134  -73.765  -15.570 0.1000000015
4319  31.664  -73.387  -15.354 0.1000000015
4906  30.194  -72.031  -8.656 0.1000000015
4921  34.092  -71.238  -8.854 0.1000000015
4928  27.532  -71.809  -8.713 0.1000000015
4968  29.748  -71.859  -11.512 0.1000000015
4991  29.808  -72.374  -12.291 0.1000000015
5006  36.195  -71.526  -14.073 0.1000000015
5010  29.572  -71.380  -13.830 0.1000000015
5022  35.927  -71.912  -14.360 0.1000000015
5032  25.582  -71.943  -15.040 0.1000000015
5043  35.829  -71.573  -15.266 0.1000000015
5047  23.941  -71.697  -15.206 0.1000000015
5735  32.518  -71.156  -10.412 0.1000000015
5757  32.707  -70.844  -10.952 0.1000000015
5773  36.360  -70.329  -12.670 0.1000000015
5776  33.646  -70.508  -12.000 0.1000000015
5789  37.243  -70.332  -14.044 0.1000000015
5810  35.118  -70.539  -15.053 0.1000000015
5816  27.110  -70.425  -14.118 0.1000000015
5832  37.029  -70.440  -15.455 0.1000000015
6543  34.062  -69.387  -11.965 0.1000000015
6556  37.446  -69.300  -12.981 0.1000000015
6576  32.674  -69.825  -14.289 0.1000000015
6577  31.843  -69.869  -14.146 0.1000000015
6598  36.226  -69.874  -15.420 0.1000000015
6603  32.460  -70.390  -14.371 0.1000000015
6625  36.145  -70.358  -15.378 0.1000000015
6715  31.576  -68.784  -20.329 0.1000000015
7348  38.611  -68.518  -14.285 0.1000000015
7349  38.304  -68.642  -13.595 0.1000000015
7371  39.383  -68.205  -15.601 0.1000000015
7396  39.424  -68.178  -16.122 0.1000000015
7415  39.279  -68.151  -16.585 0.1000000015
7438  31.258  -68.618  -17.649 0.1000000015
7480  31.746  -68.002  -20.122 0.1000000015
8068  33.818  -68.323  -10.758 0.1000000015
8085  34.215  -67.755  -11.671 0.1000000015
8110  37.194  -67.440  -13.013 0.1000000015
8111  33.119  -68.496  -14.106 0.1000000015
8132  32.340  -67.288  -14.153 0.1000000015
8148  40.369  -66.806  -16.872 0.1000000015
8151  38.327  -68.369  -16.104 0.1000000015
8172  39.601  -67.528  -16.869 0.1000000015
8178  26.960  -67.449  -17.393 0.1000000015
8198  40.106  -67.003  -17.352 0.1000000015
8199  39.983  -67.207  -17.256 0.1000000015
8312  39.531  -67.146  -24.903 0.1000000015
8381  36.772  -67.933  -28.814 0.1000000015
8929  40.516  -66.241  -16.721 0.1000000015
8936  32.091  -66.167  -15.228 0.1000000015
8937  31.535  -66.295  -15.708 0.1000000015
8977  39.843  -66.858  -17.369 0.1000000015
9007  33.569  -66.339  -19.238 0.1000000015
9117  39.071  -66.572  -26.378 0.1000000015
9143  38.539  -66.112  -28.605 0.1000000015
9627  36.407  -66.236  -12.936 0.1000000015
9681  41.412  -65.398  -17.563 0.1000000015
9682  41.053  -65.780  -17.126 0.1000000015
9690  31.866  -66.115  -16.094 0.1000000015
9702  41.241  -65.405  -17.873 0.1000000015
9705  39.449  -65.968  -17.523 0.1000000015
9726  41.332  -65.247  -18.000 0.1000000015
9727  41.074  -65.390  -18.086 0.1000000015
9728  40.598  -65.470  -18.161 0.1000000015
9746  36.506  -65.484  -19.248 0.1000000015
9827  40.771  -65.447  -25.230 0.2000000030
9854  40.286  -65.731  -25.531 0.2000000030
9871  39.964  -65.673  -26.420 0.2000000030
9903  38.817  -65.749  -29.032 0.2000000030
9917  38.952  -65.098  -29.455 0.2000000030
9918  38.569  -65.584  -29.763 0.2000000030
9929  38.333  -65.350  -30.138 0.1000000015
10394  35.498  -64.765  -12.723 0.1000000015
10434  41.839  -65.035  -17.415 0.1000000015
10442  41.461  -65.153  -17.858 0.1000000015
10443  41.309  -64.980  -18.123 0.1000000015
10444  40.853  -64.853  -18.335 0.1000000015
10454  41.168  -65.173  -18.171 0.1000000015
10573  41.644  -64.083  -25.814 0.2000000030
10574  41.278  -64.562  -25.792 0.2000000030
10590  40.948  -64.370  -26.499 0.2000000030
10592  39.421  -64.162  -27.289 0.1000000015
10607  39.745  -64.422  -27.504 0.1000000015
10650  38.499  -65.178  -30.045 0.1000000015
11140  39.882  -63.288  -15.441 0.1000000015
11159  41.861  -64.582  -17.239 0.1000000015
11176  41.329  -64.685  -17.804 0.1000000015
11183  33.908  -62.975  -17.943 0.1000000015
11271  42.625  -62.989  -24.810 0.2000000030
11294  40.897  -64.275  -24.140 0.2000000030
11308  42.174  -62.908  -25.653 0.2000000030
11311  39.244  -63.462  -26.339 0.1000000015
11313  37.395  -63.353  -26.060 0.1000000015
11331  39.776  -63.804  -27.014 0.1000000015
11334  36.887  -63.482  -26.696 0.1000000015
11350  39.945  -64.070  -27.313 0.1000000015
11990  36.391  -63.227  -16.150 0.1000000015
11991  35.877  -63.140  -16.219 0.1000000015
11993  34.398  -62.421  -16.410 0.1000000015
12119  42.747  -62.223  -25.032 0.2000000030
12138  42.284  -62.546  -25.432 0.2000000030
12145  35.904  -62.431  -25.718 0.1000000015
12163  41.424  -63.127  -26.247 0.2000000030
12164  41.073  -63.313  -26.439 0.1000000015
12183  34.133  -62.460  -27.209 0.1000000015
12775  34.048  -61.104  -13.999 0.1000000015
12783  36.579  -61.940  -14.037 0.1000000015
12795  33.830  -61.624  -15.515 0.1000000015
12796  33.419  -61.322  -15.794 0.1000000015
12960  36.771  -62.061  -24.703 0.1000000015
12962  35.130  -61.410  -24.839 0.2000000030
12978  36.142  -62.163  -25.132 0.1000000015
12980  34.636  -61.580  -25.536 0.2000000030
12996  34.202  -61.671  -26.262 0.2000000030
13778  42.988  -60.715  -22.381 0.4000000060
13779  42.297  -61.129  -21.998 0.3000000119
13795  42.426  -60.609  -23.430 0.2000000030
13797  40.463  -60.538  -23.559 0.1000000015
13821  34.049  -60.344  -25.051 0.2000000030
13837  33.862  -60.455  -25.767 0.2000000030
14476  32.820  -58.834  -13.141 0.1000000015
14559  43.767  -59.286  -19.937 0.4000000060
14562  38.190  -59.063  -19.834 0.2000000030
14579  43.754  -59.298  -20.445 0.3000000119
14582  40.858  -59.405  -20.179 0.3000000119
14603  43.513  -59.480  -21.430 0.3000000119
14623  43.500  -59.912  -21.968 0.3000000119
14625  42.356  -59.561  -22.741 0.3000000119
14626  41.105  -59.512  -22.713 0.1000000015
14627  39.664  -59.734  -22.830 0.1000000015
14632  34.375  -59.198  -23.058 0.1000000015
14646  43.094  -60.324  -22.769 0.2000000030
14648  42.140  -59.961  -23.187 0.4000000060
14655  33.752  -59.178  -24.201 0.2000000030
15379  42.253  -57.977  -17.743 0.4000000060
15392  41.860  -58.249  -18.326 0.4000000060
15407  44.063  -58.812  -19.751 0.3000000119
15415  35.426  -58.631  -19.289 0.2000000030
15438  43.530  -58.904  -21.356 0.3000000119
15442  40.041  -58.507  -21.920 0.2000000030
15458  42.896  -58.960  -22.005 0.4000000060
15466  34.426  -58.599  -22.693 0.1000000015
15476  34.118  -58.919  -23.239 0.1000000015
15558  35.433  -58.321  -29.548 0.1000000015
15562  31.094  -58.628  -29.537 0.1000000015
15572  32.381  -58.910  -29.573 0.1000000015
15574  30.992  -59.102  -29.677 0.1000000015
16085  38.022  -57.368  -5.578 0.1000000015
16086  37.314  -57.124  -5.762 0.1000000015
16122  35.950  -57.141  -7.578 0.1000000015
16217  43.072  -57.322  -16.912 0.4000000060
16235  43.363  -57.571  -17.702 0.4000000060
16236  43.099  -57.760  -17.460 0.4000000060
16254  43.629  -57.756  -18.358 0.4000000060
16287  37.051  -57.312  -20.665 0.1000000015
16299  40.940  -57.906  -21.291 0.3000000119
16317  34.103  -57.505  -22.789 0.1000000015
16318  33.833  -58.115  -23.345 0.2000000030
16336  33.739  -57.979  -23.830 0.2000000030
16353  34.461  -57.428  -24.806 0.1000000015
16379  37.510  -57.073  -26.991 0.1000000015
16380  37.023  -57.163  -26.978 0.1000000015
16389  37.810  -57.404  -27.457 0.1000000015
16391  35.846  -57.919  -27.892 0.1000000015
16974  36.642  -55.879  -4.944 0.1000000015
16994  36.530  -56.435  -5.595 0.1000000015
16995  35.830  -56.128  -5.952 0.1000000015
17040  34.482  -55.960  -8.492 0.1000000015
17133  43.325  -57.066  -17.230 0.4000000060
17161  43.397  -57.293  -18.357 0.4000000060
17186  40.323  -56.777  -20.205 0.3000000119
17189  37.448  -56.811  -20.313 0.1000000015
17190  36.521  -56.594  -20.381 0.1000000015
17199  35.020  -56.605  -21.132 0.1000000015
17241  37.401  -56.104  -25.799 0.1000000015
17244  34.972  -57.062  -25.023 0.1000000015
17255  38.918  -56.632  -26.683 0.1000000015
17266  38.000  -57.032  -27.057 0.1000000015
17916  34.856  -55.737  -7.152 0.1000000015
17994  42.118  -54.823  -14.803 0.5000000000
17995  41.571  -54.824  -14.660 0.5000000000
18054  42.025  -55.237  -17.193 0.4000000060
18083  41.565  -55.731  -18.650 0.4000000060
18089  35.748  -55.298  -19.892 0.1000000015
18098  35.411  -55.626  -20.357 0.2000000030
18127  35.293  -55.068  -24.188 0.2000000030
18146  39.564  -55.537  -26.066 0.1000000015
18150  36.386  -55.879  -25.172 0.1000000015
18158  40.251  -55.860  -26.421 0.1000000015
18160  38.558  -56.160  -26.192 0.1000000015
18789  37.430  -54.161  -3.041 0.1000000015
18811  35.954  -54.943  -4.328 0.1000000015
18824  35.236  -54.995  -5.442 0.1000000015
18837  33.970  -53.837  -7.069 0.1000000015
18851  33.687  -54.055  -7.636 0.1000000015
18867  46.590  -54.444  -9.478 0.1000000015
18874  33.315  -54.049  -8.356 0.1000000015
18889  47.973  -54.223  -9.951 0.1000000015
18890  47.611  -54.445  -9.894 0.1000000015
18893  44.805  -54.550  -9.807 0.2000000030
18896  41.831  -53.938  -9.429 0.3000000119
18897  41.351  -53.821  -9.463 0.4000000060
18899  32.731  -54.028  -9.773 0.1000000015
18904  47.458  -54.571  -10.383 0.1000000015
18906  45.722  -54.472  -10.093 0.2000000030
18918  46.991  -54.441  -10.799 0.1000000015
18950  40.104  -54.162  -14.365 0.5000000000
18987  39.946  -53.953  -18.167 0.4000000060
19002  40.503  -54.853  -18.429 0.3000000119
19004  39.276  -54.227  -18.841 0.3000000119
19021  40.241  -54.835  -18.780 0.4000000060
19023  39.017  -54.773  -19.269 0.3000000119
19026  35.809  -54.722  -19.481 0.2000000030
19027  35.116  -54.462  -19.789 0.2000000030
19087  36.487  -54.627  -24.528 0.2000000030
19088  35.779  -54.506  -24.201 0.2000000030
19099  40.284  -54.719  -25.746 0.1000000015
19101  38.465  -54.996  -25.475 0.2000000030
19102  37.643  -54.986  -25.245 0.1000000015
19103  37.022  -55.003  -24.912 0.1000000015
19110  41.655  -55.347  -26.264 0.1000000015
19769  35.274  -53.439  -4.300 0.1000000015
19804  40.363  -53.330  -8.083 0.3000000119
19805  39.786  -53.114  -8.002 0.2000000030
19821  47.385  -53.633  -9.315 0.1000000015
19825  43.577  -54.235  -8.491 0.2000000030
19830  39.167  -53.005  -8.776 0.2000000030
19831  32.916  -53.354  -8.824 0.2000000030
19832  32.706  -53.236  -9.337 0.2000000030
19851  48.209  -53.915  -10.071 0.1000000015
19852  47.850  -53.852  -9.684 0.1000000015
19853  47.313  -54.245  -9.508 0.1000000015
19858  40.854  -53.637  -9.473 0.4000000060
19870  48.504  -53.817  -10.617 0.1000000015
19872  45.520  -54.025  -10.250 0.2000000030
19874  32.449  -53.125  -10.622 0.4000000060
19897  41.419  -52.629  -13.816 0.5000000000
19950  41.028  -53.260  -16.647 0.5000000000
19961  36.735  -53.030  -17.999 0.4000000060
20030  35.856  -53.461  -23.762 0.2000000030
20031  35.160  -53.869  -23.312 0.2000000030
20054  37.800  -53.617  -24.662 0.2000000030
20056  36.185  -54.030  -24.237 0.2000000030
20075  42.852  -54.245  -25.246 0.1000000015
20076  41.722  -54.208  -25.260 0.1000000015
20736  37.544  -52.179  -2.425 0.1000000015
20771  35.056  -52.876  -4.675 0.1000000015
20776  35.153  -52.232  -4.793 0.1000000015
20822  44.494  -53.051  -7.977 0.2000000030
20824  38.642  -52.731  -8.704 0.4000000060
20853  38.370  -52.467  -9.586 0.5000000000
20854  37.953  -52.445  -9.137 0.4000000060
20870  44.656  -53.224  -10.247 0.2000000030
20881  32.406  -52.627  -11.968 0.3000000119
20898  42.181  -51.944  -13.985 0.4000000060
20918  41.998  -52.645  -14.205 0.4000000060
20920  39.713  -52.670  -14.156 0.5000000000
20942  42.324  -52.210  -15.296 0.5000000000
20943  40.880  -51.912  -15.941 0.5000000000
20963  38.383  -52.218  -16.863 0.4000000060
20976  39.745  -52.693  -17.122 0.5000000000
20980  35.561  -52.204  -17.650 0.5000000000
20981  34.901  -51.822  -17.602 0.4000000060
20992  36.426  -53.040  -17.985 0.4000000060
20995  33.993  -51.795  -18.632 0.4000000060
21007  34.240  -52.693  -19.319 0.4000000060
21060  37.850  -52.357  -23.943 0.3000000119
21083  42.418  -52.650  -24.411 0.2000000030
21084  41.451  -52.751  -24.344 0.2000000030
21086  39.379  -52.857  -24.389 0.2000000030
21735  36.588  -51.822  -3.050 0.1000000015
21757  36.355  -51.382  -3.647 0.1000000015
21789  34.553  -52.138  -5.708 0.1000000015
21812  43.981  -51.762  -7.581 0.1000000015
21821  34.274  -51.343  -7.232 0.2000000030
21835  47.259  -51.837  -8.975 0.2000000030
21839  37.636  -51.742  -8.218 0.3000000119
21841  34.081  -51.122  -7.801 0.2000000030
21869  41.573  -52.196  -9.589 0.4000000060
21872  38.783  -52.124  -9.952 0.5000000000
21899  37.258  -51.122  -9.644 0.4000000060
21922  33.038  -51.500  -12.901 0.5000000000
21936  39.297  -51.384  -13.466 0.6000000238
21939  36.093  -51.422  -13.645 0.5000000000
21943  32.875  -51.964  -13.084 0.4000000060
21952  42.068  -51.125  -14.777 0.5000000000
21967  40.927  -51.495  -15.755 0.5000000000
21969  38.747  -51.504  -15.862 0.4000000060
21987  41.408  -51.860  -15.839 0.5000000000
22011  37.016  -51.935  -17.182 0.4000000060
22014  34.645  -51.222  -17.180 0.3000000119
22015  34.203  -51.095  -17.565 0.4000000060
22032  34.017  -51.330  -18.195 0.4000000060
22046  33.958  -50.910  -19.480 0.3000000119
22047  33.839  -51.293  -19.068 0.3000000119
22056  33.844  -51.713  -19.424 0.3000000119
22063  34.606  -51.561  -21.038 0.2000000030
22069  37.187  -51.038  -22.843 0.2000000030
22077  43.354  -51.058  -23.821 0.1000000015
22079  41.371  -51.476  -23.348 0.2000000030
22081  39.259  -51.449  -23.347 0.3000000119
22085  35.846  -51.885  -22.897 0.2000000030
22746  37.832  -50.603  -2.819 0.1000000015
22764  37.361  -50.474  -3.302 0.1000000015
22806  35.457  -50.863  -6.556 0.2000000030
22847  41.623  -50.328  -7.695 0.1000000015
22851  33.762  -50.761  -8.762 0.2000000030
22866  48.787  -50.457  -9.752 0.1000000015
22868  44.793  -51.547  -10.142 0.4000000060
22869  44.225  -51.247  -9.862 0.5000000000
22875  36.456  -50.664  -9.515 0.4000000060
22896  44.805  -51.055  -9.997 0.5000000000
22898  39.427  -50.708  -10.201 0.5000000000
22903  34.488  -49.872  -9.998 0.4000000060
22918  33.849  -50.023  -11.489 0.5000000000
22931  38.888  -50.074  -12.609 0.5000000000
22937  32.801  -51.326  -12.321 0.4000000060
22955  34.293  -50.890  -13.233 0.5000000000
22956  33.574  -51.292  -13.207 0.5000000000
22970  41.478  -50.353  -14.654 0.5000000000
22973  36.154  -49.970  -14.844 0.4000000060
22974  35.797  -49.908  -14.923 0.4000000060
22992  35.225  -50.017  -15.527 0.4000000060
23005  37.208  -51.260  -16.315 0.4000000060
23008  34.440  -50.351  -16.513 0.4000000060
23054  34.226  -50.355  -19.675 0.3000000119
23069  35.210  -50.093  -20.603 0.3000000119
23079  37.281  -50.046  -21.836 0.3000000119
23086  40.438  -50.253  -22.765 0.2000000030
23091  36.095  -50.690  -22.007 0.2000000030
23094  43.371  -50.480  -23.800 0.1000000015
23097  40.805  -50.807  -23.046 0.2000000030
23759  38.282  -49.903  -2.968 0.1000000015
23809  37.146  -49.509  -5.922 0.2000000030
23833  44.023  -50.143  -7.968 0.1000000015
23834  43.542  -49.943  -7.943 0.1000000015
23856  42.116  -49.921  -7.835 0.1000000015
23880  35.761  -50.118  -9.919 0.4000000060
23881  35.458  -49.945  -9.901 0.4000000060
23925  41.548  -48.959  -11.381 0.5000000000
23929  37.541  -49.753  -11.203 0.5000000000
23932  34.614  -49.694  -11.526 0.5000000000
23939  42.050  -49.180  -12.503 0.4000000060
23954  42.193  -49.186  -13.985 0.4000000060
23957  36.405  -49.041  -14.027 0.4000000060
23989  37.552  -50.071  -15.110 0.4000000060
23991  34.761  -49.579  -15.408 0.4000000060
23993  33.803  -48.763  -16.082 0.3000000119
24007  33.805  -49.346  -16.539 0.3000000119
24094  37.756  -49.163  -21.696 0.2000000030
24096  36.343  -49.305  -20.899 0.2000000030
24106  40.909  -49.821  -22.833 0.2000000030
24107  40.203  -49.523  -22.526 0.3000000119
24110  37.656  -49.771  -21.873 0.2000000030
24124  43.903  -49.299  -24.203 0.1000000015
24826  43.529  -49.493  -7.990 0.1000000015
24865  48.401  -49.089  -9.948 0.1000000015
24889  41.894  -48.604  -11.050 0.5000000000
24908  42.247  -48.458  -11.669 0.5000000000
24924  38.362  -48.052  -12.978 0.4000000060
24935  41.869  -48.740  -13.656 0.4000000060
24941  35.464  -48.188  -13.736 0.4000000060
24942  35.160  -47.942  -13.819 0.4000000060
24959  36.145  -49.003  -14.049 0.4000000060
24977  33.902  -48.194  -15.791 0.3000000119
25036  34.260  -48.328  -18.771 0.2000000030
25056  35.100  -48.465  -19.760 0.3000000119
25057  34.666  -47.994  -19.208 0.3000000119
25076  36.663  -48.363  -20.828 0.2000000030
25077  36.355  -48.551  -20.596 0.2000000030
25078  35.765  -48.147  -20.068 0.3000000119
25092  36.572  -48.803  -20.835 0.2000000030
25102  38.926  -48.518  -22.112 0.2000000030
25103  38.245  -48.435  -21.836 0.2000000030
25115  40.566  -48.478  -22.783 0.2000000030
25842  36.558  -47.024  -7.188 0.2000000030
25865  37.509  -46.981  -8.129 0.1000000015
25917  44.305  -47.172  -11.157 0.3000000119
25940  46.020  -47.141  -12.123 0.1000000015
25946  38.184  -47.375  -12.871 0.3000000119
25968  35.816  -47.508  -13.588 0.4000000060
25981  35.579  -47.156  -13.794 0.4000000060
25982  35.211  -47.391  -13.969 0.4000000060
25995  34.547  -47.360  -14.636 0.3000000119
26051  34.275  -47.484  -18.336 0.2000000030
26052  34.012  -47.739  -17.989 0.2000000030
26099  35.719  -47.563  -20.135 0.2000000030
26118  36.653  -47.576  -20.821 0.2000000030
26145  41.191  -47.683  -23.370 0.2000000030
26937  45.117  -46.604  -12.071 0.1000000015
26939  43.704  -46.816  -11.671 0.2000000030
26965  40.900  -46.512  -13.073 0.4000000060
26966  39.922  -46.691  -13.068 0.3000000119
26984  40.245  -46.035  -13.261 0.3000000119
26987  37.182  -46.832  -13.436 0.2000000030
26997  46.198  -46.278  -14.336 0.1000000015
26999  36.801  -46.340  -13.958 0.2000000030
27010  44.920  -45.939  -15.955 0.1000000015
27024  45.311  -46.673  -16.569 0.1000000015
27050  34.119  -46.776  -17.934 0.2000000030
27128  37.837  -46.469  -21.801 0.1000000015
27130  36.658  -47.062  -20.922 0.2000000030
27909  38.422  -45.371  -4.127 0.1000000015
27976  45.661  -45.742  -9.538 0.1000000015
28023  45.546  -46.066  -12.930 0.1000000015
28025  44.313  -45.614  -12.702 0.1000000015
28049  39.791  -45.635  -13.749 0.2000000030
28050  38.817  -45.798  -13.818 0.2000000030
28062  44.443  -45.260  -14.573 0.2000000030
28063  43.779  -45.163  -14.908 0.2000000030
28064  42.284  -44.980  -14.173 0.2000000030
28068  38.478  -45.696  -14.705 0.2000000030
28089  33.821  -45.841  -16.266 0.2000000030
28096  43.482  -45.818  -16.158 0.1000000015
28105  33.765  -45.727  -16.871 0.2000000030
28120  34.039  -45.689  -17.958 0.1000000015
28121  33.827  -45.734  -17.364 0.2000000030
28139  34.465  -45.602  -18.679 0.2000000030
28159  34.778  -45.942  -19.157 0.2000000030
28174  35.612  -46.055  -20.235 0.2000000030
28192  36.720  -46.197  -21.027 0.1000000015
28206  39.996  -45.550  -22.936 0.2000000030
28221  40.576  -45.874  -23.228 0.2000000030
29109  44.096  -44.954  -13.907 0.2000000030
29110  43.449  -44.786  -13.903 0.2000000030
29125  43.235  -44.865  -14.628 0.2000000030
29136  42.783  -44.914  -14.994 0.2000000030
29137  42.541  -44.937  -14.948 0.2000000030
29154  33.853  -45.191  -16.797 0.2000000030
29209  35.291  -44.652  -19.591 0.1000000015
29221  35.677  -45.110  -20.211 0.1000000015
29257  42.455  -44.448  -23.747 0.1000000015
30226  34.941  -43.376  -18.782 0.1000000015
30258  36.203  -43.685  -20.815 0.1000000015
30274  37.564  -43.953  -21.674 0.1000000015
30285  40.636  -43.309  -23.174 0.1000000015
30299  40.445  -43.994  -23.290 0.1000000015
31306  35.139  -42.448  -17.676 0.1000000015
31344  36.034  -42.274  -19.887 0.1000000015
31405  41.989  -42.872  -23.296 0.1000000015
32232  35.243  -41.985  -6.689 0.1000000015
32496  37.830  -41.340  -20.621 0.1000000015
34907  38.346  -39.202  -19.657 0.1000000015
